32 36 465
37 29 31
17 11 14
36 9 16
8 18 4
52 14 9
70 19 16
53 26 14
2 14 12
33 9 11
17 1 9
52 24 16
1 10 22
93 27 27
24 20 13
88 26 22
98 16 3
16 23 26
70 28 15
53 28 35
100 6 15
18 0 5
63 24 4
24 11 0
51 18 11
65 13 21
74 3 6
76 1 4
75 20 26
14 12 19
12 29 22
21 15 0
17 6 28
82 12 35
18 11 20
51 26 7
66 17 4
82 4 13
78 6 21
74 22 18
56 6 31
67 29 7
52 13 33
67 16 11
66 19 1
81 13 27
0 28 20
94 17 33
2 11 21
98 3 24
20 2 22
13 12 16
65 10 7
91 26 27
68 11 34
1 5 11
43 1 34
41 19 19
53 13 26
39 8 13
57 30 5
93 31 21
70 1 32
41 29 18
68 7 17
23 21 29
61 16 20
70 31 13
93 20 8
95 9 15
64 20 23
82 4 3
98 15 11
78 14 17
60 16 15
13 28 4
76 7 24
95 15 3
11 11 29
96 21 8
42 19 29
88 7 1
79 4 14
60 7 0
30 2 16
84 11 19
67 4 12
17 19 12
99 8 0
7 19 23
42 1 22
59 4 20
52 8 11
93 15 6
8 0 1
49 3 31
54 27 2
3 3 11
74 19 10
80 20 19
86 27 4
47 4 30
0 14 16
11 13 22
28 18 13
92 2 14
50 16 0
8 19 35
7 19 7
74 9 3
69 17 11
89 6 18
86 7 35
78 15 10
42 5 5
19 17 16
6 9 20
84 4 6
12 17 6
60 9 8
69 16 6
100 30 20
73 18 2
27 9 21
15 18 21
61 21 21
31 3 28
89 30 16
8 8 25
81 29 11
8 5 21
71 11 35
37 25 0
6 8 9
10 14 35
77 31 23
27 13 23
57 27 25
42 3 23
81 9 14
76 9 35
85 0 34
39 7 29
11 11 4
32 11 25
46 31 11
52 24 32
50 0 27
23 24 14
88 27 17
38 23 13
5 7 32
22 31 5
56 25 11
57 20 12
48 31 19
46 14 25
16 31 29
80 5 19
55 29 12
97 0 11
93 28 5
53 30 11
22 23 35
35 3 9
8 5 12
81 4 33
71 8 5
87 0 18
22 0 28
19 1 11
78 3 8
33 19 18
25 26 2
89 2 32
52 21 7
79 31 18
80 1 5
81 23 23
8 9 29
66 2 5
72 1 33
60 26 9
27 1 13
45 19 26
56 22 32
92 6 3
14 25 34
47 9 5
10 9 17
37 22 15
8 9 24
44 29 23
100 19 15
81 20 16
39 24 26
57 24 6
84 26 17
96 16 24
26 7 19
12 17 14
32 19 8
100 12 12
76 8 17
36 12 6
46 18 18
17 24 12
7 9 22
32 31 20
47 19 14
61 27 16
91 7 4
87 7 23
15 17 15
55 29 20
35 6 20
57 29 0
63 7 22
52 20 11
6 27 5
69 8 12
89 12 11
56 23 10
63 13 11
82 4 0
53 15 21
86 17 0
40 15 30
12 29 15
86 31 17
68 7 2
84 23 2
13 26 20
81 18 32
80 20 29
37 4 19
28 27 1
100 26 24
87 18 17
48 16 8
39 29 6
4 23 27
44 26 1
12 27 10
96 25 1
70 24 29
32 21 35
22 25 21
77 17 21
27 23 8
34 21 11
52 24 8
65 3 16
24 13 32
95 10 16
21 24 23
1 30 13
21 27 32
74 27 24
68 23 33
17 24 2
30 10 35
57 22 22
28 7 13
99 27 23
20 14 14
42 18 1
63 12 15
7 16 35
91 25 23
57 11 12
55 7 30
22 22 7
56 23 15
13 22 14
7 28 18
35 11 3
97 22 26
52 30 25
45 17 31
81 6 0
17 5 8
55 9 12
41 21 16
93 2 34
9 8 4
60 12 7
64 31 30
6 27 6
23 11 11
20 28 10
62 4 22
99 2 17
65 13 34
35 10 20
25 15 22
61 4 35
76 10 24
30 23 30
83 8 14
17 3 27
7 3 4
15 6 5
58 7 7
48 25 22
47 7 12
1 10 19
1 3 15
91 19 28
41 4 23
68 22 33
23 29 25
27 7 3
59 12 29
74 6 27
60 2 12
45 30 28
46 15 4
34 13 14
36 6 23
55 1 20
34 15 27
42 2 25
34 20 3
35 21 1
93 0 7
67 31 34
39 31 32
15 3 32
83 3 22
62 10 28
52 12 8
53 23 11
2 15 20
14 21 24
89 25 26
18 14 20
69 28 3
94 9 34
89 0 16
38 13 0
87 8 22
84 3 21
40 11 22
31 13 16
2 10 33
46 30 10
48 3 35
67 22 21
97 27 20
71 13 6
23 23 29
27 28 32
45 2 13
76 8 31
20 6 32
72 22 29
3 11 7
6 21 34
38 10 14
77 4 11
27 14 19
51 11 16
1 2 3
75 25 10
59 23 9
0 5 6
98 18 26
27 23 18
1 26 0
32 8 18
24 4 8
44 20 35
3 6 25
76 29 21
20 17 23
68 2 0
51 26 10
22 5 17
84 12 1
76 3 25
86 27 7
88 24 3
9 18 29
66 12 24
22 19 31
25 5 20
86 30 15
17 13 25
66 0 9
15 6 12
3 19 32
50 13 31
39 18 20
75 20 10
91 29 4
63 25 29
18 23 17
40 10 31
66 28 1
72 31 14
55 31 35
60 24 13
38 5 34
67 27 13
77 11 17
53 13 30
96 9 1
48 3 26
76 25 16
64 8 33
68 12 33
74 7 9
13 6 10
40 15 34
49 20 32
7 3 5
31 20 1
36 29 5
0 18 3
4 7 15
73 12 31
94 14 4
14 0 33
37 6 19
38 15 9
86 0 29
35 8 29
65 3 18
77 28 23
27 13 19
19 10 9
67 26 18
46 30 1
44 20 22
74 26 35
57 16 31
32 16 16
79 16 1
48 12 34
37 15 28
92 24 34
72 31 25
8 6 4
9 24 10
55 31 12
45 15 32
17 12 2
15 30 30
27 22 11
68 1 27
21 2 31
70 18 34
46 20 20
52 26 5
3 2 11
50 20 33
71 30 17
48 4 21
57 2 30
20 25 32
35 1 31
88 7 31
9 22 12
36 24 11
89 21 33
