839 671 8168
75 35 646
1 622 446
30 405 28
27 412 186
36 434 154
44 694 445
26 632 497
90 685 427
10 597 37
25 43 491
46 250 24
8 73 48
93 432 386
78 327 426
34 702 543
55 515 273
81 8 160
26 191 489
79 24 144
51 297 661
79 508 255
99 151 580
37 365 611
49 431 453
63 20 346
18 223 224
67 721 184
86 677 132
81 119 6
11 790 34
71 518 530
7 535 529
76 19 17
16 67 54
34 764 359
35 12 225
27 710 409
44 242 629
14 582 581
79 423 549
70 294 614
91 594 180
12 773 524
25 37 623
25 578 70
73 242 262
82 809 557
72 633 346
54 99 398
67 584 253
40 204 49
95 223 105
63 406 533
93 587 354
41 182 47
23 558 350
21 202 584
72 296 274
34 180 268
59 634 619
23 658 116
68 605 465
36 333 187
83 230 382
31 491 517
59 48 627
6 362 285
78 94 277
95 461 91
67 815 398
0 717 51
82 96 98
52 102 619
24 246 483
73 46 405
50 596 518
97 689 131
35 691 206
85 350 249
16 815 78
42 37 236
41 269 570
43 368 500
37 233 615
15 43 454
85 793 30
23 736 597
56 252 645
87 186 428
4 148 654
83 692 358
29 79 344
40 293 130
43 484 472
51 437 217
75 725 572
88 485 296
73 822 569
0 340 40
97 260 445
95 800 163
41 230 247
3 574 502
52 523 270
20 757 626
97 423 591
98 126 646
18 174 251
11 623 581
29 137 334
62 390 250
12 314 610
26 619 506
82 812 608
15 154 167
2 369 418
17 33 1
15 409 1
45 64 191
38 265 530
18 389 232
5 625 30
2 198 282
33 102 221
10 740 296
26 487 163
7 612 425
55 601 619
4 354 221
24 812 153
97 599 290
87 426 347
88 120 127
48 476 71
17 118 261
47 660 616
77 410 574
64 393 297
67 431 104
89 225 294
91 681 351
15 131 61
85 791 259
99 377 648
89 582 217
67 412 357
98 759 161
96 294 300
53 837 646
35 238 228
56 600 30
88 95 39
14 78 192
31 6 549
75 695 85
6 796 440
65 479 624
98 424 285
77 725 345
55 755 223
57 620 639
21 418 91
25 564 77
20 812 499
61 324 479
99 562 516
10 247 550
72 13 450
51 99 605
54 555 84
82 119 585
81 407 255
94 427 369
59 55 299
80 33 551
74 728 92
65 242 662
95 144 370
37 453 153
17 459 10
32 190 421
87 259 171
60 442 502
28 404 75
3 199 125
49 162 244
69 190 669
7 535 86
12 39 650
93 552 202
73 177 594
79 236 13
24 503 181
32 610 649
76 419 14
43 234 114
42 295 261
16 196 396
65 15 651
37 633 461
39 90 217
61 445 258
30 681 373
13 472 631
49 454 175
88 277 215
2 681 31
1 800 182
53 257 30
100 94 485
35 762 457
94 45 511
27 228 485
40 536 584
59 194 318
50 275 81
55 546 308
42 688 0
53 239 474
87 709 292
32 581 656
47 579 273
80 777 263
21 51 657
97 291 172
100 353 289
86 260 612
5 427 166
73 80 331
27 363 600
78 775 616
19 173 274
92 542 116
26 46 430
9 188 360
73 665 658
45 49 106
63 497 648
44 735 531
96 96 103
3 794 114
22 506 98
29 225 472
36 606 288
84 366 606
94 107 376
37 819 240
24 33 407
86 328 15
93 629 622
44 575 645
25 791 368
92 802 340
63 461 606
70 7 463
45 170 436
87 627 434
31 346 550
97 629 507
18 144 571
19 814 10
98 631 536
96 774 395
78 825 538
0 435 379
66 317 602
44 758 430
31 726 358
2 755 96
94 456 311
42 352 1
19 103 463
34 353 236
82 498 574
36 349 25
74 38 299
4 463 2
24 722 199
25 277 478
44 55 149
72 730 278
62 163 150
98 550 270
19 593 610
88 75 41
82 532 529
18 445 93
29 184 388
72 29 374
91 419 449
57 713 215
76 565 571
93 141 625
84 609 484
69 692 280
44 285 601
39 387 268
98 374 25
97 185 335
13 317 94
42 753 6
81 266 46
2 389 399
27 52 338
55 396 279
88 734 655
68 267 420
89 565 398
58 677 119
31 41 506
82 3 101
39 85 266
19 748 437
51 545 624
14 500 541
87 3 623
98 207 406
6 509 503
45 354 655
57 636 357
4 399 318
20 780 469
75 481 328
4 238 291
10 397 38
64 139 300
6 351 19
42 235 225
36 439 615
30 394 580
44 87 97
60 373 84
95 291 144
31 259 234
31 479 33
81 728 670
82 505 97
7 688 420
7 113 545
86 445 339
55 803 641
84 361 643
35 567 239
45 446 60
95 199 617
3 26 489
15 529 152
69 135 298
36 110 276
39 251 527
26 258 386
32 777 110
25 608 236
57 221 345
31 115 456
48 630 409
29 467 166
79 316 206
78 83 26
50 545 41
51 69 246
54 601 305
34 744 515
3 834 322
11 814 533
23 759 377
31 828 239
31 636 265
32 711 38
23 514 474
78 686 177
67 379 302
20 632 653
96 84 494
83 622 169
66 82 306
78 76 422
53 737 581
5 760 87
98 682 181
81 130 181
39 405 73
89 765 435
27 102 621
46 641 496
68 36 77
36 543 132
13 753 75
57 717 201
98 612 402
19 522 589
62 134 654
39 636 128
11 729 492
2 705 345
76 605 256
89 61 181
93 190 330
55 377 595
78 450 163
30 435 199
58 334 413
10 581 213
6 407 436
41 491 231
51 646 274
19 821 504
56 518 417
3 522 170
36 432 98
28 262 237
4 664 188
41 89 557
5 625 422
56 505 495
30 601 149
76 357 136
1 406 64
39 418 594
83 626 331
69 161 637
98 637 603
35 98 53
5 315 584
39 343 19
77 656 179
85 551 220
97 404 360
67 717 390
59 710 290
52 94 603
98 89 502
18 675 297
29 654 14
78 568 49
78 793 298
69 743 386
41 423 555
95 244 77
18 289 395
10 410 42
18 159 254
59 544 145
39 581 388
89 63 366
36 466 670
35 675 540
17 786 622
36 760 555
21 386 299
27 134 420
70 704 35
11 239 64
7 440 148
98 737 351
71 437 313
40 208 233
38 623 98
92 484 135
42 529 50
1 703 106
62 366 564
13 157 330
80 218 627
73 33 28
63 806 507
70 695 219
65 156 310
73 800 626
81 632 561
55 671 482
63 689 229
77 783 177
48 271 216
84 283 527
56 245 664
84 639 505
31 691 407
93 344 139
58 212 186
43 398 9
54 830 130
79 834 610
48 347 604
87 664 656
68 259 82
7 788 268
1 440 127
22 89 343
56 341 352
25 737 142
39 670 404
5 282 59
70 430 510
26 268 332
78 373 427
27 413 389
24 435 245
43 776 614
61 246 407
13 269 483
100 625 429
12 807 386
58 177 86
44 415 411
47 559 88
22 98 341
23 312 114
73 370 127
95 781 455
4 121 543
96 139 493
37 490 284
36 361 170
15 676 116
92 488 90
24 577 237
18 92 123
29 538 417
62 540 465
43 82 181
43 621 152
84 629 185
100 86 129
78 50 156
82 302 528
50 727 341
46 52 561
27 625 560
0 820 582
32 12 663
93 59 618
76 10 366
3 544 456
12 166 222
1 203 36
67 787 301
40 329 550
61 396 666
64 63 362
28 728 469
8 457 61
49 693 172
43 645 203
17 417 622
87 12 194
100 461 48
69 765 469
70 706 172
66 464 629
43 767 655
35 652 58
82 281 372
48 812 161
84 523 569
47 206 285
2 22 8
14 387 279
51 592 456
59 109 272
14 118 375
39 163 185
60 82 82
70 827 498
50 338 118
23 627 465
19 483 97
77 205 251
46 701 475
72 806 543
33 111 163
92 542 578
60 333 581
37 294 73
23 381 606
99 1 195
36 12 456
94 402 174
14 815 166
64 740 139
24 481 654
23 55 107
15 498 396
26 106 413
65 831 103
27 765 317
69 15 234
79 388 506
36 511 331
86 252 456
60 75 49
11 617 448
31 99 346
57 354 331
89 561 75
95 235 377
50 474 162
54 13 438
58 286 619
66 453 400
88 143 27
31 795 541
14 357 480
67 396 365
84 565 144
69 3 305
5 48 322
7 19 202
65 61 554
63 499 643
51 730 445
100 2 4
10 663 392
37 466 513
29 819 258
23 454 256
16 174 293
23 569 69
90 535 374
46 511 88
92 350 16
5 776 95
89 70 350
6 815 333
36 72 202
76 600 327
26 779 619
39 699 401
83 13 73
65 249 61
64 362 155
68 571 383
67 3 388
42 328 552
35 267 303
82 555 11
79 587 345
11 124 569
89 806 459
47 517 302
20 751 242
81 28 495
65 503 205
40 657 233
16 431 296
62 804 108
51 182 566
69 212 339
44 586 39
71 656 113
96 21 323
8 584 604
45 178 131
87 716 266
53 241 654
80 500 166
4 457 663
48 566 340
9 589 469
45 743 224
19 284 343
86 323 342
78 505 282
63 759 538
45 297 414
68 745 38
39 53 138
50 668 550
85 621 614
39 287 330
29 184 100
22 284 165
47 242 461
9 415 304
41 821 62
78 601 240
7 457 600
33 225 344
23 701 192
20 498 50
10 694 402
88 544 148
6 260 341
2 257 602
97 118 65
36 630 41
70 752 297
64 806 474
64 349 401
35 799 588
55 142 77
44 483 264
48 283 436
20 687 174
48 383 665
15 67 563
33 13 171
63 320 126
30 137 663
57 788 71
90 27 557
38 40 563
51 347 214
72 659 301
13 439 58
14 585 595
81 778 575
17 778 58
30 228 19
61 620 260
36 291 12
61 563 644
58 603 588
46 190 160
44 128 47
50 300 105
56 544 570
92 397 446
65 450 514
46 129 243
24 671 547
46 128 422
62 23 642
50 304 431
70 594 514
19 567 182
80 582 500
94 255 377
69 558 161
56 58 604
11 710 403
54 539 309
38 723 202
77 800 391
69 388 583
13 476 156
97 646 17
1 310 29
75 76 631
81 649 534
21 128 407
16 658 145
70 31 627
18 428 160
77 666 107
1 819 534
40 223 514
86 337 321
74 212 379
37 207 66
54 345 220
50 532 280
46 230 649
72 60 204
17 580 487
15 69 392
91 134 427
24 495 339
26 799 382
10 42 582
24 198 424
61 163 85
18 35 88
46 404 141
26 451 234
25 625 509
47 254 153
39 139 15
44 112 382
43 511 581
88 153 567
21 302 92
94 70 351
82 29 440
63 51 414
57 258 373
74 442 129
72 811 422
87 82 326
65 446 282
86 315 377
77 808 63
42 734 500
17 533 410
38 607 262
69 577 376
96 95 124
6 315 102
93 292 561
50 515 517
97 241 330
82 572 561
1 409 509
14 704 642
78 761 329
52 800 147
15 213 219
97 264 439
88 324 482
17 48 446
100 685 204
68 755 10
26 637 23
84 188 237
16 30 449
29 727 232
77 728 233
74 191 291
8 326 422
16 125 106
82 288 298
24 91 614
100 140 472
57 776 524
36 778 239
54 526 308
47 456 40
39 811 351
3 481 10
38 794 441
10 380 242
37 734 299
37 609 65
96 374 370
33 309 659
95 41 56
87 95 668
46 652 640
22 782 129
54 512 431
45 700 530
87 86 39
70 142 305
20 549 481
37 263 637
67 391 303
75 525 264
6 225 260
68 599 528
47 2 105
9 450 62
42 354 173
96 646 378
63 646 529
26 150 558
2 57 416
88 228 593
75 117 465
30 45 48
65 346 465
78 82 322
27 311 621
55 631 502
1 1 405
82 587 181
45 281 519
88 781 545
86 513 649
18 252 569
0 617 146
11 810 118
89 668 287
62 146 77
6 426 18
95 595 186
16 336 598
12 232 141
44 274 99
25 577 506
34 723 64
30 178 244
62 19 346
96 809 391
89 318 125
51 687 4
61 546 314
15 264 569
37 580 90
46 294 30
30 382 585
89 233 595
65 564 661
32 781 169
5 9 533
55 729 245
66 196 277
10 220 502
87 25 248
8 347 106
85 271 87
31 814 545
54 374 317
2 213 627
46 455 308
83 490 0
59 523 444
48 348 475
48 593 272
71 582 362
33 423 402
91 774 86
92 122 449
37 745 552
27 76 133
50 827 202
34 33 50
52 539 314
34 273 199
63 476 91
24 779 195
86 19 444
77 135 258
10 48 225
82 260 19
70 170 400
63 304 12
48 668 570
82 464 154
92 551 251
49 729 98
56 739 345
84 203 614
10 346 434
55 741 603
59 378 516
10 565 127
99 785 651
17 794 59
31 531 97
54 170 92
54 19 277
81 316 257
42 789 325
62 282 480
37 204 472
31 820 530
12 676 414
30 212 582
50 586 667
74 76 218
94 188 584
26 836 661
53 563 328
63 468 601
4 373 331
76 164 246
58 748 586
18 536 433
15 240 627
88 806 260
20 77 555
0 414 61
58 746 493
47 753 404
65 350 156
39 475 452
22 522 85
7 306 622
66 825 548
18 540 315
9 738 338
45 507 59
3 735 528
15 99 417
27 723 377
42 20 35
80 143 420
14 538 650
91 25 280
32 270 585
6 419 192
4 227 223
93 778 497
30 292 529
83 693 5
74 70 617
72 128 600
46 78 87
16 255 632
37 573 12
53 581 450
33 495 82
40 566 457
76 584 332
90 684 222
58 284 565
28 760 586
75 753 563
44 637 92
11 653 501
4 288 380
80 35 540
73 644 424
84 505 204
15 358 182
91 462 633
63 338 534
97 471 317
6 241 373
10 366 342
43 449 201
80 672 169
52 228 261
15 202 451
73 521 361
4 810 134
99 635 375
96 819 532
1 533 347
80 664 115
0 426 447
43 23 552
18 85 651
83 10 56
63 234 34
29 329 104
56 22 266
97 802 495
38 803 429
1 766 483
35 705 233
47 701 41
33 395 652
77 662 486
76 446 332
53 674 620
44 190 535
9 350 125
97 309 276
59 184 589
94 443 472
0 453 387
28 659 291
12 825 301
57 724 431
75 114 128
5 20 263
18 541 599
86 555 616
45 635 239
40 577 438
33 703 271
47 411 306
91 440 144
53 510 576
64 150 405
56 543 656
62 612 658
72 444 195
83 479 361
26 646 356
89 422 71
56 419 442
24 707 200
5 692 533
32 253 190
12 149 496
24 670 285
53 453 143
18 151 261
80 125 461
54 182 225
1 758 626
29 366 603
46 344 351
92 562 272
94 537 560
8 541 58
74 788 133
66 753 460
14 536 596
91 787 160
31 748 355
8 605 352
15 499 411
2 147 136
90 568 110
13 803 215
33 317 264
72 214 309
64 235 668
65 491 132
60 736 541
79 701 108
7 608 620
85 473 552
28 815 15
100 258 328
14 398 35
68 30 80
97 832 117
73 729 39
19 711 214
81 674 592
26 431 18
92 414 564
74 246 12
60 266 36
77 155 238
31 208 60
89 190 296
85 460 583
4 211 420
25 310 31
66 273 227
15 136 467
70 92 516
69 834 523
81 204 4
53 347 96
86 496 41
14 234 305
50 328 615
3 421 349
48 736 306
65 535 565
74 288 96
76 460 328
64 122 218
91 29 223
100 483 338
10 803 290
39 235 516
74 596 127
21 681 308
78 94 5
43 241 274
89 812 36
78 206 139
82 280 603
53 65 401
17 58 72
74 606 5
11 277 77
11 80 539
14 441 185
59 156 627
10 140 279
41 66 99
76 408 491
96 89 244
22 27 83
34 495 11
77 834 458
23 432 319
88 125 251
8 623 627
83 565 388
32 629 631
59 217 51
87 53 577
21 736 145
3 549 640
68 690 462
14 195 23
46 450 558
13 322 460
53 122 457
60 255 288
29 638 80
35 777 66
82 533 474
61 829 287
45 96 14
89 242 398
45 121 55
72 170 370
52 748 68
17 65 180
66 540 101
29 374 142
69 74 62
6 770 426
51 401 357
9 148 445
87 125 556
99 632 544
63 300 566
36 377 347
72 363 570
33 660 195
29 280 371
34 370 15
73 358 470
19 707 116
6 425 236
13 238 327
85 100 97
35 835 567
31 681 568
62 9 253
84 372 379
31 816 337
72 491 82
58 480 3
14 228 357
6 564 484
77 389 131
12 299 582
2 783 419
74 513 445
97 109 104
63 633 460
60 747 118
77 324 574
71 526 140
97 505 195
64 407 43
17 571 488
87 385 333
74 619 142
67 390 580
20 421 208
82 395 121
13 530 26
60 314 334
86 232 577
89 337 668
38 694 112
90 366 663
48 32 458
74 279 601
92 344 502
32 265 71
8 800 291
11 200 638
34 310 171
55 391 19
90 184 642
25 159 128
14 283 232
12 259 161
65 658 404
65 668 0
66 531 389
70 57 384
34 309 175
70 693 56
67 521 498
36 462 440
25 297 137
20 707 69
46 629 563
56 412 666
75 570 373
2 663 526
63 519 646
84 523 522
86 206 270
5 295 315
58 428 83
23 636 545
63 632 53
92 121 442
63 359 506
64 594 564
63 377 619
67 92 625
41 779 300
17 74 442
16 791 258
10 649 242
26 487 309
67 620 143
1 422 58
87 381 150
82 741 389
66 108 130
82 384 359
94 522 9
61 730 58
47 413 71
82 336 545
37 774 242
31 755 168
97 108 415
67 325 556
31 793 210
22 244 337
79 511 78
53 407 551
14 321 614
13 468 612
16 352 330
91 597 248
21 723 556
97 680 516
8 258 619
29 480 178
15 430 424
37 339 181
57 30 102
71 289 257
33 477 184
69 58 532
71 805 117
55 309 250
52 334 4
65 52 37
74 772 552
64 151 548
41 654 174
100 291 162
73 795 604
32 718 120
78 216 178
25 615 609
63 764 293
100 612 235
33 135 288
31 587 58
19 406 73
16 473 120
14 306 573
53 768 426
71 255 540
99 717 147
51 246 92
77 820 294
56 654 656
11 56 188
41 537 334
82 647 432
13 452 646
30 280 561
27 348 579
46 824 220
11 493 290
2 599 524
88 248 356
1 156 608
76 133 225
31 290 527
81 194 297
51 254 447
57 55 485
98 622 110
74 92 587
54 221 489
93 13 653
89 428 613
63 728 206
100 47 53
76 418 1
21 339 668
71 288 140
40 505 205
19 619 132
52 729 194
53 737 205
51 416 311
79 707 443
12 157 265
37 399 88
61 333 635
49 237 481
2 394 538
5 561 341
46 282 336
89 401 351
33 127 455
66 80 348
48 377 370
13 279 633
19 108 345
39 794 542
47 151 350
62 694 557
29 749 566
12 720 159
73 201 350
55 195 240
2 571 90
87 425 198
88 290 631
17 632 398
35 493 108
41 488 660
28 218 128
8 406 631
35 421 588
78 229 527
28 525 535
75 489 381
41 305 520
4 304 256
23 391 224
82 2 643
58 517 604
96 748 564
2 613 555
77 513 244
94 278 238
41 760 370
26 403 353
50 533 48
13 687 64
52 231 477
75 484 379
33 479 482
44 731 512
22 411 179
60 613 436
11 384 443
26 742 506
79 280 23
9 409 39
92 450 431
92 629 512
30 525 525
63 199 48
29 570 67
85 768 414
16 12 486
91 592 89
6 743 153
88 497 656
82 446 410
44 513 245
80 246 272
58 739 386
29 712 158
96 387 368
11 787 18
29 719 109
94 436 534
80 539 202
62 738 51
49 708 455
6 497 206
80 329 127
87 473 616
20 814 663
88 167 434
33 61 560
26 837 113
69 827 263
68 232 171
15 399 114
44 786 344
43 334 425
22 619 211
88 533 578
76 1 656
52 26 58
97 795 201
4 239 437
61 117 440
73 360 490
89 22 608
2 260 372
51 90 164
22 423 664
91 193 559
16 505 508
27 667 163
83 99 172
61 712 281
0 96 612
9 812 369
2 701 313
53 303 626
18 80 88
13 553 52
27 603 555
69 115 74
20 418 603
11 260 310
74 91 499
48 421 294
17 652 290
56 562 177
50 470 330
14 255 122
53 783 648
97 339 26
81 597 17
27 75 26
57 542 596
37 377 133
33 518 439
16 664 590
42 292 663
50 591 107
38 739 132
97 127 540
75 5 285
58 593 549
76 85 378
65 434 147
69 198 57
56 550 305
21 705 312
90 792 652
80 129 315
7 485 150
34 494 56
67 701 230
4 590 450
6 471 507
69 651 383
5 282 595
25 753 343
1 108 640
25 187 505
58 561 148
92 660 385
72 712 497
26 430 636
1 697 591
91 578 445
16 732 104
69 730 336
66 837 584
62 403 161
32 54 310
7 61 117
79 271 393
71 556 343
70 695 283
94 837 534
94 520 189
14 312 206
73 598 51
38 246 124
24 697 349
75 495 491
40 676 523
82 266 210
21 105 530
65 519 101
97 575 588
83 368 191
50 529 579
7 651 322
62 760 665
62 360 607
49 68 24
35 310 66
5 200 171
30 653 156
59 215 131
91 283 336
4 227 607
1 705 466
9 85 667
61 370 325
44 33 148
55 156 113
74 93 323
48 756 524
85 341 572
41 411 345
19 660 588
94 576 236
89 227 359
71 632 382
62 284 14
9 20 287
79 278 623
38 762 335
30 609 489
54 440 368
25 118 642
27 359 349
4 117 512
100 718 551
9 317 601
57 789 590
54 159 262
73 479 662
39 444 493
37 806 188
47 493 544
80 12 237
11 767 203
28 333 375
25 124 177
7 604 223
41 624 577
28 668 130
33 387 12
89 29 529
31 721 224
22 222 531
78 74 657
75 710 255
76 52 578
3 260 347
88 350 111
46 255 456
77 588 152
30 525 146
90 132 106
14 168 549
17 709 98
40 190 28
64 271 520
77 105 220
36 173 438
52 356 552
53 133 179
11 283 171
90 290 451
84 601 507
38 266 487
25 279 379
100 496 417
29 797 350
26 617 96
57 75 204
92 97 615
43 798 151
66 248 238
66 338 515
22 684 266
6 718 286
12 644 282
26 589 413
32 2 670
97 695 531
37 556 324
68 240 333
21 320 395
99 782 465
67 545 159
62 576 257
1 517 355
83 741 543
30 338 259
76 575 300
67 98 618
14 515 20
13 333 551
45 380 445
18 765 365
17 457 77
100 184 80
22 785 339
59 734 7
69 679 645
86 719 669
73 666 469
5 34 103
0 66 100
83 738 222
23 676 357
65 547 385
31 17 383
87 529 290
26 110 395
48 39 109
83 506 276
45 111 328
19 613 137
46 661 123
46 334 357
52 671 463
43 451 363
52 151 209
1 799 268
29 432 360
38 7 621
51 97 444
26 772 170
45 233 343
55 533 486
32 765 57
27 270 296
83 292 99
87 246 430
81 357 404
60 829 147
41 809 305
40 107 233
64 50 353
23 681 318
94 283 478
10 552 416
70 290 49
4 624 100
40 267 149
49 422 660
21 601 413
98 761 633
42 837 216
73 758 635
84 453 506
33 376 454
25 657 301
16 406 470
19 611 651
58 282 244
70 761 81
70 564 248
31 589 369
63 584 511
69 766 331
9 425 427
89 254 562
80 788 379
16 771 378
13 53 405
63 149 658
64 554 355
57 355 548
91 443 191
17 52 415
0 165 528
5 77 171
87 142 505
92 103 217
9 158 118
84 125 641
11 428 346
77 128 277
36 120 358
61 525 636
4 369 53
62 466 184
40 314 297
23 248 50
95 664 644
85 630 227
53 753 132
0 292 541
75 737 211
22 622 655
19 512 399
21 389 499
75 780 637
58 616 39
82 561 159
100 332 312
9 203 346
51 732 360
63 809 395
56 454 586
42 156 343
0 659 229
9 56 266
40 824 269
90 265 429
74 595 499
96 61 534
37 61 572
0 469 210
18 177 297
20 719 399
50 62 100
3 232 471
31 269 278
24 711 499
18 444 427
36 178 341
43 89 11
31 161 294
57 460 184
34 425 324
79 401 335
56 178 65
53 370 254
50 811 46
78 110 43
5 801 580
40 767 334
22 541 175
12 255 98
58 182 134
33 218 549
12 600 604
3 601 395
71 506 292
71 472 645
59 459 141
12 162 400
10 687 277
62 157 246
21 304 604
89 281 192
10 236 447
80 357 598
55 762 407
50 82 151
32 327 455
52 419 477
34 459 243
90 345 32
5 806 141
14 394 227
10 687 558
68 605 234
13 0 7
76 119 655
57 767 169
21 458 623
3 38 196
81 769 465
43 176 160
56 344 32
94 241 544
74 788 77
59 489 386
54 236 132
9 568 426
80 70 67
58 235 544
87 202 225
91 773 386
18 719 396
7 357 106
25 702 468
92 72 582
95 478 636
48 159 57
29 279 239
74 349 269
100 39 564
77 183 121
68 409 289
10 582 80
74 5 56
59 438 247
94 725 667
9 37 0
83 724 92
48 777 119
78 121 236
46 329 445
43 716 476
9 618 492
65 100 415
56 596 14
96 296 281
99 577 658
71 797 425
37 513 331
28 544 510
83 137 254
7 249 353
78 96 359
58 746 380
10 614 602
27 624 454
69 232 34
7 281 398
43 101 177
35 413 669
97 295 462
89 796 444
91 601 385
64 604 539
39 33 345
51 771 670
59 424 96
59 834 373
47 199 508
95 92 529
15 625 302
39 202 277
98 321 637
18 324 20
94 516 288
91 620 201
38 534 659
68 480 499
64 439 531
56 402 371
37 596 502
60 631 76
47 347 170
25 387 609
69 819 376
6 614 532
69 477 578
78 707 441
10 152 471
3 44 176
43 335 76
52 720 580
49 787 93
2 487 612
78 94 217
21 733 313
64 739 281
8 94 122
14 275 413
90 271 180
28 29 90
73 177 180
23 663 468
97 613 325
42 125 169
38 797 533
94 713 617
41 98 216
61 636 526
39 412 289
50 651 482
51 62 266
64 399 574
70 248 20
64 743 93
35 703 274
47 198 105
11 562 541
54 444 152
25 144 517
15 610 360
44 310 458
39 484 139
20 189 67
91 597 83
69 473 223
90 28 403
6 654 334
6 142 477
24 269 267
80 754 523
3 305 369
48 334 617
44 270 56
7 776 315
56 297 644
41 165 135
74 359 642
72 393 351
72 451 119
66 627 11
98 124 135
57 194 214
78 426 152
89 99 71
36 677 538
24 712 544
9 416 12
33 684 438
70 217 475
33 677 526
93 537 636
54 65 168
91 59 495
46 533 135
56 326 106
87 589 333
85 155 141
100 837 189
2 260 607
52 809 486
61 186 357
88 37 454
28 54 637
55 272 614
80 352 463
75 136 523
22 472 556
40 22 522
77 830 551
70 816 140
53 36 340
100 537 558
61 161 447
14 366 158
97 119 594
95 788 505
1 401 597
1 380 523
72 653 460
92 615 243
92 355 550
32 239 334
45 248 583
7 621 295
1 502 524
36 763 189
29 115 428
56 630 209
45 407 546
38 257 532
77 763 37
27 824 466
82 11 297
30 408 288
39 309 655
8 552 80
30 394 343
26 96 528
87 32 10
68 629 117
56 230 97
6 549 42
56 833 522
5 308 355
64 64 326
39 365 319
71 100 7
34 479 41
9 647 370
63 702 152
65 826 91
69 633 472
76 667 90
94 832 178
56 690 119
43 245 619
72 707 26
10 560 151
1 794 52
15 185 357
81 716 255
33 754 373
25 515 294
97 658 205
4 363 242
4 738 564
48 225 206
95 639 76
32 546 111
40 248 67
30 659 368
42 297 452
62 333 587
56 797 288
84 504 570
74 364 101
99 648 208
6 389 108
61 316 40
52 411 93
6 220 289
30 806 49
87 36 407
36 438 367
91 389 175
74 664 54
52 622 572
66 386 324
5 294 571
49 171 289
42 601 495
53 482 134
19 542 218
26 426 366
37 301 501
33 637 555
87 379 517
85 118 354
10 191 591
28 605 354
67 628 310
46 45 64
89 833 529
61 546 446
48 779 568
25 162 526
3 149 137
93 658 31
84 107 474
65 387 592
8 277 10
99 685 217
53 273 529
34 387 510
75 34 491
59 422 625
1 836 296
24 716 602
72 30 573
94 45 489
27 223 653
28 351 469
26 208 371
67 624 339
11 129 420
74 766 271
96 79 85
44 213 143
80 490 615
43 581 30
40 638 608
20 640 341
30 389 270
68 604 374
91 413 111
2 110 37
35 56 1
3 810 102
54 96 288
33 674 132
39 49 594
22 466 610
45 798 650
4 484 128
15 416 450
29 284 420
8 71 138
100 405 586
29 787 655
71 648 94
97 565 413
75 633 276
32 573 482
55 435 313
72 215 41
26 65 263
4 715 654
43 641 293
87 398 565
4 498 216
55 439 250
46 473 358
92 53 403
4 66 404
1 1 274
39 474 541
68 249 606
99 212 538
76 364 314
41 829 207
32 376 363
28 73 498
37 352 571
92 400 432
4 574 285
93 677 150
28 321 121
73 608 483
33 544 263
5 622 486
77 557 395
6 57 485
87 398 268
25 1 346
20 789 358
7 814 54
15 836 534
45 686 121
67 114 528
22 697 513
40 663 604
60 139 655
7 588 187
79 603 404
82 316 665
26 17 482
22 680 159
53 39 432
59 592 4
81 595 123
67 409 450
74 734 60
63 780 261
66 344 335
0 670 446
97 735 468
19 71 409
36 154 563
67 281 78
30 823 362
39 685 560
24 411 47
87 159 149
28 814 52
27 43 347
45 479 569
64 731 598
68 213 65
52 771 621
91 584 50
27 791 615
12 244 660
80 68 178
75 510 584
38 564 136
61 17 553
27 309 438
27 282 548
45 79 60
43 22 415
71 208 56
77 40 247
81 95 109
97 387 359
76 777 114
22 750 494
21 65 14
23 130 348
4 88 252
54 139 324
95 514 35
13 108 153
70 550 20
16 414 274
67 688 328
83 838 654
18 525 12
47 567 603
13 366 432
19 631 294
18 793 136
12 693 201
95 748 56
56 268 238
54 13 382
67 576 336
9 185 605
24 130 548
12 367 598
61 6 210
100 820 658
95 460 604
45 87 330
32 342 489
42 36 289
91 461 245
72 801 498
19 97 72
68 611 579
69 451 101
53 728 548
0 154 64
19 398 630
41 104 219
18 282 323
63 169 562
4 473 597
26 101 441
53 271 32
97 297 463
66 622 653
91 2 16
77 480 43
36 185 372
47 544 208
12 762 15
39 536 372
12 541 498
79 243 190
86 714 31
24 497 172
35 410 233
55 739 295
77 257 264
45 312 431
97 362 458
7 707 538
32 409 451
3 542 492
45 202 88
79 546 333
42 21 569
39 123 163
36 693 28
64 220 521
45 664 532
43 497 344
98 56 646
2 643 298
44 279 565
40 635 609
72 57 487
60 350 448
63 255 561
64 137 140
8 203 72
91 100 9
51 432 442
1 475 246
92 313 301
26 489 661
70 6 438
81 122 290
26 513 263
77 412 65
65 505 292
3 84 532
18 99 610
77 731 62
52 445 287
100 718 25
40 834 664
44 622 543
40 581 199
0 543 582
91 577 300
22 692 510
92 325 502
57 670 492
73 400 130
0 167 595
66 612 382
51 317 190
23 529 473
55 342 59
86 388 500
3 402 31
5 48 295
23 811 67
54 134 473
47 775 125
63 724 32
94 175 234
0 712 124
36 5 54
34 173 209
74 798 271
31 811 130
77 147 668
63 319 262
33 780 382
4 680 531
20 403 361
93 105 25
28 11 376
30 495 493
49 195 306
45 501 482
67 173 41
36 108 83
44 590 193
34 431 569
60 343 512
98 560 437
2 177 507
91 423 252
74 551 604
17 613 563
21 552 29
56 337 533
21 648 33
32 691 201
54 662 482
57 728 29
71 647 241
1 356 48
98 518 301
35 173 405
17 566 353
51 761 153
74 396 541
68 146 75
33 710 594
61 110 225
13 655 30
0 588 346
57 820 525
9 628 28
96 324 281
86 78 662
21 349 146
26 322 602
91 673 622
58 212 93
28 157 487
11 439 529
30 259 656
89 647 534
78 651 287
67 629 555
60 657 586
47 604 355
75 633 463
84 181 382
63 194 36
1 773 109
72 749 578
88 495 607
72 103 405
94 157 576
62 17 345
15 781 79
37 369 529
42 564 581
75 194 513
77 19 134
61 294 21
16 580 492
98 169 115
67 129 530
93 760 331
61 33 574
15 64 35
97 360 166
13 127 176
16 730 194
23 190 554
62 30 615
19 737 225
3 523 366
39 275 554
31 39 19
32 434 19
17 513 282
94 410 184
24 442 158
95 109 411
29 680 1
61 22 518
32 401 169
84 384 347
15 157 308
69 597 514
86 199 255
73 287 505
96 813 366
35 335 52
9 328 117
42 447 481
9 343 508
44 13 664
70 11 328
26 422 9
64 530 255
14 835 416
9 381 63
44 61 47
65 247 264
62 157 381
77 827 662
23 192 512
75 11 495
88 824 474
8 394 229
37 523 667
59 570 177
0 483 664
36 386 207
85 163 369
79 584 176
45 185 520
54 133 199
94 829 8
8 518 655
92 549 231
54 554 635
43 426 470
7 204 436
5 13 498
44 699 569
39 128 105
45 409 20
27 135 14
45 322 46
31 745 585
40 503 304
5 208 413
92 423 54
53 712 49
74 298 507
90 361 207
92 430 104
28 533 589
88 17 517
93 487 629
25 583 326
40 496 500
86 803 608
28 491 460
72 40 581
50 5 258
13 35 22
25 556 288
82 94 619
34 339 533
16 511 160
66 272 318
81 671 113
13 320 582
12 718 649
32 666 212
16 49 174
72 558 80
76 277 89
46 20 47
63 385 623
21 556 174
79 838 132
61 192 495
0 51 404
70 433 596
38 350 577
64 771 5
22 589 16
56 191 4
22 725 371
86 189 123
9 212 392
26 209 389
51 422 494
21 177 152
35 545 183
47 834 210
65 275 255
87 284 157
54 683 291
12 167 482
25 475 529
19 757 392
20 505 390
12 742 64
85 310 498
96 411 125
0 388 204
0 703 109
62 337 474
50 648 210
41 574 81
46 246 651
16 96 498
97 197 508
13 698 50
39 40 589
28 387 144
70 86 179
59 171 14
48 87 597
21 739 235
30 642 404
24 649 556
71 263 368
100 113 619
99 61 494
32 109 455
98 624 385
97 676 519
1 691 397
62 182 573
72 620 179
31 262 247
69 717 423
24 412 192
66 164 482
57 149 90
91 119 334
40 419 561
42 355 121
51 334 221
44 374 41
56 370 614
18 735 463
87 661 474
40 683 323
37 314 352
53 603 477
55 670 573
55 234 97
90 330 323
38 838 13
2 785 294
16 416 187
3 553 613
15 630 461
23 695 586
4 697 144
43 643 373
73 293 241
85 515 12
79 805 500
17 630 395
10 243 141
56 827 424
11 113 664
83 496 479
3 768 364
63 296 240
92 44 189
84 47 234
78 287 338
29 107 321
35 160 152
65 327 175
17 665 439
82 517 427
29 456 633
82 397 292
62 137 634
69 703 599
3 780 585
34 370 335
14 102 573
13 140 665
14 707 123
88 640 500
94 73 386
62 538 630
49 48 328
45 304 439
39 625 22
81 354 663
89 513 72
13 700 495
51 364 18
11 332 252
36 620 176
37 248 250
11 525 268
88 196 383
73 384 610
23 758 63
69 440 508
71 719 220
11 222 157
56 775 573
2 180 640
15 549 595
9 349 4
75 288 17
32 679 419
64 218 391
79 340 70
40 477 385
83 811 262
55 763 356
57 416 344
35 328 363
40 531 560
36 271 503
31 56 285
88 484 194
11 300 186
11 792 424
6 617 45
5 304 475
18 293 627
91 303 131
63 695 406
8 754 237
52 420 630
62 321 545
93 704 48
56 42 86
42 811 173
63 835 269
36 60 466
19 501 339
5 572 478
21 62 2
9 484 174
16 487 139
13 740 459
37 133 290
34 65 482
74 117 498
33 196 587
22 625 292
15 36 238
32 510 331
31 560 594
6 442 652
94 536 420
94 816 42
47 151 564
64 265 206
85 405 534
42 100 506
48 514 135
61 548 551
100 396 563
47 319 69
55 376 19
76 615 481
49 545 197
17 284 304
83 321 481
91 757 401
78 210 621
68 717 561
78 716 375
91 484 351
24 144 55
40 392 73
82 10 222
16 797 43
1 530 455
19 733 162
54 409 95
52 425 501
77 123 569
30 837 435
68 729 590
94 547 144
29 265 540
23 218 333
67 557 519
98 735 372
12 14 400
59 680 649
37 753 15
61 429 293
58 619 220
42 476 516
10 1 133
78 271 450
69 349 654
87 159 286
41 375 568
39 500 80
21 803 187
70 497 564
53 170 195
86 151 6
16 552 607
34 539 104
50 363 328
51 82 610
74 89 124
41 204 568
42 556 507
97 656 75
42 388 467
68 721 355
67 745 397
52 346 546
61 609 577
5 477 95
38 236 628
56 309 410
33 526 361
70 228 200
17 396 179
43 186 511
76 620 504
6 756 283
49 470 131
80 300 281
81 771 48
69 375 309
15 80 288
13 375 499
39 780 75
20 564 641
39 4 330
68 12 351
22 439 207
93 24 321
9 166 167
87 834 545
59 483 100
6 705 319
17 123 664
71 734 427
69 674 549
76 445 264
22 395 48
48 638 479
92 230 470
57 824 468
18 93 135
71 281 602
19 571 612
82 554 75
20 177 381
29 356 159
8 405 143
68 591 141
48 108 551
97 274 101
6 687 147
65 373 191
43 809 53
68 62 205
85 336 666
30 230 113
73 449 137
37 320 243
99 244 340
48 239 414
93 218 209
33 151 328
52 78 465
15 285 315
41 456 580
46 303 179
76 581 110
90 285 538
99 301 408
50 86 584
5 300 408
15 806 235
90 176 502
75 776 151
57 523 180
0 333 425
63 63 670
45 448 157
27 585 93
13 691 541
8 374 467
42 429 657
59 398 435
16 625 418
45 39 175
85 494 335
71 357 259
8 147 485
45 492 107
64 328 595
23 278 562
89 480 46
50 560 258
84 684 194
15 314 209
74 207 382
94 543 572
21 40 217
0 510 183
78 570 578
7 756 24
58 802 522
44 182 474
67 296 39
28 290 453
66 305 302
45 334 136
61 309 132
78 339 48
99 322 643
89 528 452
3 259 33
36 322 661
45 588 278
8 548 56
73 155 257
50 448 38
41 505 565
39 632 312
14 642 259
36 757 221
5 367 282
71 97 182
93 418 357
83 303 469
49 835 606
15 325 525
24 604 577
66 511 171
44 602 385
89 693 196
58 623 264
54 704 80
32 558 295
70 816 72
68 570 307
89 809 144
82 370 126
90 227 22
54 646 217
13 106 210
33 471 366
31 345 140
8 164 524
97 544 165
53 402 341
3 717 232
31 86 21
100 432 444
59 616 325
54 482 307
74 461 427
96 792 188
39 744 532
43 359 182
67 610 175
56 357 263
42 270 29
52 185 270
3 553 282
39 479 202
32 465 33
51 395 73
49 733 122
31 750 5
64 706 48
18 618 15
47 121 112
54 219 275
0 601 366
42 94 54
34 230 504
93 353 183
24 210 547
42 715 20
63 825 231
71 607 497
67 107 52
98 12 653
5 779 603
26 491 217
92 816 659
6 746 59
80 106 350
46 324 49
79 792 117
37 413 358
98 58 441
52 42 179
52 647 555
87 197 421
7 762 83
43 501 196
77 252 539
52 149 251
56 441 436
19 278 554
19 270 435
29 70 401
38 260 164
25 290 110
38 708 427
71 358 193
73 499 342
88 357 603
19 141 8
5 231 100
52 305 483
38 489 250
72 333 42
4 222 241
15 693 578
45 86 517
87 16 504
27 537 468
34 338 581
0 395 305
100 241 296
64 490 175
58 150 76
17 323 524
10 195 463
56 452 133
48 263 183
34 676 101
37 320 403
46 397 257
57 184 505
36 97 568
34 124 457
3 154 426
33 66 461
57 425 52
42 58 354
60 511 297
18 475 223
24 211 208
53 683 625
38 494 325
86 558 244
81 372 306
68 102 129
9 448 285
83 146 119
76 646 214
82 700 193
100 350 582
49 9 133
98 433 345
60 195 159
75 471 324
62 724 82
97 818 24
8 33 247
98 44 82
91 744 385
84 768 158
72 412 69
70 722 146
39 214 1
57 278 181
92 275 338
23 703 415
83 305 344
76 462 325
64 30 88
89 196 338
47 682 642
10 342 500
83 157 104
79 621 371
87 363 384
23 400 277
69 34 224
94 270 437
14 770 628
12 482 67
90 678 179
93 702 207
28 69 13
20 441 156
41 130 244
95 799 299
11 707 581
21 60 44
65 225 113
40 172 41
83 783 148
69 296 612
96 131 667
30 439 544
20 488 538
23 76 531
31 722 33
81 666 361
92 151 652
37 529 589
98 833 48
46 811 416
58 784 474
36 508 299
33 675 124
31 431 557
15 30 283
9 542 313
3 690 206
47 71 306
31 21 272
42 500 511
14 722 131
92 160 287
39 738 196
63 559 351
3 474 278
75 293 523
80 732 600
3 747 669
76 394 346
91 313 15
48 576 599
82 600 583
20 462 177
98 460 234
5 797 206
64 233 227
7 821 118
7 497 588
71 329 42
70 202 253
80 119 536
35 386 242
2 378 35
97 748 428
69 206 50
96 350 540
66 336 37
13 621 654
84 684 280
31 790 339
48 562 439
69 782 461
8 44 499
46 45 564
58 558 512
45 608 21
81 27 403
4 272 598
99 730 602
25 422 206
67 811 60
52 214 464
47 674 235
100 93 195
17 153 582
86 204 91
91 266 425
100 672 292
99 262 463
90 131 53
10 58 338
43 382 387
57 421 261
16 154 184
67 40 472
18 311 474
79 232 123
52 612 307
46 650 347
1 828 553
39 514 0
50 762 359
96 271 22
80 520 555
0 675 264
67 129 103
78 136 548
53 346 211
66 216 324
6 640 16
35 708 205
64 7 650
2 459 422
14 123 291
21 303 86
63 654 666
11 511 454
56 704 617
7 493 137
52 610 295
94 430 653
64 229 620
53 817 593
72 274 124
61 783 264
7 275 506
53 276 634
34 729 448
60 210 84
65 749 389
61 94 459
38 46 384
28 60 267
28 548 233
38 749 403
89 183 647
74 745 176
47 799 102
78 561 190
90 723 30
48 838 153
58 247 658
81 604 550
5 555 539
23 476 124
45 83 580
52 348 190
86 322 642
48 347 375
33 126 354
37 702 155
93 168 552
57 487 278
88 204 130
55 368 187
44 531 347
84 646 56
7 143 120
94 716 103
27 217 100
9 35 64
63 630 379
69 516 177
17 540 132
25 454 392
73 783 565
17 368 126
35 738 150
80 611 331
87 809 579
61 400 412
41 682 327
50 3 371
84 668 363
86 95 274
23 149 415
75 499 460
25 232 64
65 748 543
79 123 332
31 140 311
46 260 338
79 645 410
67 20 36
9 423 253
91 274 115
48 547 138
26 763 188
1 508 643
70 398 371
30 219 487
59 292 439
56 185 496
61 181 597
12 214 4
38 693 342
71 576 594
74 22 521
9 679 250
18 354 538
58 424 91
66 395 579
89 272 535
28 397 33
0 169 317
1 712 200
42 307 409
41 699 125
2 446 246
47 310 576
51 246 642
12 768 341
92 262 433
66 798 98
5 675 584
13 8 241
23 72 142
59 573 313
5 355 85
38 694 228
10 420 370
95 754 595
54 46 565
12 590 196
48 180 187
97 694 441
76 160 612
40 778 242
100 524 14
78 121 182
19 602 209
52 112 487
3 635 586
12 682 549
4 829 184
39 203 657
58 575 632
56 544 348
84 835 651
16 50 56
2 113 48
9 0 452
72 141 413
37 163 656
66 279 366
41 580 315
19 305 138
91 826 80
68 838 662
71 351 75
10 574 237
44 785 115
94 721 474
72 84 213
64 751 539
42 87 94
16 612 194
27 509 349
27 153 531
5 23 141
52 21 414
92 348 245
18 123 210
99 244 9
71 107 227
42 614 663
28 285 367
52 211 454
30 700 599
76 540 203
26 322 34
10 99 113
16 258 412
83 268 30
98 163 71
3 424 8
74 48 605
8 209 335
27 332 360
63 486 371
69 739 426
66 43 661
98 438 349
75 418 170
95 277 222
85 57 108
72 408 69
69 258 110
35 184 615
79 596 130
68 284 594
44 712 81
1 95 496
31 354 467
50 721 335
18 259 665
18 645 421
67 542 37
21 551 316
74 229 665
93 726 33
31 501 402
14 783 49
54 140 268
0 311 355
78 29 28
100 209 604
12 592 152
95 482 284
25 1 418
27 332 150
92 820 550
100 588 394
85 838 501
90 581 117
69 50 637
44 830 418
43 20 430
10 801 111
31 735 612
67 432 322
41 59 595
97 46 247
69 5 216
23 32 46
78 786 17
93 482 311
56 489 242
38 836 384
17 413 513
54 380 375
97 191 577
23 258 644
67 783 62
28 575 549
85 509 4
75 406 561
42 20 23
5 597 534
32 5 375
30 717 591
67 675 14
11 480 545
34 618 137
98 371 124
76 461 639
81 494 599
27 160 416
51 526 661
92 398 66
61 581 205
81 389 547
40 135 567
8 597 84
90 473 569
96 147 481
63 176 246
14 116 656
27 533 422
98 797 588
44 62 80
37 60 40
27 375 81
10 610 625
23 150 667
71 117 620
96 35 250
42 680 33
12 597 478
54 556 605
100 518 611
11 188 529
58 263 408
43 19 187
97 55 378
35 569 360
29 484 82
1 525 105
82 514 98
6 217 622
3 401 628
79 299 18
18 416 365
90 811 186
91 523 534
79 432 661
40 436 491
28 490 18
70 116 9
47 131 387
68 33 171
1 821 352
45 704 81
1 515 649
53 80 643
34 659 66
30 759 363
99 150 264
98 704 424
79 207 39
46 289 309
4 465 381
66 31 616
73 61 586
88 641 168
61 27 657
50 492 45
9 151 76
70 72 347
81 463 48
58 85 346
7 755 521
88 77 269
27 534 334
45 352 517
45 340 113
31 594 413
46 799 21
43 23 87
34 242 354
14 541 610
14 157 225
46 27 218
3 25 36
42 260 186
53 451 40
44 7 555
55 239 135
2 620 43
7 367 640
61 761 520
88 159 5
12 634 585
27 71 606
85 376 640
77 5 218
87 833 638
30 587 423
14 222 379
42 481 350
91 526 363
10 648 223
83 667 168
13 154 359
42 655 580
31 802 649
11 65 457
34 417 570
42 336 146
65 83 348
46 386 191
97 171 502
94 428 278
92 440 174
4 829 664
69 229 137
23 306 586
75 606 287
58 259 118
68 69 353
84 407 69
38 324 218
96 493 539
11 594 299
39 699 514
56 666 242
21 661 109
95 429 380
49 310 308
84 83 405
68 207 589
96 19 237
44 719 485
26 229 418
98 226 263
84 752 54
9 243 522
50 116 180
91 471 466
61 814 416
11 100 431
31 503 667
34 409 62
20 837 625
83 112 562
73 139 374
18 585 574
23 811 37
43 23 108
53 219 101
46 830 165
61 26 323
49 578 344
25 379 569
72 640 597
1 119 75
22 381 633
99 136 473
91 300 577
78 391 355
48 226 349
15 360 603
33 598 124
6 116 506
94 598 24
15 113 435
100 816 271
28 820 305
12 836 195
61 724 353
83 27 589
11 591 579
30 52 406
90 351 133
45 276 523
16 243 488
40 430 268
9 412 72
72 670 87
12 74 235
84 345 242
82 250 6
75 577 221
85 464 70
66 637 377
22 642 621
91 196 166
8 790 223
33 603 203
36 29 214
31 804 352
61 555 342
88 141 278
54 354 408
82 574 642
33 189 346
52 688 490
99 136 341
94 812 553
48 480 501
30 357 623
66 504 433
90 765 240
87 740 590
61 423 28
91 565 287
71 455 421
64 697 473
76 462 573
96 827 104
45 302 85
87 628 405
24 97 181
72 735 393
3 59 422
5 325 617
71 287 525
3 76 58
52 402 584
19 736 399
32 599 594
23 831 591
69 475 196
65 46 58
36 669 243
88 560 493
48 397 646
49 83 80
37 462 563
99 730 472
97 507 474
98 745 385
31 536 430
84 47 615
75 447 490
48 176 416
11 9 521
61 247 212
98 187 134
35 743 375
25 827 397
94 253 196
14 130 358
71 763 33
66 353 18
6 316 349
91 674 431
96 716 550
33 458 10
29 819 199
62 699 559
100 750 27
27 528 252
51 553 648
6 96 419
18 298 512
55 372 266
48 430 106
78 314 358
30 790 640
72 798 42
84 621 199
51 686 270
59 73 419
75 73 630
97 553 272
12 154 413
14 485 32
89 381 612
39 724 302
87 694 452
18 93 422
87 722 311
88 619 334
88 439 336
4 330 271
93 578 491
4 87 534
25 463 50
41 497 652
69 685 545
34 173 450
91 140 87
82 748 557
33 47 614
74 109 3
95 149 514
84 204 501
94 138 569
76 619 250
76 28 614
93 365 372
19 231 303
86 824 88
23 312 501
87 809 167
87 763 343
57 452 61
89 35 299
73 506 317
100 779 19
55 261 290
52 836 20
4 449 637
21 13 524
4 446 556
94 439 244
86 729 268
98 168 201
78 94 197
86 725 325
45 754 345
39 600 644
20 557 276
82 269 572
24 587 624
42 133 234
93 0 200
2 440 126
12 764 425
50 284 646
17 774 20
82 464 92
65 474 266
60 25 559
22 683 401
85 387 403
48 109 451
51 178 326
18 194 410
70 373 110
63 257 71
19 490 566
19 706 450
12 209 277
52 570 11
56 714 320
65 338 474
13 747 29
69 344 51
68 166 5
1 263 68
12 236 208
85 475 516
7 346 102
50 11 161
50 735 239
28 478 263
85 280 352
100 600 221
33 548 373
1 823 111
48 508 517
26 597 166
81 4 96
44 228 408
84 414 430
2 659 244
99 85 119
55 572 403
94 628 616
76 325 493
23 76 52
73 199 407
59 727 25
55 305 357
44 561 316
62 658 368
28 655 48
32 656 137
46 376 483
69 301 359
29 420 103
28 287 360
4 573 358
77 818 325
59 188 661
40 664 104
12 133 509
76 17 548
20 609 132
38 266 527
10 376 206
80 207 114
17 827 365
47 109 141
28 736 277
21 86 505
13 167 99
15 709 192
69 337 180
60 702 297
79 30 41
73 542 373
83 756 78
32 4 117
18 828 47
98 101 399
64 189 335
13 715 648
79 163 258
48 796 547
64 303 636
59 360 254
8 505 123
79 474 408
64 460 290
40 517 581
27 22 181
21 733 326
93 254 3
75 755 391
38 462 162
2 539 474
20 737 321
70 252 485
65 571 385
33 665 24
45 68 162
73 532 489
44 615 187
81 102 312
56 485 189
5 743 135
59 767 509
16 88 273
82 765 289
27 463 253
19 298 581
67 45 508
32 89 314
54 397 563
9 629 36
84 704 614
33 560 69
19 703 318
2 581 477
30 350 360
37 230 453
97 529 151
56 454 119
1 620 466
2 416 259
21 48 362
26 34 180
67 509 490
85 743 68
64 273 639
74 384 331
87 10 377
66 625 431
15 427 528
95 416 101
97 100 380
19 178 382
12 521 81
74 567 265
59 628 434
54 610 25
50 816 237
84 771 386
83 215 159
52 2 142
25 313 505
47 715 662
68 662 640
46 674 660
3 439 45
97 135 585
65 39 144
1 817 558
21 565 196
30 390 588
53 62 276
86 205 208
79 707 152
26 732 604
12 45 667
12 836 254
55 595 319
37 58 233
18 147 204
100 768 510
79 171 621
98 725 40
86 470 180
69 654 131
91 202 140
17 323 403
18 553 488
67 251 377
16 539 310
25 2 37
80 451 134
82 722 548
74 342 585
73 344 84
21 274 161
96 559 343
44 678 59
9 779 485
21 24 171
79 600 548
93 689 254
53 500 341
40 567 85
84 823 141
75 289 425
95 684 368
30 273 108
90 775 255
48 247 62
76 704 29
51 63 526
13 191 129
86 31 47
65 95 392
8 134 190
87 100 485
99 25 595
89 192 569
71 425 240
6 506 522
80 592 75
66 250 232
14 152 443
71 291 614
0 723 195
90 208 611
1 22 667
13 350 428
45 670 66
38 560 35
80 836 392
1 777 254
55 298 549
99 372 361
8 824 353
55 511 62
79 777 273
57 392 442
48 218 484
79 215 0
68 218 378
59 209 80
99 716 609
88 263 442
78 315 474
65 40 72
90 707 502
100 691 313
40 294 227
14 341 611
28 446 80
88 243 148
44 105 210
96 321 212
1 32 469
75 111 250
97 786 653
41 439 389
75 706 47
2 124 335
40 187 494
22 124 23
79 770 656
73 171 303
11 50 20
8 741 382
91 231 127
37 96 638
89 290 64
34 175 352
59 56 616
31 178 546
34 103 110
10 285 403
53 349 442
37 376 210
66 594 495
39 373 573
93 28 356
5 752 552
89 529 421
49 84 526
61 261 164
58 3 529
4 66 122
63 337 373
73 641 329
77 572 455
85 52 342
62 604 49
70 580 13
28 284 251
47 149 482
50 241 420
39 155 163
91 342 427
91 354 460
35 11 65
27 144 442
64 380 369
81 62 656
10 442 300
21 563 609
17 502 489
81 648 401
34 542 431
31 321 376
25 565 375
33 310 131
41 635 144
71 279 444
65 562 381
81 274 449
49 196 107
88 79 603
71 112 167
89 483 138
52 609 435
36 765 39
12 472 329
81 715 24
80 790 263
46 156 644
51 769 139
25 347 160
50 315 602
98 349 221
81 182 521
20 175 575
63 791 231
73 701 607
1 788 396
56 780 508
46 611 358
91 807 636
0 659 669
77 114 87
83 498 486
93 267 65
85 152 332
93 772 333
89 555 141
28 255 137
88 244 402
56 467 150
50 173 355
35 389 558
81 217 579
84 578 537
91 458 215
53 141 43
57 487 148
34 522 621
4 733 449
95 360 525
18 278 544
58 14 355
70 603 630
36 614 192
76 382 655
14 160 334
5 838 543
34 399 482
100 23 265
42 242 240
47 432 431
96 835 584
23 567 535
10 505 571
58 107 486
97 129 290
20 83 657
9 298 539
59 113 647
8 212 147
60 0 374
8 647 669
10 111 197
91 570 106
40 361 142
42 347 201
91 630 506
54 659 86
22 549 81
56 524 468
7 789 216
1 574 166
43 157 595
5 378 57
77 814 438
45 365 21
50 244 598
66 143 354
68 286 33
34 372 127
93 286 45
42 109 659
72 59 170
63 79 443
46 206 646
87 283 276
79 504 598
84 98 398
63 313 5
81 533 373
1 403 57
42 16 596
49 680 219
55 197 58
98 313 619
67 628 545
82 65 526
54 559 516
24 576 320
23 95 459
97 181 243
88 484 659
56 673 272
62 105 364
40 786 113
66 814 514
93 507 222
26 757 133
36 31 344
0 574 521
13 95 241
90 457 466
44 103 626
74 397 491
5 163 18
6 709 632
10 258 307
69 455 465
100 332 229
50 303 343
13 833 127
70 414 82
8 444 423
6 220 403
77 695 645
31 740 232
78 60 407
76 568 277
18 682 151
59 722 439
50 827 2
48 57 107
74 58 504
85 272 177
48 99 359
49 337 511
78 333 408
71 747 292
61 218 155
34 488 362
27 239 305
35 424 362
86 489 462
49 814 417
88 578 24
89 135 333
18 667 423
67 613 433
57 452 16
94 564 328
6 144 15
13 643 418
97 515 442
37 355 653
86 822 145
91 780 460
85 685 386
82 780 139
28 781 667
15 704 266
36 227 312
87 703 1
13 594 233
70 769 205
10 693 530
87 653 301
61 435 577
77 478 337
54 635 367
78 440 150
29 340 124
24 816 513
64 571 5
53 320 59
89 526 317
48 775 495
72 794 562
77 715 659
16 237 275
86 464 544
72 432 54
76 10 320
27 745 320
97 409 415
37 635 227
3 756 413
87 678 355
7 314 36
41 7 101
32 652 328
41 165 457
4 743 283
0 504 573
81 301 146
14 334 595
78 681 201
79 653 419
86 652 539
25 363 67
31 67 667
30 647 129
60 408 152
25 255 220
66 304 243
85 757 77
2 781 623
21 714 456
26 356 310
45 660 319
67 108 604
44 649 497
10 267 665
20 785 222
30 591 400
85 207 657
3 31 407
90 643 477
75 385 138
83 49 226
100 279 250
79 823 636
0 300 306
98 758 419
37 374 49
35 204 101
11 511 286
97 695 584
37 564 63
5 713 474
60 291 461
49 497 36
75 185 170
98 383 421
57 625 349
16 655 551
54 685 165
65 241 464
75 37 127
26 769 71
66 47 35
42 320 414
8 319 270
86 518 350
32 315 436
26 474 292
65 791 138
22 523 161
61 591 24
92 580 445
70 128 587
17 313 558
45 311 88
15 440 210
20 258 72
64 694 286
79 646 201
55 116 558
99 188 121
43 357 36
39 328 515
56 81 648
69 422 121
83 288 416
49 702 629
76 77 31
68 528 652
2 306 605
36 557 500
65 445 170
64 740 354
11 668 652
52 613 656
14 331 85
77 802 381
59 724 628
72 605 186
50 757 18
93 305 318
57 521 6
50 565 322
68 610 605
16 615 349
93 254 89
71 246 125
1 710 437
66 250 648
52 100 39
41 600 188
33 363 459
55 687 347
21 645 245
64 77 549
81 694 82
57 353 575
68 507 237
79 268 370
16 555 642
59 38 52
22 80 375
33 807 289
32 345 179
35 288 163
63 699 42
34 819 436
73 686 633
63 661 84
54 173 121
39 54 142
32 384 493
94 211 292
71 483 281
91 205 275
31 565 630
80 601 171
98 565 183
83 596 663
17 474 270
40 345 117
33 38 165
48 163 504
45 169 633
36 634 28
63 657 578
52 463 105
12 838 464
46 198 322
68 317 196
8 237 577
21 765 77
22 812 483
26 620 563
86 398 585
51 215 333
100 81 121
65 634 213
92 69 349
39 576 369
20 1 108
67 334 410
29 52 280
43 825 383
78 638 254
76 667 45
63 401 623
64 787 527
65 650 247
14 82 579
75 30 32
83 573 380
31 442 182
21 575 357
54 748 469
17 3 448
51 130 657
99 651 88
12 270 70
74 751 168
90 207 517
56 409 288
100 296 326
13 589 122
2 694 431
57 347 666
67 685 408
89 56 254
53 76 69
2 90 456
32 203 417
66 259 655
56 440 423
73 518 261
78 589 535
98 502 591
33 489 446
7 154 110
5 68 487
5 242 560
81 463 466
19 652 236
57 69 81
89 489 66
79 322 109
76 728 178
81 712 134
75 730 115
94 168 397
46 695 126
76 25 551
59 185 20
33 196 204
56 348 227
12 556 429
97 53 192
5 53 505
64 626 536
10 633 473
90 752 447
95 136 221
24 510 418
57 251 98
61 763 285
37 30 347
51 203 627
41 772 51
6 472 170
32 417 662
23 640 399
94 695 181
84 141 123
35 62 338
83 431 38
83 723 12
94 558 479
99 153 106
40 475 420
4 383 583
68 545 62
33 162 118
75 471 210
15 457 339
71 198 610
70 198 100
2 732 33
94 68 36
13 254 341
84 158 534
48 738 580
59 129 58
56 501 586
75 558 68
55 8 458
40 684 211
0 653 451
79 253 468
6 100 433
54 142 131
28 777 55
82 567 403
18 441 668
47 26 154
34 33 206
81 289 233
3 379 166
95 809 522
90 792 497
15 86 566
87 419 189
92 305 584
36 59 411
86 262 67
8 663 541
22 364 274
42 238 524
76 14 205
54 454 36
57 655 62
97 524 311
65 689 377
35 179 344
28 668 613
7 440 267
12 138 539
24 104 520
97 108 434
40 544 66
32 694 478
70 630 149
1 414 12
25 100 211
49 637 626
38 297 195
49 488 491
31 278 260
32 281 8
63 566 218
13 57 159
89 17 27
83 334 310
60 5 209
0 580 420
64 770 30
35 533 573
7 757 398
77 495 400
77 223 330
20 540 450
95 598 362
75 477 407
98 390 533
71 263 79
10 408 594
84 643 564
99 70 271
59 94 575
78 771 367
94 77 620
68 706 12
54 7 438
73 204 109
39 467 46
98 571 289
49 31 288
59 407 664
96 696 641
55 62 344
27 453 668
41 762 221
70 780 56
65 354 350
73 690 625
46 69 389
100 670 290
46 765 187
2 68 107
47 671 603
35 449 550
14 617 535
61 708 230
2 647 14
93 6 50
40 802 153
36 629 497
41 508 147
96 430 637
43 594 98
32 239 6
86 32 194
13 594 151
71 755 222
91 219 421
49 820 214
84 241 124
87 687 258
65 632 448
6 501 568
4 603 654
88 510 388
90 411 147
56 669 48
88 778 30
7 96 488
72 493 72
93 477 474
81 218 620
68 552 461
17 809 275
4 695 296
38 787 27
28 34 222
73 742 514
57 59 401
26 563 665
7 745 200
1 713 241
83 809 50
67 308 323
59 246 271
11 58 69
25 569 308
56 505 422
72 111 404
67 747 572
36 559 318
5 399 37
19 58 534
95 519 288
89 652 341
5 189 338
82 198 589
7 254 481
4 247 384
3 493 592
34 551 315
27 725 585
87 722 198
86 414 567
18 414 340
2 358 287
10 800 193
76 172 450
40 519 478
34 617 83
33 80 597
15 75 545
45 29 352
95 62 37
14 706 130
5 701 555
34 481 537
54 664 352
66 117 318
78 249 475
8 261 445
44 327 101
82 681 624
25 388 216
77 85 551
94 425 274
59 329 549
16 136 617
50 811 116
48 461 396
76 265 419
37 319 11
17 700 408
83 817 442
69 800 343
62 171 50
25 124 17
36 801 343
91 371 386
66 788 501
31 224 468
88 614 350
85 815 197
43 464 68
80 395 537
39 426 207
12 59 45
32 592 444
44 207 239
6 444 421
43 406 475
24 780 440
32 227 442
25 623 361
2 621 196
43 456 534
1 267 666
62 757 39
88 570 492
58 754 182
91 571 491
95 416 487
57 53 337
31 564 376
69 727 83
46 811 504
26 283 174
42 449 638
62 57 60
83 325 341
85 66 426
85 606 502
93 65 314
91 56 102
62 418 14
100 681 35
76 583 454
89 155 133
9 567 639
10 519 617
46 170 363
26 19 395
34 567 580
74 802 415
2 236 107
85 695 243
32 747 450
30 203 66
51 501 191
49 728 284
57 75 6
9 710 297
61 182 623
75 595 597
41 721 304
9 207 408
23 77 160
30 411 265
87 694 528
74 665 617
39 682 475
32 47 305
80 211 19
11 358 216
17 409 178
15 575 612
96 274 114
51 691 280
29 700 159
1 829 320
52 673 146
64 626 414
94 3 149
73 812 591
53 102 617
8 823 170
35 331 321
95 275 117
79 637 509
24 168 124
40 641 37
31 122 263
63 222 63
89 437 110
23 625 66
72 114 629
50 477 378
46 538 565
6 252 109
4 709 628
88 215 128
74 254 156
23 335 364
42 332 234
98 69 587
14 489 509
47 191 228
77 108 400
97 210 595
83 786 63
2 651 39
6 207 593
88 571 79
29 393 179
21 36 214
45 93 315
17 73 14
16 66 394
93 425 640
87 538 217
46 611 606
34 352 353
4 298 392
68 714 178
79 442 523
58 172 643
4 436 599
18 177 187
48 661 621
52 720 96
65 571 327
38 304 574
53 825 486
25 274 456
6 260 97
99 634 321
54 149 343
35 812 206
52 623 171
30 759 85
62 718 318
5 544 3
6 242 210
52 151 205
74 84 90
88 400 177
58 685 156
75 738 57
22 127 334
3 531 6
12 548 22
77 479 433
21 81 267
56 354 343
95 424 189
0 811 310
47 761 92
28 117 661
94 230 315
9 542 372
95 787 563
19 515 598
4 310 481
19 486 42
0 231 472
9 463 221
21 169 145
44 682 417
48 741 356
21 9 32
72 130 4
40 282 597
3 764 474
33 75 420
12 234 188
21 226 590
23 168 653
35 452 284
91 375 130
7 659 665
23 297 472
86 201 346
9 13 165
95 640 374
5 478 131
36 226 168
100 390 169
54 683 313
3 191 643
97 504 623
22 380 50
57 223 227
6 367 231
15 229 503
97 95 340
10 520 573
40 655 645
33 502 496
67 215 223
23 321 354
20 722 322
52 196 420
73 595 399
5 157 222
56 17 659
95 339 556
78 309 174
48 127 653
4 583 588
60 145 247
46 263 410
37 8 357
24 176 541
35 408 573
57 449 323
65 350 95
100 779 197
53 412 662
4 630 629
73 71 249
12 124 310
33 530 42
85 116 51
94 174 215
83 717 344
19 524 531
58 548 276
37 262 416
76 829 513
3 500 115
40 571 37
14 564 293
22 248 631
64 355 58
67 513 500
24 715 613
89 69 310
15 648 199
93 701 339
7 130 305
27 147 466
83 177 439
9 491 88
77 539 656
76 344 274
22 38 92
84 480 117
84 514 605
16 74 125
51 709 317
90 319 161
68 682 572
34 822 513
78 630 262
85 759 279
8 285 233
62 390 287
66 581 304
72 73 275
44 256 321
1 460 293
6 397 400
75 277 468
70 632 349
34 800 56
57 105 327
35 406 284
38 392 408
95 630 264
69 210 472
90 6 297
9 609 456
57 826 349
84 591 254
86 681 377
48 822 522
55 455 623
37 207 283
94 349 1
66 585 68
73 76 602
52 612 463
15 42 382
8 519 390
80 81 165
71 352 279
100 207 521
51 794 608
37 566 33
12 601 632
38 178 63
11 457 30
61 377 261
52 242 435
51 493 164
70 189 223
94 94 653
24 100 464
58 803 578
45 491 388
99 25 623
65 100 113
20 622 523
48 104 315
26 604 492
36 500 638
16 578 587
74 176 614
82 659 177
67 331 586
61 249 367
45 70 298
54 790 155
73 348 294
27 158 586
56 600 388
57 662 109
56 813 177
1 500 487
74 303 382
65 409 324
96 51 3
25 86 46
4 726 191
91 266 287
53 396 329
100 771 44
51 526 167
42 275 499
2 796 590
67 78 515
60 22 399
4 287 61
75 203 338
83 137 82
53 209 332
75 723 46
30 727 380
2 643 100
83 109 490
100 143 92
24 358 639
93 543 358
15 389 217
98 505 500
90 219 168
35 369 376
90 660 245
65 805 491
59 183 186
89 458 471
9 629 502
58 572 482
55 113 666
83 333 16
22 572 513
5 404 134
21 91 372
8 835 212
30 309 543
72 265 499
22 483 221
70 411 654
6 814 431
94 120 123
23 340 39
40 484 595
32 717 477
90 14 578
77 49 557
67 533 587
32 258 419
56 596 245
21 748 203
11 509 660
82 244 397
2 712 319
28 707 102
76 731 657
60 71 407
43 602 365
74 408 241
38 501 48
41 481 492
28 542 487
21 837 308
97 222 176
40 365 247
12 331 643
63 447 91
71 580 219
63 475 661
53 707 402
61 716 56
60 228 474
56 157 305
38 464 585
82 549 494
17 694 255
84 524 394
4 836 505
89 431 224
7 502 517
27 519 94
42 310 292
86 149 139
43 694 133
95 125 46
74 393 172
12 823 603
99 389 594
100 646 530
93 140 189
23 116 603
44 357 492
34 215 181
34 219 609
44 708 503
32 589 203
17 202 188
17 136 515
33 143 597
40 810 216
91 502 579
16 547 604
26 369 433
29 606 251
73 826 122
51 201 460
95 19 375
6 249 228
62 213 576
61 341 301
100 165 227
1 224 276
72 230 624
30 271 556
36 11 127
27 615 38
88 460 521
32 22 277
78 342 623
91 256 442
98 434 317
81 236 112
14 817 510
13 315 185
9 815 252
3 240 6
94 417 589
43 576 655
31 554 166
36 36 401
98 40 150
4 368 60
82 647 335
26 168 551
14 299 223
83 17 29
24 328 179
52 520 162
19 293 164
52 77 384
23 130 487
68 435 397
0 488 621
25 540 77
68 689 448
19 172 479
31 790 593
83 495 407
50 483 526
30 611 463
6 243 519
68 768 64
20 797 453
46 649 382
57 204 497
71 8 223
17 135 242
89 504 617
79 803 357
68 472 35
9 794 141
2 545 161
7 324 413
35 503 278
97 165 179
24 837 543
39 204 221
45 577 256
53 234 626
0 534 133
25 220 433
95 619 618
25 366 459
88 307 619
45 22 340
29 29 422
90 110 120
60 211 358
88 552 275
19 695 491
21 369 29
26 82 86
5 154 522
45 584 69
37 450 306
61 80 134
72 766 294
83 651 43
9 564 627
69 298 145
42 330 381
44 350 217
97 694 609
92 555 649
63 542 485
54 591 588
12 526 17
60 300 651
0 178 614
100 75 44
47 666 8
0 442 452
37 548 606
42 599 35
49 617 110
52 677 622
26 234 542
49 101 244
61 582 549
37 357 549
34 787 477
58 516 152
52 464 329
69 581 626
9 589 556
86 224 250
100 397 464
57 563 537
56 147 184
66 175 555
60 777 2
64 159 441
94 126 463
73 589 2
71 470 500
33 14 39
73 425 350
64 201 476
95 796 168
32 108 202
49 835 570
51 332 557
81 75 505
37 711 222
87 188 479
17 664 60
93 608 542
40 574 549
35 203 218
28 601 310
24 680 134
7 168 96
98 481 101
35 352 347
77 103 89
10 617 87
92 146 577
41 100 368
83 788 580
20 599 580
72 834 277
1 152 472
92 109 631
25 835 5
35 220 400
69 674 332
18 673 359
5 735 11
62 182 87
91 463 336
0 668 21
95 170 107
49 301 593
99 829 22
74 38 378
8 290 304
1 653 49
1 81 246
37 488 208
71 815 364
69 414 65
12 117 127
71 242 196
22 513 78
59 138 179
40 835 217
22 814 15
11 86 95
47 60 531
63 311 416
2 626 565
36 448 281
27 708 319
12 10 253
44 697 347
66 64 284
98 34 494
35 545 415
10 36 384
45 110 601
57 806 291
5 434 593
12 261 500
73 785 583
63 336 251
44 689 313
83 715 216
50 156 535
71 433 425
73 334 150
62 290 266
8 176 291
78 614 78
79 577 405
88 487 293
23 137 644
83 38 579
6 196 447
44 286 28
81 263 170
0 538 570
84 81 418
0 429 33
83 28 242
14 30 181
41 292 90
21 452 460
50 585 649
68 389 428
71 328 443
6 742 642
37 465 252
49 557 73
77 428 263
48 828 512
100 763 148
48 323 111
8 8 359
53 671 489
70 328 174
73 809 544
61 157 512
79 831 395
27 701 626
62 514 352
67 284 255
9 648 17
64 536 98
33 410 288
23 778 384
34 230 471
11 409 543
60 323 78
68 239 274
99 832 186
17 400 181
93 213 386
64 449 392
25 140 83
4 146 372
79 804 94
2 96 537
79 787 290
67 149 34
30 4 74
51 255 468
92 441 162
95 836 664
0 572 620
68 359 667
38 645 550
91 602 538
33 330 300
58 696 242
97 16 270
61 160 158
50 330 504
29 612 412
52 603 581
91 531 199
51 261 404
57 624 244
1 618 648
22 592 392
45 666 23
28 353 560
21 763 320
14 672 430
64 681 424
99 658 151
98 25 275
65 479 70
48 253 622
6 153 604
73 115 194
66 773 225
99 460 365
60 650 573
73 246 210
56 778 107
85 269 196
93 99 622
83 293 500
37 829 282
20 295 140
5 84 419
66 174 292
69 7 74
13 218 161
24 113 306
20 660 591
48 760 488
92 716 263
71 159 94
35 331 177
19 81 17
40 436 575
53 16 422
40 282 34
96 702 561
13 814 127
58 483 508
13 541 477
93 226 26
58 678 494
50 690 653
72 101 354
79 712 18
57 201 425
35 320 570
40 837 481
21 154 638
100 18 365
58 564 646
22 526 350
56 60 233
31 287 153
1 258 89
35 149 71
17 345 188
17 691 334
87 507 621
86 473 646
8 662 382
45 454 526
46 581 155
49 627 329
71 200 467
0 739 214
27 343 247
44 340 321
40 577 475
100 98 323
9 519 468
39 821 528
77 127 337
38 246 67
94 416 245
48 420 458
77 299 306
78 112 170
47 257 487
76 361 642
90 416 506
1 308 469
77 37 192
23 638 611
92 87 117
43 333 539
48 511 468
52 736 9
29 218 586
83 459 119
68 451 475
24 26 165
6 382 95
52 532 395
45 51 14
50 817 347
99 278 208
12 713 408
27 721 378
92 295 506
95 239 532
59 282 303
15 37 270
25 715 288
49 751 298
75 102 399
53 739 459
18 36 139
45 100 214
54 412 404
31 404 513
67 395 52
71 35 290
52 521 284
78 118 410
2 775 144
28 822 0
27 486 274
55 234 348
6 481 473
94 648 410
94 578 278
14 47 597
68 70 329
75 636 103
0 305 434
20 744 283
64 416 382
33 129 371
89 97 259
85 589 43
65 654 148
90 420 442
16 123 606
94 446 318
8 623 633
84 681 289
77 48 283
46 76 174
5 305 244
50 170 581
88 230 319
88 372 222
3 251 465
86 203 538
7 574 128
18 446 171
91 716 106
64 797 515
72 648 269
43 579 441
3 657 195
44 705 318
4 146 594
40 21 175
92 303 358
19 368 522
63 391 397
56 227 262
67 395 105
96 56 363
6 546 222
16 402 528
39 828 401
43 635 203
61 513 169
81 425 254
93 499 249
98 749 464
3 121 48
54 558 225
17 174 26
7 185 400
70 237 239
16 683 143
78 529 226
11 390 443
73 511 448
71 171 157
64 627 202
55 554 230
32 25 151
82 188 364
19 630 470
71 604 455
85 442 476
66 184 63
82 0 572
36 51 528
78 628 393
20 232 180
46 773 367
64 668 580
4 704 249
5 680 106
78 220 564
78 585 577
100 727 486
73 298 55
86 584 400
8 822 264
54 687 655
99 376 270
12 91 244
56 313 605
1 336 38
16 607 77
76 323 476
24 561 219
71 147 638
36 424 636
74 88 445
31 329 287
90 276 413
76 530 146
15 755 44
92 578 515
20 233 274
52 552 240
27 422 661
53 363 457
96 151 155
17 130 23
50 507 610
77 407 223
33 210 474
57 541 55
24 513 663
0 403 578
17 634 245
10 650 26
8 101 497
88 179 78
21 704 325
53 584 664
55 624 533
72 44 38
60 720 199
82 383 111
16 780 174
51 607 157
26 18 150
65 198 103
59 464 427
32 99 522
14 42 663
51 201 667
19 425 24
32 16 315
56 39 159
71 180 666
95 830 323
96 453 137
63 98 519
24 792 314
84 615 485
64 557 57
16 64 524
62 257 241
52 476 337
54 471 170
16 121 169
89 319 628
76 664 646
61 455 152
8 36 306
88 42 133
25 482 405
90 281 470
57 112 72
51 647 354
16 683 29
37 127 442
60 522 183
80 564 398
42 85 95
67 160 485
99 667 421
85 492 573
46 64 156
8 178 473
43 173 411
48 444 577
41 721 258
75 491 351
3 103 483
9 154 216
27 740 599
34 451 132
69 36 403
37 313 235
97 159 195
27 814 437
61 251 665
52 580 305
63 563 88
99 692 645
91 97 612
89 767 211
16 619 461
61 53 264
82 583 335
89 429 332
6 432 90
29 449 406
42 148 64
87 564 374
88 211 578
3 691 44
49 766 183
20 766 511
38 816 417
18 202 656
78 409 312
84 759 63
94 518 61
58 324 611
36 517 283
39 708 527
40 748 462
51 781 579
96 688 293
76 481 583
47 79 419
88 419 500
15 91 399
39 352 135
96 506 247
35 214 595
57 117 307
52 24 491
99 468 637
86 574 117
96 282 312
11 646 125
88 756 162
74 470 418
83 408 290
80 470 400
95 65 358
100 50 521
74 358 82
41 328 550
77 464 381
37 825 29
99 107 34
26 370 63
63 514 478
78 792 121
8 184 567
96 510 47
38 586 28
66 805 238
28 103 7
15 5 75
88 636 669
31 553 222
9 581 268
89 337 375
59 470 365
66 833 173
80 22 414
0 309 325
78 820 266
31 156 109
15 440 315
73 744 152
87 496 107
78 179 12
47 571 136
92 546 391
94 719 656
14 454 307
66 553 270
65 556 566
16 644 18
20 40 79
56 392 279
82 747 196
14 775 324
29 618 83
66 448 88
19 85 361
9 582 493
55 283 299
86 366 340
14 422 330
44 306 286
71 463 404
21 620 424
56 56 58
98 73 110
24 87 395
61 538 88
12 309 259
17 674 188
41 174 360
59 627 503
32 398 487
1 308 315
85 596 318
62 264 204
27 61 330
80 78 528
56 612 558
58 189 353
34 538 447
99 215 388
18 102 92
45 190 524
88 63 46
14 99 669
20 605 572
80 485 318
64 397 403
55 750 562
71 597 294
50 734 337
53 365 577
24 186 399
12 40 544
4 16 280
75 738 305
84 222 638
87 91 342
12 216 208
7 166 292
2 232 587
41 50 189
57 342 562
5 218 229
44 669 624
35 753 200
99 81 481
98 201 152
98 786 532
6 403 537
12 760 353
49 540 379
88 755 621
76 382 562
29 796 210
73 181 365
69 292 516
59 653 284
63 601 353
69 574 515
63 560 147
69 504 537
19 223 17
67 469 511
0 314 113
50 561 231
96 199 238
87 541 346
62 24 587
22 271 668
54 511 114
73 530 243
0 185 214
48 85 486
9 447 218
35 777 388
12 607 202
33 27 499
0 788 262
70 739 125
42 801 384
50 81 124
82 27 251
94 555 260
14 805 645
86 384 380
1 237 425
2 83 551
39 93 156
33 373 637
41 640 502
76 547 586
50 85 502
0 104 566
37 295 143
34 97 496
77 748 188
98 739 338
36 503 155
92 673 522
4 560 439
81 573 376
7 682 446
83 376 476
61 594 317
2 429 268
67 114 623
44 199 439
57 128 446
37 737 598
28 70 245
95 237 110
18 262 501
39 471 79
62 432 576
17 645 355
8 323 549
87 708 413
95 737 330
57 583 487
27 652 63
28 312 479
65 575 164
53 503 578
55 2 50
78 124 7
10 205 120
65 91 54
93 521 138
44 411 266
81 234 397
47 162 370
12 435 406
16 342 625
81 250 521
51 550 256
100 498 167
13 823 543
23 436 114
39 711 270
40 137 514
89 836 112
71 103 378
63 299 49
28 293 392
15 819 196
41 724 547
76 168 574
78 246 260
2 749 363
72 174 150
4 149 17
77 373 472
90 371 276
13 823 589
60 486 92
43 247 275
54 588 18
100 501 206
30 653 38
1 625 208
91 736 528
11 425 287
77 291 442
99 702 203
28 385 328
61 356 208
74 785 159
15 350 104
14 644 405
61 276 311
38 115 449
52 326 128
82 110 488
72 790 3
57 621 177
12 226 282
71 261 383
41 535 591
42 527 530
22 128 258
63 442 7
78 18 413
24 304 307
70 670 252
42 533 617
85 238 553
54 33 203
20 324 445
11 80 258
75 255 79
71 774 172
48 586 669
42 716 131
31 764 479
30 590 585
37 213 126
18 187 274
37 48 520
26 591 551
15 785 573
60 348 150
55 68 615
26 423 367
82 327 565
90 721 163
15 414 586
52 33 525
65 241 492
36 544 495
17 59 94
39 213 643
74 273 226
2 695 278
31 665 77
13 330 577
90 260 51
86 13 6
0 758 663
57 810 646
6 836 301
49 6 451
96 831 512
88 350 324
12 454 360
56 804 349
49 326 570
70 362 538
80 55 83
15 744 481
39 131 5
43 46 504
100 724 107
61 493 637
52 679 520
19 155 593
86 507 500
100 164 492
19 385 451
74 516 223
69 292 605
61 723 103
46 512 670
26 330 414
34 616 523
36 414 500
59 725 620
71 666 46
80 496 425
21 450 290
80 732 228
24 24 138
2 359 89
44 127 272
61 579 370
92 233 454
3 619 328
41 305 523
2 218 415
13 836 319
8 197 567
79 233 241
7 521 24
69 270 536
40 591 26
53 543 7
61 274 489
99 563 281
72 547 512
85 336 367
57 173 219
74 429 95
27 635 381
70 487 279
36 523 371
79 811 298
93 460 560
31 74 438
83 203 130
15 396 328
53 794 460
35 345 224
58 587 593
99 356 481
41 499 470
16 40 158
77 463 173
5 151 383
10 831 199
6 764 85
33 205 258
35 585 645
28 667 651
92 769 398
65 260 325
39 716 125
50 802 225
43 427 194
10 693 42
93 575 292
43 699 90
98 494 444
35 48 18
8 436 345
15 364 477
33 729 341
67 78 606
76 641 655
39 665 624
47 410 231
57 629 599
24 643 212
62 577 211
9 636 62
77 349 270
83 266 312
20 249 445
54 275 466
81 46 277
39 512 432
64 427 245
57 351 245
87 510 156
23 613 290
74 526 398
33 534 201
1 485 427
97 310 13
42 280 409
88 115 320
31 650 141
54 495 391
88 399 478
5 671 219
34 178 354
45 254 248
70 707 501
41 480 569
25 421 217
60 299 528
84 119 304
63 18 130
58 702 59
74 621 606
69 569 68
59 493 354
34 559 461
88 113 97
98 162 248
67 103 213
20 520 4
4 594 352
66 204 652
39 192 248
53 800 139
92 586 305
34 98 569
49 113 27
86 373 319
89 280 44
65 429 239
6 91 567
64 388 224
24 695 490
73 548 140
38 838 98
55 276 244
92 321 138
32 806 73
9 86 319
36 67 297
80 800 100
63 382 663
98 215 37
50 810 438
2 336 628
62 716 597
19 386 569
71 413 279
47 311 422
74 489 625
16 466 623
91 610 194
93 70 432
69 201 646
89 210 450
1 212 416
22 557 641
94 555 524
16 451 30
36 258 452
75 151 445
4 303 375
92 212 60
94 822 46
58 800 125
71 26 8
47 86 325
1 309 442
41 177 265
26 518 374
34 679 602
75 758 30
31 217 153
6 67 12
99 629 477
56 144 231
79 481 249
13 180 104
10 582 252
81 462 519
79 732 46
76 244 370
83 658 184
18 230 112
62 143 388
4 288 332
34 238 521
77 247 143
3 595 258
40 481 286
31 115 669
92 37 317
81 370 73
32 613 161
8 323 351
77 767 607
93 479 157
69 336 374
17 816 632
80 241 434
34 148 670
79 484 161
35 422 200
12 224 352
86 557 312
11 449 542
26 135 502
69 184 9
51 397 621
63 176 575
76 667 544
68 269 375
90 364 94
64 504 439
32 775 189
27 714 307
77 254 116
63 703 168
40 191 47
50 694 17
44 516 637
85 332 87
60 203 460
65 737 171
34 309 218
39 308 447
25 377 104
68 229 367
74 671 595
12 466 531
21 605 47
12 788 97
86 750 654
77 25 179
94 287 602
61 125 530
31 204 413
87 780 268
45 427 485
81 251 46
62 689 533
66 427 608
69 94 438
78 682 479
40 416 375
14 342 513
17 656 116
98 246 533
48 148 2
99 456 9
9 833 528
56 508 96
55 719 632
99 513 665
30 279 420
77 464 269
72 323 50
90 599 506
75 294 256
56 786 501
48 112 207
56 17 82
19 124 210
20 17 71
9 793 35
51 590 416
85 199 534
6 675 144
43 358 197
70 821 562
65 379 496
32 810 41
65 700 390
18 388 86
59 754 661
41 167 494
94 606 357
67 553 55
87 835 348
91 389 224
37 652 569
41 353 494
16 606 557
100 677 371
66 534 591
11 513 138
2 274 248
18 522 72
100 717 471
64 405 183
49 137 331
99 771 582
82 325 297
17 836 69
8 48 128
100 476 416
61 771 540
95 88 602
70 232 668
70 232 448
55 573 618
70 285 152
85 134 650
9 7 15
53 49 373
36 722 343
100 103 132
68 404 458
37 93 81
67 480 598
24 813 152
34 273 115
15 164 456
47 423 279
67 420 155
91 423 81
6 276 370
34 254 65
29 271 94
80 454 232
54 287 109
45 751 223
94 576 534
30 606 32
15 307 499
18 605 168
32 335 536
98 791 266
39 301 277
10 701 619
68 381 551
41 225 547
74 65 488
24 786 414
43 48 36
74 281 106
62 15 260
96 299 320
58 5 475
63 404 99
59 106 318
40 269 632
10 782 560
22 782 4
67 759 321
6 143 438
10 169 60
74 455 24
80 552 70
73 289 4
28 816 590
35 404 582
43 201 190
17 728 411
81 615 513
31 108 496
68 624 160
12 513 506
41 427 478
56 319 257
94 593 87
22 243 92
83 530 458
92 803 314
37 612 271
69 619 396
15 114 46
95 530 41
82 811 231
61 611 440
88 343 244
82 64 13
27 270 573
51 20 464
21 525 566
82 826 523
1 308 165
14 63 560
10 241 103
26 17 92
71 114 594
66 363 47
21 81 55
100 50 116
25 140 171
100 809 600
45 268 218
59 789 380
62 435 61
41 529 432
80 390 123
95 761 55
5 282 201
59 133 346
63 571 202
62 410 126
97 185 631
3 324 513
12 90 182
99 329 538
2 811 625
83 289 509
66 214 201
39 403 255
5 118 441
69 649 545
99 719 122
65 200 16
78 811 10
32 419 635
86 756 300
14 454 661
65 637 563
54 562 110
5 256 269
26 162 408
34 280 477
46 428 332
3 230 135
99 513 10
17 496 502
20 198 458
39 832 670
20 627 545
21 369 205
23 621 618
23 132 611
36 827 131
42 718 366
43 64 278
6 694 535
27 160 542
86 776 504
78 47 397
3 721 599
76 744 374
44 342 401
48 634 195
85 801 21
19 807 222
60 325 207
24 474 525
64 746 11
67 440 469
3 274 575
30 237 189
7 410 665
94 63 228
19 357 378
26 359 615
65 45 298
47 231 378
79 672 478
58 376 132
23 395 271
59 523 312
70 737 68
27 413 524
8 340 81
3 11 391
30 563 539
49 59 96
14 308 20
2 61 37
35 371 298
2 280 275
80 483 286
88 408 177
73 15 335
40 148 190
96 821 521
58 203 515
33 78 326
6 429 447
67 447 168
56 284 75
67 3 95
17 169 98
89 594 192
34 88 549
8 238 199
19 108 499
77 178 427
25 107 651
43 178 642
20 234 231
78 672 131
59 499 179
93 62 214
67 826 346
94 502 353
14 121 16
5 253 212
88 302 419
94 548 38
72 361 470
53 510 556
10 601 29
9 631 524
38 254 71
73 607 542
23 494 46
58 42 634
13 152 235
47 331 611
43 388 489
30 300 123
15 374 83
63 798 45
50 813 311
73 821 217
10 531 236
21 269 664
37 527 149
36 625 203
47 216 6
76 546 226
46 764 190
86 597 107
67 95 193
92 604 178
26 805 538
16 538 199
23 703 126
8 244 234
11 434 502
25 616 646
90 81 392
50 59 460
84 819 243
83 719 537
65 450 334
36 347 310
3 21 438
80 688 24
67 467 56
47 127 208
96 783 276
13 168 617
62 112 314
54 803 155
8 709 287
45 317 604
60 217 12
94 41 35
65 800 408
29 667 349
75 722 307
31 475 257
28 301 10
22 391 47
37 523 487
95 448 163
59 720 191
87 235 122
95 356 254
79 381 109
67 796 532
88 818 497
47 358 501
87 256 258
54 15 252
53 320 244
83 378 342
58 571 603
91 673 407
19 710 77
12 73 90
15 47 450
50 785 479
27 230 168
38 461 408
96 372 447
97 225 648
45 19 317
63 776 166
21 640 516
73 144 415
8 70 470
52 667 161
17 420 638
65 634 18
27 363 226
44 68 75
81 645 385
86 192 387
56 671 435
63 718 498
63 172 130
11 217 338
11 180 344
47 440 454
78 38 109
60 74 147
47 724 559
90 506 132
22 807 566
86 501 608
26 549 322
51 832 111
52 565 404
82 764 415
23 353 156
81 235 197
12 714 123
57 695 380
70 517 584
56 366 617
0 348 616
99 550 316
57 294 82
66 329 559
68 297 478
52 763 178
65 394 635
27 59 479
32 374 657
82 733 321
79 503 191
39 49 71
13 800 187
38 150 297
37 360 54
68 395 11
26 584 482
88 30 506
86 598 150
79 473 645
83 344 526
41 660 5
30 685 620
33 823 102
4 826 239
64 832 149
57 437 168
64 745 17
52 498 583
64 96 136
50 456 186
100 183 491
0 560 253
84 168 112
0 782 128
72 269 464
50 338 436
31 3 592
81 96 642
26 445 451
96 147 190
43 318 362
65 28 168
59 24 5
88 692 649
6 783 667
33 496 403
49 773 605
100 93 144
1 834 557
30 511 447
62 175 237
58 749 345
52 792 637
7 433 13
26 33 393
70 81 412
32 666 56
20 18 155
12 809 436
47 568 6
94 481 60
7 113 585
50 9 76
69 272 198
92 178 530
30 196 298
59 726 21
81 576 159
42 699 55
53 143 637
82 35 360
6 413 139
92 502 291
5 516 46
7 233 402
17 756 114
87 20 324
38 446 639
52 281 250
30 652 125
24 81 360
44 30 391
19 590 247
83 280 58
94 767 258
22 703 4
21 657 414
99 182 618
11 434 170
19 248 350
94 783 441
45 520 545
62 264 159
91 271 414
98 168 38
63 284 388
81 441 198
5 58 482
4 193 569
31 165 266
24 553 32
90 225 94
30 804 445
84 87 412
66 696 147
9 55 623
23 742 116
73 562 608
6 456 76
50 479 607
14 624 366
2 486 510
21 494 384
47 566 304
74 732 72
30 495 560
88 636 23
90 617 668
88 139 134
99 260 427
28 258 35
81 370 107
37 687 373
7 598 397
29 321 60
55 340 66
80 108 347
70 512 450
31 9 202
100 45 208
100 333 340
18 636 13
23 630 572
20 110 388
50 479 229
2 603 185
56 673 354
100 500 128
33 10 133
47 10 668
62 824 168
22 438 205
39 542 398
16 499 530
58 478 654
11 381 504
39 226 348
75 762 420
26 601 343
5 637 642
100 381 611
7 488 607
100 722 309
86 655 303
4 252 158
59 411 222
45 766 298
31 448 242
51 829 412
44 432 536
69 252 208
13 233 219
30 441 207
33 131 436
33 352 642
68 687 244
69 589 494
50 436 434
12 455 581
49 231 189
23 779 374
77 472 337
57 449 375
22 686 546
31 212 177
26 0 434
34 344 127
70 547 606
37 381 472
85 539 406
41 1 526
65 182 501
100 826 380
75 327 434
68 61 535
73 504 517
94 375 591
9 832 302
53 490 256
80 469 424
19 219 342
76 614 112
0 818 314
40 207 111
9 390 452
50 456 574
32 25 415
42 218 109
77 464 209
58 128 295
38 411 132
8 0 173
3 546 293
71 684 67
73 514 647
19 30 294
54 377 256
18 620 173
29 446 91
68 414 625
46 161 470
90 226 53
45 763 266
64 380 497
67 145 83
44 717 4
66 459 563
9 324 589
45 486 621
64 788 549
34 643 46
91 200 469
11 710 149
58 90 300
43 646 366
89 38 256
20 43 432
6 115 97
59 461 248
55 141 396
64 96 260
70 238 613
47 93 492
69 723 534
92 268 82
90 332 304
78 89 638
90 837 227
37 137 74
89 260 29
50 486 95
3 440 257
91 205 577
91 827 377
29 308 50
79 363 415
5 473 648
92 181 367
57 435 432
54 616 670
1 50 497
6 452 359
45 749 29
20 312 224
74 294 107
43 537 451
96 519 401
30 385 458
71 587 533
51 371 166
45 667 606
99 107 68
58 81 657
41 407 393
19 304 419
98 260 241
52 664 359
34 600 451
38 496 91
74 502 126
19 520 222
76 95 310
25 306 298
13 510 453
14 38 105
62 786 463
99 541 558
100 708 1
40 779 140
98 467 109
55 531 411
31 802 116
70 637 57
62 148 121
96 32 319
65 64 476
95 69 648
87 281 662
3 411 468
99 510 364
62 444 466
52 424 576
72 412 154
17 767 123
49 424 264
86 422 97
99 113 427
59 373 426
38 513 74
20 338 596
3 598 64
45 778 194
43 632 29
38 512 438
63 129 628
41 212 421
46 659 221
94 191 339
4 48 126
49 486 657
51 111 451
3 776 584
13 678 119
48 742 340
35 653 136
33 492 20
80 490 607
84 698 102
50 320 290
64 231 261
32 292 260
100 344 524
89 379 222
65 336 466
77 706 225
19 642 388
67 45 181
54 359 206
17 653 307
46 547 197
82 462 265
18 680 177
89 287 243
57 257 13
79 407 303
4 532 650
22 728 282
41 268 636
72 321 273
21 322 280
6 730 662
25 353 380
5 619 620
41 141 188
95 537 587
84 781 597
42 763 391
20 566 498
86 326 638
40 153 151
20 541 631
41 530 194
78 152 254
23 792 377
1 336 341
4 803 546
18 330 243
6 481 555
23 162 143
67 240 503
68 120 584
38 123 135
62 428 237
58 323 141
13 817 111
61 62 48
50 156 276
87 423 21
25 177 339
25 527 607
73 90 296
74 11 59
27 716 469
18 289 80
73 285 613
71 441 309
74 737 453
52 657 554
50 694 594
70 822 176
87 597 249
84 778 465
96 657 287
39 273 621
41 270 649
22 448 343
19 118 598
26 642 283
5 783 421
16 165 196
69 574 415
48 359 111
43 17 41
57 580 30
13 602 94
60 831 248
35 218 87
83 584 158
40 187 395
77 751 216
44 274 159
19 449 129
34 831 467
39 619 631
3 234 512
86 399 48
83 596 223
40 41 27
3 192 58
5 117 621
89 819 28
93 809 441
75 325 92
31 344 563
7 441 358
18 237 633
90 93 541
63 311 85
27 214 137
30 563 282
43 780 457
76 1 161
12 508 425
45 281 38
32 529 431
53 573 667
82 671 52
21 53 490
74 43 18
83 23 583
41 350 136
23 700 394
17 277 324
21 596 363
74 190 243
78 349 349
51 387 631
98 467 480
51 83 466
44 514 239
98 443 182
82 285 450
0 129 579
75 641 198
84 153 461
66 626 316
1 388 642
4 665 576
97 24 464
67 629 564
61 56 354
55 368 181
1 461 208
75 643 19
74 153 42
27 202 337
4 47 185
67 821 17
17 417 238
75 761 522
39 418 669
27 440 514
91 798 626
77 275 148
73 132 324
46 148 136
42 229 139
59 637 226
97 239 297
39 781 205
88 430 70
80 5 594
14 739 225
64 172 351
7 368 208
76 606 535
22 763 645
53 37 122
29 402 608
33 796 504
46 463 654
70 124 362
11 758 374
79 556 579
27 338 139
72 13 272
29 17 500
57 461 50
36 45 286
13 774 634
31 666 276
70 667 336
59 700 180
44 615 282
74 715 345
80 235 410
99 180 3
59 431 347
74 299 195
83 174 314
56 717 617
22 75 4
38 63 231
61 156 630
19 588 194
32 198 665
88 678 466
76 407 610
18 100 237
56 597 432
73 406 91
36 118 397
43 560 99
60 474 425
94 247 665
97 356 364
80 58 522
41 511 211
92 170 267
80 191 360
66 219 269
61 521 472
98 156 539
92 103 303
28 609 173
26 710 597
7 633 33
96 25 52
86 744 157
58 620 51
2 31 388
72 165 21
19 762 565
8 616 280
35 345 234
7 541 270
19 27 472
49 683 508
57 142 120
20 447 416
75 226 94
61 118 135
47 478 35
96 399 592
29 445 127
41 245 269
55 143 143
44 340 80
1 567 543
15 296 518
86 692 79
54 286 114
35 92 319
67 146 350
54 548 88
49 754 366
27 71 515
54 381 1
18 315 508
93 315 565
62 470 69
17 626 629
76 351 376
63 747 544
41 367 86
33 105 623
67 152 85
97 63 541
93 624 191
4 709 307
73 638 433
51 295 489
38 248 421
5 384 12
25 384 330
97 629 499
72 416 609
82 739 265
24 111 195
65 578 102
46 784 317
75 644 397
95 817 208
97 189 153
29 293 340
68 771 24
53 203 517
47 347 345
41 822 121
86 489 632
78 761 531
43 481 236
61 65 246
11 360 165
53 782 209
58 647 280
68 635 345
21 243 422
18 308 217
52 344 344
77 364 431
64 419 431
82 508 534
85 224 39
58 137 261
79 148 107
4 832 271
63 617 318
72 356 17
2 22 235
56 50 71
84 487 196
32 532 546
29 112 549
76 654 557
34 93 138
70 16 487
81 85 181
43 694 79
95 46 603
82 13 491
70 577 225
17 402 465
42 360 369
93 436 145
2 724 40
9 700 218
95 68 184
7 480 81
69 548 545
87 463 566
8 123 245
86 823 86
96 102 15
89 123 104
91 125 326
53 808 527
98 18 397
4 710 131
12 765 245
53 390 415
98 172 344
32 118 285
74 280 119
12 331 229
64 716 129
88 699 589
92 59 627
82 300 390
92 271 410
60 582 421
73 790 421
24 199 640
97 139 543
8 506 106
32 537 0
70 345 218
71 37 111
95 176 159
19 651 82
81 647 200
67 395 618
26 644 202
3 350 451
10 181 616
67 675 566
1 780 264
54 780 465
3 805 402
80 343 179
65 71 542
49 701 404
41 263 244
71 813 357
44 537 117
99 18 216
92 656 424
16 635 296
45 292 340
0 665 447
95 291 86
83 174 407
55 422 442
69 206 59
0 162 87
49 504 240
31 578 193
48 645 129
28 446 94
71 625 171
9 523 235
83 376 394
12 251 110
81 344 657
80 353 259
100 457 304
15 790 345
34 811 294
40 172 639
21 590 261
32 447 428
61 349 46
74 253 551
98 341 65
83 260 384
32 461 80
75 218 473
82 288 644
59 110 387
97 533 358
24 348 265
67 822 224
100 188 153
63 360 520
40 141 430
95 294 216
23 111 565
60 474 454
70 546 151
45 61 124
53 577 473
24 235 470
36 333 405
60 343 669
74 374 238
90 377 332
25 467 343
8 109 432
73 460 559
57 236 552
6 541 391
75 35 653
32 582 261
91 97 91
53 91 47
89 495 135
7 228 564
10 443 317
50 393 649
91 670 423
21 449 57
68 164 609
50 355 475
41 63 480
63 626 391
86 522 475
75 377 356
98 550 428
25 832 126
67 352 281
8 708 469
8 196 17
0 462 605
63 689 462
51 249 271
96 714 511
86 273 255
79 114 249
47 51 308
53 491 298
10 709 210
27 654 477
3 743 233
78 432 248
48 34 128
99 564 68
63 405 20
54 683 355
68 12 323
88 305 399
79 599 255
34 696 486
11 169 499
68 358 83
33 149 301
94 445 641
32 200 466
50 812 510
7 34 468
29 323 530
23 644 425
61 632 263
45 205 335
56 336 386
51 360 133
38 571 512
95 362 193
69 500 649
89 446 349
72 387 231
37 437 637
73 827 635
21 171 19
78 645 301
23 475 33
28 490 376
68 95 329
48 399 227
75 549 312
68 539 199
42 44 370
0 403 83
45 394 309
39 404 100
48 140 169
13 54 120
61 128 42
88 613 384
89 715 179
45 659 303
5 394 351
24 529 627
98 688 344
53 530 638
13 743 31
79 218 304
45 113 221
33 10 431
19 421 425
24 541 154
29 605 544
2 723 55
10 748 585
18 349 510
5 711 464
75 670 465
63 833 513
62 107 438
27 543 586
71 387 635
81 581 423
30 721 511
78 702 667
94 337 98
85 670 491
63 590 135
45 822 216
9 489 128
75 651 544
55 214 546
59 622 657
86 803 642
81 705 57
86 669 234
49 138 240
93 349 525
36 311 478
83 646 79
98 835 452
76 425 73
23 422 165
30 110 298
36 197 420
98 173 655
90 235 135
39 512 552
6 627 305
48 107 455
6 297 646
38 100 282
84 266 658
29 800 433
5 678 180
48 579 373
78 838 460
99 495 603
32 323 624
17 467 425
41 121 297
66 204 135
45 207 640
18 527 426
49 804 104
23 181 589
32 7 350
66 253 213
29 329 501
22 603 245
23 43 206
55 375 666
80 621 598
13 551 406
92 733 365
47 719 147
91 624 633
76 372 542
10 753 561
0 482 510
33 492 30
53 466 189
45 138 395
32 375 512
75 727 304
27 607 265
76 340 571
56 756 105
82 449 73
65 426 312
69 305 69
72 114 65
99 707 4
73 685 257
11 792 403
35 226 195
7 79 455
1 838 68
65 485 264
19 354 337
40 611 112
96 320 5
55 49 2
66 301 570
50 333 10
84 15 238
35 830 276
48 362 208
51 417 592
4 619 498
55 771 626
26 600 432
72 399 377
35 164 525
6 427 414
51 115 205
52 831 498
51 643 68
43 223 117
49 386 605
27 450 102
24 658 581
34 654 560
83 28 596
58 672 6
81 760 319
100 422 457
19 257 39
55 319 86
83 689 190
75 805 367
14 395 240
5 678 46
14 608 213
66 123 149
40 637 635
15 149 608
45 89 151
54 590 130
34 607 67
47 741 370
6 512 249
23 691 174
22 573 587
16 569 264
0 636 95
67 477 156
28 34 17
34 28 459
57 310 521
64 217 63
66 739 554
60 437 70
75 518 48
69 113 628
11 400 154
46 551 431
67 99 466
6 753 663
74 569 427
31 473 640
85 12 378
55 209 265
91 0 116
23 133 336
69 720 374
42 511 333
91 572 574
3 802 402
51 819 595
99 462 629
100 199 211
52 2 489
85 62 158
24 673 114
68 521 587
43 178 18
76 287 579
15 155 395
13 284 256
94 584 349
51 244 400
45 404 453
75 135 334
58 381 317
65 785 333
9 702 231
57 670 148
9 758 24
48 520 641
31 657 120
15 300 159
83 536 96
52 27 124
96 315 306
59 263 85
78 237 54
57 306 641
34 100 219
31 517 353
76 223 0
38 154 143
32 454 338
56 91 155
66 77 86
12 592 165
5 372 360
3 440 273
5 646 108
2 171 144
6 262 101
60 476 504
65 491 196
15 690 502
2 244 574
42 374 283
76 343 55
73 217 368
21 437 170
34 533 68
6 346 561
9 731 530
67 729 531
45 98 297
0 622 580
7 105 236
59 764 510
76 303 301
50 407 291
2 59 309
38 511 571
17 40 657
78 264 620
17 322 15
39 31 359
4 152 200
14 383 251
47 34 119
68 663 559
81 293 29
19 445 66
45 627 203
38 432 625
93 816 456
100 100 52
19 233 341
81 482 645
46 417 461
54 499 272
100 27 125
51 222 194
81 61 218
96 312 324
59 838 375
91 236 641
74 805 205
30 340 203
8 707 9
62 752 125
63 322 638
1 9 376
100 100 57
26 106 101
86 239 578
65 617 48
28 743 264
50 584 661
60 550 40
12 486 69
93 172 492
42 114 345
61 263 259
43 792 515
0 679 613
2 772 558
56 825 126
26 577 619
14 504 242
4 428 366
32 65 451
19 465 168
18 801 162
78 127 501
54 701 116
72 564 574
74 457 669
69 50 491
27 230 169
44 695 102
35 665 515
33 473 304
38 91 370
73 276 50
19 292 240
21 575 396
39 199 505
5 60 127
45 684 15
8 770 198
42 300 94
40 505 340
0 682 63
54 611 102
38 221 81
7 699 142
8 287 595
0 229 526
46 749 182
0 443 522
89 698 155
84 520 334
19 291 571
43 335 505
11 516 162
18 376 401
64 535 496
95 692 82
13 434 248
72 308 358
57 490 55
30 237 646
58 430 91
80 648 592
38 712 668
2 193 652
84 101 185
72 301 342
22 837 248
20 422 339
90 14 516
9 693 368
33 743 71
35 277 252
97 808 494
14 812 538
15 822 370
11 154 104
50 408 195
73 439 514
57 438 319
10 90 147
75 315 366
51 198 311
0 287 608
60 413 346
54 783 192
5 800 213
64 801 338
100 12 459
32 354 567
6 543 171
66 243 103
93 444 80
78 452 267
97 13 469
26 262 577
47 513 76
53 804 597
92 61 179
3 397 70
55 100 257
79 93 5
4 765 596
59 810 428
89 738 187
1 332 579
99 800 87
33 56 595
20 262 550
42 105 472
38 817 158
34 776 329
54 716 205
7 156 148
27 832 9
2 722 623
47 80 314
50 709 400
9 127 79
97 355 351
99 345 580
17 609 224
26 743 290
82 164 114
88 186 36
86 764 253
76 478 159
93 691 607
54 224 194
19 494 520
65 51 20
82 799 555
26 192 457
54 105 376
45 291 480
78 343 300
89 310 387
22 133 224
93 503 521
38 783 568
59 804 250
72 537 389
21 746 262
9 781 399
12 466 19
53 224 219
67 468 287
91 816 564
44 336 489
35 576 537
6 101 18
72 835 318
50 644 187
48 412 541
91 408 505
74 227 328
23 666 544
84 588 556
97 658 93
87 251 503
54 310 293
91 127 263
26 2 173
69 249 460
100 111 461
91 252 130
35 227 336
13 574 164
64 741 531
48 809 501
52 738 427
15 308 548
49 733 327
29 763 93
42 259 491
16 107 495
10 222 406
32 22 568
19 163 243
85 549 482
76 314 222
48 334 243
42 288 271
44 804 50
29 279 472
28 304 558
50 810 473
6 132 416
25 16 485
81 623 256
95 672 102
88 264 218
1 627 554
90 15 358
59 772 266
98 350 159
91 403 143
32 3 591
30 590 384
12 436 202
100 377 20
81 540 106
73 709 515
88 551 577
49 553 325
12 686 624
82 209 228
21 437 436
92 463 459
90 668 442
44 11 13
4 455 73
61 145 566
98 199 554
74 589 220
73 823 376
50 432 321
35 799 425
88 250 362
60 818 227
69 679 299
23 442 264
88 210 220
24 176 195
35 38 148
13 295 289
96 135 37
73 727 353
51 660 540
57 126 99
9 171 245
95 673 409
18 421 617
67 475 566
73 765 131
97 292 202
3 101 422
93 277 177
52 453 615
23 325 415
78 78 7
33 748 81
62 711 417
64 193 24
6 232 572
47 397 238
16 191 595
38 217 185
34 606 463
99 210 574
38 186 534
29 223 406
94 71 35
49 600 646
43 514 562
60 718 77
82 229 618
66 1 389
26 366 66
84 833 316
80 234 68
10 52 471
85 311 23
61 174 566
71 681 169
50 656 77
60 792 216
41 263 636
2 753 454
82 209 367
8 608 37
65 221 576
52 722 64
75 183 74
54 286 618
98 449 229
29 545 421
57 748 554
62 309 113
8 672 94
12 242 11
66 560 512
12 39 79
28 146 537
11 469 143
68 286 261
46 522 461
80 82 147
23 538 407
73 255 554
72 57 144
54 475 305
61 487 460
29 403 65
50 222 524
44 243 536
24 142 11
21 387 22
53 255 587
3 122 48
75 210 146
82 431 77
39 460 441
65 675 76
2 685 96
26 513 215
49 219 516
11 293 255
9 505 473
97 358 5
86 711 440
53 822 90
30 140 338
33 404 375
3 170 319
73 492 143
82 369 155
3 132 407
99 51 655
33 46 399
85 98 334
88 812 317
27 206 27
4 819 575
53 522 231
99 757 306
91 742 640
38 830 62
94 126 433
1 52 524
56 719 9
5 88 118
67 85 636
15 59 545
46 26 523
43 494 206
53 762 400
26 332 631
58 755 339
94 41 275
43 514 268
81 18 350
96 491 574
82 341 373
55 635 356
11 694 372
36 599 319
25 447 519
86 336 314
51 431 404
96 545 149
64 422 509
47 446 582
81 420 387
60 96 178
53 216 340
79 503 612
76 358 361
19 418 147
83 585 465
52 403 126
79 653 525
95 703 96
5 196 58
99 536 361
9 65 595
95 509 278
52 31 4
50 15 279
28 590 492
59 171 344
20 659 165
72 44 480
58 88 121
58 595 301
66 770 54
22 340 163
11 9 605
1 693 517
31 80 611
37 42 527
69 726 670
55 423 150
30 41 205
32 469 537
29 363 32
27 690 645
41 697 212
63 798 621
37 838 91
80 274 468
95 386 353
16 34 369
64 144 570
41 690 44
81 793 268
29 283 514
85 476 550
55 375 302
67 576 639
69 274 487
34 675 495
16 141 261
25 682 377
30 480 439
68 10 641
77 713 592
49 318 368
37 634 249
92 183 215
31 261 503
80 656 515
61 747 368
52 124 657
3 53 561
49 286 531
94 340 492
79 220 186
53 538 124
96 332 512
39 644 177
5 393 132
72 258 374
48 422 56
60 508 603
43 801 168
3 656 362
100 548 155
63 805 435
92 803 668
60 465 80
4 34 549
18 94 663
68 92 294
91 217 332
87 189 196
4 457 518
66 519 638
79 260 322
33 270 227
59 2 462
84 559 601
17 317 625
31 816 631
92 773 337
91 676 668
87 733 575
11 774 580
63 72 486
36 54 433
25 434 629
83 273 401
98 186 1
96 279 329
47 617 167
88 224 124
49 766 309
68 387 143
31 301 197
97 131 6
22 503 285
98 426 417
78 304 238
12 602 333
44 119 438
61 101 373
2 545 629
59 656 359
7 340 21
89 144 209
11 291 641
99 778 175
58 277 609
58 831 14
11 515 106
51 187 174
44 15 239
45 669 142
58 273 446
33 252 524
66 343 22
33 751 79
48 665 124
40 179 359
12 543 566
63 189 484
81 455 520
65 130 309
40 668 487
59 731 405
58 302 535
55 709 615
6 618 627
59 490 455
26 601 329
89 414 216
27 169 188
53 230 240
61 639 4
37 341 102
94 120 666
84 308 424
34 495 236
30 815 116
81 45 389
69 453 514
3 432 234
55 87 546
36 585 584
85 445 77
29 326 646
26 244 390
92 784 102
50 727 374
60 104 270
30 736 353
67 40 97
15 371 506
66 538 34
93 191 668
99 661 126
11 639 608
7 597 529
48 277 162
11 721 543
24 100 293
80 782 391
76 828 342
44 702 289
89 313 592
26 421 192
43 437 148
99 657 235
65 97 230
7 836 457
32 366 626
14 391 379
89 696 176
38 70 606
95 391 401
17 544 232
61 657 663
58 350 19
2 117 234
79 488 441
55 542 137
94 692 446
76 607 472
87 26 63
37 575 407
43 431 639
99 460 41
47 726 656
0 594 241
76 173 489
34 776 514
54 528 386
30 256 596
90 110 615
41 825 255
65 217 36
6 765 402
12 55 302
41 441 23
39 309 321
59 376 67
72 391 325
14 441 133
47 197 73
13 80 515
19 618 139
90 543 459
60 79 563
34 467 226
5 270 367
18 32 582
78 698 221
42 414 295
36 492 546
17 759 598
98 328 116
13 543 24
85 756 14
67 421 411
42 564 632
8 447 381
20 13 544
52 132 594
10 788 628
70 154 29
5 79 194
23 261 407
81 595 154
16 428 240
83 442 21
7 374 475
60 787 486
94 185 272
15 677 634
10 613 82
8 503 609
1 767 406
5 837 412
28 253 209
42 301 18
92 503 496
23 290 498
67 545 589
79 615 296
81 536 376
67 295 403
80 757 453
98 647 222
12 725 273
11 28 554
48 361 582
23 81 250
67 474 419
6 549 488
60 60 65
84 483 151
46 708 528
18 477 435
0 77 26
27 468 9
77 647 213
43 101 181
0 219 663
27 412 349
44 302 649
1 254 138
1 364 180
31 127 397
84 160 427
6 556 640
90 467 293
17 114 640
9 464 570
96 568 574
58 468 664
93 270 89
