294 195 2760
53 47 9
67 276 82
89 30 109
12 170 76
86 114 123
86 229 19
88 37 113
59 205 158
85 280 168
69 200 114
75 275 94
4 78 76
87 200 128
54 233 46
74 123 127
57 122 151
63 148 175
84 88 99
29 1 50
85 135 42
35 64 181
75 127 74
83 122 124
32 86 150
50 3 144
92 289 171
8 56 130
53 204 179
48 235 44
56 214 178
73 201 101
100 210 102
45 132 71
94 274 24
49 65 137
80 248 101
63 11 163
40 70 10
36 147 131
33 262 123
36 141 107
55 166 114
58 30 141
61 186 102
71 97 61
19 229 111
74 85 143
68 90 14
78 256 108
87 179 67
95 113 117
52 261 186
86 274 77
43 171 11
36 66 1
23 52 85
5 68 81
56 15 134
6 193 183
35 121 115
88 36 29
4 256 180
21 41 167
88 277 135
65 249 100
95 145 102
31 150 124
50 146 71
33 179 88
69 28 88
48 162 157
36 134 102
37 247 172
3 151 55
33 162 91
12 101 179
16 184 50
39 102 154
60 81 46
35 288 135
47 163 166
10 12 57
2 223 74
4 179 51
5 17 65
19 223 36
74 73 94
83 215 166
85 206 23
8 13 27
42 68 111
40 258 80
61 275 18
68 111 65
98 240 60
94 281 150
21 103 71
99 131 58
50 1 152
10 30 180
39 261 15
67 141 67
18 147 82
6 90 177
85 134 14
97 232 81
74 75 135
93 5 57
10 73 89
10 47 68
84 64 30
56 216 107
24 220 18
62 51 62
36 207 152
73 36 54
74 163 18
69 229 161
89 103 59
62 211 10
89 113 67
47 221 52
90 253 30
42 102 174
11 166 165
2 81 120
34 276 100
44 208 14
0 130 107
23 88 145
34 60 101
1 75 108
80 28 30
84 211 124
96 280 85
61 90 154
46 140 138
79 278 128
92 43 54
91 289 64
96 61 4
81 154 128
53 40 123
10 189 49
40 24 12
43 132 143
26 259 145
51 103 115
3 248 161
80 23 17
57 216 65
82 135 21
46 89 140
4 119 167
54 56 142
63 257 138
82 265 187
92 47 41
68 76 78
90 270 30
44 225 183
99 103 105
9 171 188
70 184 32
58 275 77
47 120 169
48 37 7
9 93 63
26 57 143
19 103 21
78 90 137
88 136 114
26 143 95
48 227 29
49 278 56
49 76 58
73 246 28
97 214 51
73 273 189
27 147 54
48 172 184
90 183 33
35 201 155
89 165 26
58 166 20
63 277 150
92 32 37
9 223 176
63 30 137
17 160 141
75 91 21
17 128 167
56 269 177
86 206 162
87 209 154
49 229 56
85 206 66
91 45 31
38 48 181
38 89 169
37 81 159
18 270 140
91 197 51
51 64 97
62 229 132
32 214 28
28 110 24
16 277 68
53 191 149
57 252 155
25 122 142
48 258 23
90 262 74
79 70 100
39 249 186
44 283 101
43 89 167
25 232 33
40 18 82
44 92 133
61 118 62
40 189 30
9 170 185
98 213 191
90 135 36
1 6 34
9 21 21
59 204 142
45 216 164
34 187 80
80 15 191
67 255 121
74 52 93
60 116 16
82 207 128
29 234 142
94 122 35
82 139 163
99 117 23
46 52 107
90 110 22
3 199 53
10 173 192
69 105 163
97 130 82
21 51 163
45 231 147
29 127 121
69 225 112
68 247 65
19 230 169
84 222 65
37 119 10
95 41 34
32 7 172
95 30 99
98 133 150
71 188 53
14 171 24
14 23 182
71 215 134
89 205 127
29 2 161
46 17 14
64 106 23
21 23 157
95 193 95
70 56 101
99 151 77
29 186 29
19 6 159
99 3 131
3 3 18
90 126 13
99 36 36
59 182 152
33 105 48
13 18 171
0 55 116
39 72 159
40 80 6
38 180 164
78 133 89
59 136 14
75 79 13
79 281 24
70 156 150
42 39 151
28 179 174
70 109 70
11 113 127
100 239 46
84 280 34
72 99 166
69 132 41
6 134 129
71 250 76
20 147 61
80 95 14
53 20 143
33 202 111
47 210 32
85 137 22
71 181 89
95 156 37
57 12 38
65 180 10
6 67 179
11 91 119
20 229 160
80 143 171
58 2 159
42 38 60
78 10 182
69 261 95
8 144 194
45 272 46
67 111 133
77 267 100
16 32 124
6 193 131
22 260 152
92 127 4
55 155 188
97 156 84
13 172 116
31 5 67
49 261 145
14 121 95
52 29 5
65 42 157
43 242 112
41 108 159
18 104 136
76 34 2
88 133 163
21 6 85
87 3 105
2 56 5
93 258 72
83 179 1
48 56 180
96 9 172
34 146 26
75 162 101
38 56 182
47 98 193
47 46 109
53 272 114
50 205 125
70 126 37
88 192 135
64 193 13
70 82 147
22 167 14
52 158 175
31 278 172
3 194 81
36 52 190
2 56 61
75 55 20
67 146 157
46 255 134
46 158 116
2 276 165
71 19 12
86 134 2
100 264 95
66 0 138
95 187 58
64 273 142
97 70 175
90 177 112
100 189 168
21 91 183
12 274 50
55 239 16
79 1 53
34 200 141
5 68 27
100 98 146
100 132 172
79 51 31
41 176 54
98 33 160
17 100 76
43 48 78
3 41 74
70 276 13
68 163 62
42 64 150
30 212 15
29 30 21
89 193 165
18 163 30
2 188 78
69 188 109
48 225 117
27 15 9
32 236 12
23 220 111
13 122 31
61 273 157
84 289 13
94 162 82
42 2 43
77 100 159
96 19 169
80 207 94
44 66 22
14 40 102
3 10 68
70 100 5
30 27 34
92 272 117
87 125 24
14 197 15
71 274 158
46 267 178
19 266 95
92 182 90
86 106 21
64 7 171
63 241 2
59 145 59
2 217 19
46 153 110
74 145 10
61 99 190
39 129 1
91 259 75
55 284 88
31 91 151
25 236 78
50 136 86
85 54 27
94 2 65
50 155 164
82 34 27
98 230 193
46 116 65
27 136 65
34 226 90
32 99 184
31 185 186
51 281 194
13 49 69
94 63 124
85 148 7
84 39 7
27 53 28
14 81 47
20 271 95
70 31 26
97 142 163
28 176 187
10 222 10
78 240 110
20 32 28
48 179 37
35 226 74
59 41 65
81 237 8
67 101 182
41 250 7
60 18 48
1 182 41
10 203 95
20 125 154
30 176 62
63 124 71
43 109 138
23 17 27
25 140 190
63 126 160
69 186 56
96 146 6
56 152 65
1 95 90
46 270 53
47 108 65
99 4 59
0 174 15
47 121 30
71 224 129
25 244 22
80 167 97
77 103 6
54 27 18
92 258 33
31 10 118
89 146 64
52 251 46
86 269 1
21 277 69
64 7 123
73 118 128
71 53 70
30 92 72
64 169 107
34 187 7
70 283 186
59 113 83
56 68 48
2 148 153
6 219 68
9 283 41
31 114 163
11 4 65
53 147 13
43 193 98
48 177 134
38 57 90
25 221 186
63 85 7
87 56 143
8 280 114
77 202 70
85 250 52
57 1 181
31 162 169
71 207 130
77 243 95
65 30 26
37 75 136
97 193 189
15 131 176
43 28 128
69 208 104
40 64 143
76 54 142
81 129 101
27 187 79
31 116 25
67 39 161
90 84 129
41 43 97
38 245 166
91 232 128
72 211 96
82 277 55
79 186 136
28 96 163
33 220 51
93 151 71
10 176 114
94 85 77
6 258 35
85 1 122
51 108 136
34 93 72
59 199 150
40 282 87
86 244 105
98 186 123
54 118 175
30 13 69
85 111 69
86 145 81
48 59 30
7 29 115
46 260 25
86 40 54
95 274 184
18 255 130
62 246 130
32 108 21
69 186 31
50 226 101
52 242 170
14 104 119
5 281 188
5 192 12
48 208 181
85 55 101
65 242 156
35 272 52
2 267 71
79 204 76
25 79 134
70 128 162
69 15 100
70 144 107
26 20 114
88 60 52
69 255 98
29 274 56
63 142 187
82 33 170
51 5 11
73 43 27
57 94 182
42 128 143
73 131 54
80 164 131
82 257 7
3 264 92
23 212 117
0 136 84
53 159 83
66 223 100
49 261 49
91 58 159
70 269 93
59 126 98
40 282 194
79 46 19
35 265 22
86 82 57
90 227 35
95 16 36
35 128 72
34 254 93
33 2 148
46 181 47
72 271 101
27 278 191
31 44 179
5 279 187
75 85 162
98 158 137
45 66 120
100 60 107
89 157 45
3 246 181
76 36 51
49 160 147
59 159 72
11 221 147
33 11 136
46 77 39
73 150 171
77 112 13
7 201 1
81 187 72
29 127 173
75 98 24
58 17 168
53 173 65
41 80 170
48 273 160
38 264 94
82 59 60
57 35 65
87 257 180
94 64 75
72 190 101
59 195 72
52 216 89
12 23 136
80 227 22
79 221 163
92 120 166
23 123 114
61 39 70
73 79 178
91 110 177
44 205 85
25 81 171
64 175 30
51 218 95
9 293 8
91 69 33
37 180 115
16 218 151
87 200 163
19 144 154
22 156 82
7 211 123
10 102 190
13 114 86
100 41 140
93 291 92
97 205 76
31 137 186
87 93 173
44 137 3
80 274 182
100 116 184
14 6 54
15 106 37
32 243 114
26 1 157
21 109 185
64 257 117
94 13 135
35 37 93
93 37 90
38 23 44
35 51 120
14 77 175
37 290 99
96 29 47
98 126 72
11 112 127
36 24 133
69 165 72
1 231 43
66 26 70
17 60 87
29 115 141
65 21 137
36 260 17
59 224 26
7 211 182
61 238 66
15 160 35
69 233 145
83 50 151
38 69 80
42 134 189
16 111 159
3 208 166
18 130 104
58 172 42
71 151 37
22 225 170
65 215 146
83 72 73
33 86 128
26 31 60
83 75 128
3 5 152
39 293 0
1 200 82
98 144 120
37 284 10
49 107 35
41 245 118
1 246 68
22 282 9
8 170 191
4 105 9
36 64 106
44 259 148
75 60 32
82 228 192
39 254 40
40 151 122
43 184 181
40 210 133
41 80 59
86 105 92
23 289 134
16 272 91
4 10 24
18 159 168
6 209 72
48 183 61
3 204 100
51 137 34
27 167 124
48 125 16
58 29 0
99 132 128
63 49 74
38 79 94
33 250 22
8 27 65
8 147 177
45 204 65
61 69 72
59 136 48
58 140 47
38 68 76
27 183 148
63 41 148
21 278 139
54 244 57
13 256 3
39 250 121
60 55 73
24 48 144
63 112 27
54 44 169
97 230 187
82 168 103
97 5 15
0 183 25
34 285 116
69 231 77
80 83 173
24 178 44
84 209 163
62 261 188
79 233 177
32 217 58
79 66 14
62 54 61
61 95 182
64 59 46
55 263 47
38 177 72
73 107 5
45 100 65
11 102 135
42 147 35
28 183 182
22 165 17
4 33 182
4 134 95
28 41 186
83 237 24
6 50 49
56 180 151
96 163 21
52 38 116
74 159 173
70 38 99
3 26 171
94 262 98
64 94 13
26 61 2
15 124 79
28 110 145
7 17 80
28 4 143
84 84 22
17 25 133
39 146 136
64 162 177
7 133 109
31 115 114
29 97 129
65 265 147
56 38 149
93 130 98
23 210 91
88 84 4
81 258 128
75 21 104
33 71 179
90 234 15
72 219 188
72 79 173
35 96 76
99 21 112
86 262 182
80 228 116
13 125 76
94 189 9
19 18 66
41 118 5
40 222 129
42 210 85
42 113 3
87 200 42
8 195 112
10 220 132
43 181 3
84 54 28
59 86 73
0 156 10
67 176 32
97 78 112
62 219 123
11 207 55
84 191 130
96 131 170
99 167 82
48 232 148
83 146 97
65 209 27
99 246 65
17 92 148
1 151 161
8 258 137
94 260 19
47 174 123
75 280 131
13 238 142
8 69 19
10 208 38
24 50 68
85 290 0
26 246 88
99 44 101
66 47 32
96 186 41
9 184 125
0 5 132
41 88 118
0 252 154
80 266 127
10 193 35
81 118 100
86 108 25
60 98 134
97 147 45
62 190 172
97 145 193
52 159 89
50 198 186
82 257 133
14 201 51
49 34 48
68 111 91
66 56 104
78 158 167
28 28 118
84 202 31
42 45 174
93 244 91
43 42 118
10 146 121
93 6 124
14 173 5
46 154 145
72 46 184
7 97 170
22 98 192
53 277 49
96 190 77
77 39 28
48 255 177
51 286 106
80 187 29
84 195 168
4 293 79
33 227 4
61 101 131
51 0 186
91 281 70
32 42 126
96 256 181
98 288 99
62 129 99
5 13 144
41 181 115
3 134 145
14 218 58
30 109 171
95 68 144
97 232 107
85 205 11
43 102 150
49 267 97
87 224 153
41 214 170
33 183 108
54 136 95
46 194 141
60 186 27
91 77 124
7 120 75
84 200 62
22 106 133
27 233 178
100 161 118
81 74 2
90 100 46
30 275 102
13 90 119
87 87 35
57 133 127
16 177 73
87 141 191
48 266 92
42 36 33
32 55 110
36 169 90
36 138 50
8 162 9
15 201 91
70 10 34
0 186 113
75 184 129
87 53 141
21 133 15
65 144 170
74 18 110
95 205 8
4 261 79
16 172 17
50 88 70
5 166 118
35 140 136
8 90 149
71 292 12
16 218 43
38 277 146
38 127 107
91 217 9
97 107 168
91 83 59
93 174 38
37 112 25
40 199 12
33 225 163
14 49 72
45 281 142
82 287 81
19 213 18
88 70 25
26 284 183
92 108 10
49 98 171
87 269 40
8 167 123
72 60 85
52 273 155
73 95 128
4 167 150
17 118 10
12 13 125
32 136 66
79 66 26
45 233 64
25 116 30
43 196 29
38 79 57
38 74 193
85 115 126
69 18 53
13 79 0
77 95 121
22 24 7
19 112 152
98 233 150
97 169 41
65 12 156
14 174 186
100 180 85
21 137 81
64 156 140
45 288 126
87 24 56
25 61 30
14 94 4
43 56 132
70 60 7
100 176 23
17 67 178
56 198 116
49 158 73
49 71 98
89 244 35
97 45 48
93 214 60
78 212 83
67 134 75
85 164 145
79 66 65
1 149 170
26 112 110
22 227 130
25 18 168
79 156 61
24 101 40
75 159 122
83 154 104
48 145 22
24 125 78
59 250 19
84 30 131
26 267 11
81 118 110
83 139 46
49 72 95
29 177 13
15 269 149
58 196 69
29 286 67
75 51 9
7 156 92
82 169 181
62 63 70
54 51 118
71 188 17
28 75 69
80 288 60
63 121 116
11 245 183
30 254 129
25 127 10
55 165 88
64 33 38
39 48 44
63 200 165
8 35 151
35 216 28
20 200 166
65 82 54
97 225 185
75 259 184
17 169 167
66 252 124
60 72 37
27 158 69
49 153 37
18 274 137
87 232 154
11 205 49
88 178 157
69 153 38
23 161 164
77 182 139
2 238 107
40 134 143
52 87 92
96 218 8
65 258 148
56 222 112
15 58 95
47 201 55
63 260 13
20 278 140
63 253 52
40 137 132
4 3 159
12 155 107
94 239 82
28 132 13
17 251 89
76 124 46
27 3 2
53 4 28
22 279 105
6 0 7
96 151 17
46 173 104
55 258 184
68 162 46
82 86 37
12 95 7
54 181 50
82 180 172
41 30 97
45 137 189
19 19 89
22 95 30
83 267 124
35 248 127
15 236 19
99 103 192
45 53 61
48 293 15
77 37 169
92 213 86
92 276 63
2 171 102
20 12 143
44 161 159
75 62 67
63 220 14
8 56 156
60 118 77
54 269 6
34 39 143
60 72 166
76 67 177
66 169 125
99 256 138
25 193 39
100 27 28
25 97 81
32 273 58
49 175 123
23 240 69
58 123 142
45 105 95
86 198 22
37 21 85
2 173 72
1 103 80
79 216 96
8 36 188
5 192 65
8 113 170
67 248 52
14 167 46
83 145 175
28 202 20
52 175 114
86 223 95
8 237 105
75 221 20
6 90 107
99 157 190
69 206 147
62 53 156
12 291 185
81 149 33
1 113 145
72 97 163
27 156 31
32 7 28
4 56 175
66 148 190
83 109 22
24 89 162
92 126 48
33 7 78
82 100 86
86 102 7
25 175 55
26 175 188
44 274 116
95 36 55
82 6 164
100 173 56
26 268 110
38 288 65
24 84 46
31 100 153
61 200 130
70 192 157
0 214 69
21 46 149
36 205 26
70 260 166
97 69 121
94 84 34
81 181 77
54 136 186
81 265 96
76 190 98
88 285 152
35 65 68
90 210 175
100 14 10
90 14 151
89 10 123
91 53 27
83 186 68
61 145 166
82 261 38
34 35 24
8 270 144
25 148 37
49 94 191
55 17 153
51 143 146
41 270 12
94 84 8
49 132 103
62 232 112
83 289 103
6 62 22
73 284 13
37 121 144
56 41 39
69 23 86
16 120 64
11 232 72
28 291 176
53 62 137
78 84 130
76 22 128
96 165 48
11 76 105
92 143 67
52 265 1
92 260 58
80 14 63
79 284 128
5 86 86
90 80 75
53 117 93
92 227 189
15 171 72
86 50 103
21 102 33
39 158 96
83 13 28
36 117 80
30 245 109
47 42 106
89 50 150
92 154 172
67 286 62
46 126 24
49 156 9
51 71 130
83 216 161
52 42 193
65 276 65
10 26 54
29 109 123
68 268 70
80 112 10
72 78 62
62 110 84
81 286 165
21 133 182
71 156 49
64 155 136
82 153 127
71 213 89
48 280 51
81 9 129
28 148 39
6 79 46
13 51 187
98 277 85
27 289 99
22 215 90
35 84 74
81 71 158
38 284 47
38 74 57
91 29 19
33 179 138
41 119 6
95 225 30
89 63 170
12 217 54
28 142 158
10 115 167
85 108 56
27 182 191
51 125 137
90 157 105
21 235 13
6 234 140
78 174 145
48 82 37
2 34 82
34 273 86
10 244 179
70 243 175
91 87 49
99 256 36
42 199 83
37 85 93
96 271 52
21 14 62
76 233 104
77 240 16
32 101 1
79 140 179
88 34 105
91 154 187
45 165 10
30 278 89
3 175 160
95 191 65
44 56 81
95 268 28
79 230 51
46 292 77
55 185 6
92 223 42
20 188 183
6 172 109
74 241 100
37 29 9
35 93 61
57 93 125
38 69 85
74 221 57
26 200 108
79 185 13
6 268 129
90 237 132
58 169 95
72 164 110
89 66 51
67 97 1
32 178 86
21 226 141
39 132 72
89 60 115
42 162 32
67 169 153
65 261 134
49 200 36
49 288 190
64 276 32
96 32 22
31 43 51
14 102 46
31 166 54
15 245 48
40 150 101
12 102 181
43 63 161
38 201 79
98 71 143
57 207 46
59 101 80
32 205 142
96 278 150
11 260 33
63 118 35
4 1 45
92 129 23
65 37 111
54 276 24
27 257 88
0 91 3
36 80 67
0 117 143
34 64 84
63 8 153
85 34 170
11 162 6
36 35 105
67 173 20
17 44 60
45 283 122
26 93 152
52 138 117
80 103 62
29 118 139
89 161 38
68 15 59
4 15 170
79 202 68
95 150 5
14 31 22
49 189 186
61 56 39
13 56 141
52 261 187
21 42 168
29 26 161
2 208 0
59 122 17
99 182 23
79 217 44
56 108 58
55 264 153
62 177 12
5 157 193
71 9 40
85 223 57
4 41 29
14 110 151
23 206 163
38 14 29
100 212 14
16 77 164
70 162 143
2 22 120
0 231 72
36 21 149
39 234 167
39 222 124
83 224 172
80 254 60
89 237 116
1 133 152
42 136 40
88 259 102
41 273 148
32 169 168
49 289 82
39 110 159
10 180 131
44 169 175
37 148 48
3 88 115
67 9 51
13 145 26
82 15 163
57 76 172
41 199 126
49 166 35
8 268 146
51 4 126
88 32 74
10 167 132
74 105 60
81 187 65
4 211 42
72 206 165
16 165 90
60 209 40
19 260 126
35 237 157
64 281 26
87 263 147
65 233 105
33 35 183
33 117 189
88 285 175
80 100 184
37 88 150
60 107 72
53 178 34
2 130 97
89 206 126
88 7 56
37 80 97
90 127 127
51 152 147
37 178 57
87 59 111
74 24 101
71 228 191
14 31 15
58 76 110
12 23 176
19 81 28
18 38 72
91 154 77
54 29 54
96 186 163
79 290 100
71 150 48
94 81 180
8 37 32
80 20 53
81 279 3
23 232 92
3 1 138
92 76 51
34 201 113
77 111 165
65 167 13
69 254 76
33 49 66
42 15 6
6 211 150
0 84 99
4 19 69
45 160 38
55 130 147
6 68 118
34 83 2
97 93 103
73 167 96
10 254 147
39 57 29
39 84 104
40 136 138
90 96 166
23 279 110
91 285 153
98 14 81
16 78 0
96 226 93
6 227 118
1 152 179
95 83 6
73 178 152
28 99 19
29 36 143
23 276 145
0 226 184
32 192 178
45 109 43
88 198 75
98 34 76
28 206 141
47 194 113
30 125 116
34 115 32
35 285 117
21 55 155
10 85 96
64 144 183
95 82 115
68 2 155
70 195 22
86 99 55
51 28 117
34 121 147
40 45 150
14 119 64
54 49 102
77 91 176
1 5 28
3 217 150
14 134 192
54 72 145
66 244 48
67 236 13
67 244 161
48 254 143
80 281 178
96 4 138
55 29 70
5 222 158
58 51 110
40 36 67
82 38 192
83 128 179
16 95 105
35 56 106
7 196 65
46 171 69
67 112 86
98 96 187
44 163 183
3 110 23
10 70 52
46 197 81
92 190 89
8 111 45
17 277 26
30 183 136
95 248 125
21 62 102
99 113 104
40 6 137
10 132 174
57 45 33
58 256 57
58 99 173
81 10 9
37 226 119
86 154 153
12 265 93
94 122 180
83 250 69
73 243 82
27 224 147
67 62 186
50 69 62
34 273 43
61 40 5
95 220 150
95 228 118
23 200 10
37 106 47
43 87 193
43 98 37
23 78 114
31 92 8
31 59 146
83 4 94
16 213 113
67 32 131
96 144 140
50 1 76
81 4 189
0 56 65
7 184 84
69 151 75
83 234 103
35 0 131
3 7 36
3 16 30
32 133 32
85 201 154
42 230 78
28 221 93
74 172 24
64 215 140
57 53 38
94 239 11
73 33 87
59 105 189
12 167 121
52 253 94
66 279 25
3 149 134
6 111 135
38 49 193
65 169 42
69 149 22
65 23 0
42 63 60
84 195 150
56 121 194
68 286 85
25 90 59
67 292 94
50 37 26
75 42 20
68 171 163
89 70 65
89 198 53
87 199 59
42 149 119
88 147 2
64 172 70
55 214 55
55 265 23
74 88 192
98 29 135
72 147 51
98 292 175
87 27 194
25 164 55
5 155 166
57 53 142
64 193 2
44 16 18
83 99 18
36 54 190
98 63 144
22 72 60
79 234 17
42 226 35
23 291 143
18 141 82
79 192 53
66 181 1
45 91 157
67 80 25
29 290 140
47 142 142
51 180 57
59 209 7
99 222 11
92 14 27
47 267 5
36 55 180
63 169 157
78 125 40
20 260 78
67 166 170
87 63 104
81 227 183
71 183 5
51 42 182
27 75 126
30 60 126
55 28 151
64 271 188
76 193 152
60 184 53
1 290 106
70 88 13
84 93 172
60 11 148
47 130 185
49 186 18
58 160 194
37 139 1
57 142 74
66 75 16
62 16 108
18 30 107
43 206 187
61 206 63
86 1 7
46 138 131
9 22 94
28 254 169
85 75 134
0 231 129
70 96 189
31 125 121
1 101 109
65 71 39
29 183 159
92 170 33
15 227 187
2 43 14
98 231 8
32 0 91
6 61 123
90 52 64
12 273 126
46 22 17
56 215 102
66 109 79
34 63 163
49 247 63
60 231 20
3 81 0
59 114 72
35 250 180
34 282 138
93 231 60
41 139 34
55 101 166
21 130 44
53 77 27
79 63 52
32 198 50
25 275 194
18 281 47
45 289 27
28 200 43
67 52 134
81 190 188
84 256 61
28 114 54
44 210 184
65 274 25
46 271 29
47 97 57
12 4 142
92 246 112
15 12 26
83 152 115
12 199 70
38 66 122
17 31 80
27 1 67
7 290 56
24 243 49
39 48 6
92 221 56
89 86 39
72 17 24
41 161 121
85 65 20
20 153 148
60 270 163
98 221 84
2 123 39
70 94 166
9 232 188
53 175 162
36 51 121
32 260 90
68 267 141
68 217 35
84 31 32
79 35 58
83 286 177
14 281 125
18 108 132
99 214 138
16 200 107
14 14 85
56 48 1
21 244 60
68 285 78
95 266 143
91 236 30
50 20 16
29 49 62
10 35 89
95 115 89
58 193 94
90 131 137
24 144 141
7 228 100
48 111 88
76 10 54
55 121 192
49 103 95
14 267 39
85 63 14
99 156 71
25 200 100
54 223 14
65 92 109
31 119 171
85 276 85
89 116 144
18 241 66
41 108 103
42 38 158
76 160 159
49 214 100
72 105 126
86 45 141
2 141 1
75 267 174
14 111 28
29 195 136
14 276 146
72 53 51
48 254 103
15 79 28
74 205 163
44 138 10
53 66 45
13 162 194
52 286 40
29 118 118
30 182 160
17 173 112
66 148 185
84 139 21
56 247 31
6 200 177
76 275 153
56 221 21
22 232 114
77 151 45
29 10 26
45 263 44
50 144 185
35 118 40
28 205 146
81 240 174
96 67 189
2 97 160
14 195 9
30 289 135
89 34 167
11 167 126
73 33 47
97 288 120
42 97 131
23 108 91
58 24 86
88 226 165
41 68 180
65 204 159
99 163 29
99 225 190
24 284 188
95 168 52
6 151 95
27 293 156
34 269 42
37 41 60
13 273 23
17 249 69
99 235 71
68 128 153
66 218 160
32 2 69
68 118 182
91 219 40
15 40 67
77 206 138
78 210 136
16 239 61
4 102 63
90 155 48
74 8 188
81 125 160
43 253 123
43 253 35
50 161 11
44 274 147
86 175 85
58 142 119
54 49 154
1 245 94
64 172 99
42 99 80
56 151 59
78 238 100
15 79 23
54 91 44
89 77 131
81 138 84
62 214 192
5 187 89
11 144 81
31 23 134
33 267 85
41 204 39
61 1 72
56 59 68
61 39 99
48 104 123
51 54 62
96 130 63
39 43 130
75 200 79
38 283 57
94 93 13
42 283 118
40 180 89
84 58 71
58 236 138
43 132 5
98 191 1
36 123 126
2 116 3
50 50 3
95 94 1
37 57 14
28 214 54
60 143 42
2 5 113
12 287 167
35 17 129
74 175 155
10 140 156
0 145 70
5 166 105
88 88 184
79 207 77
85 125 147
63 208 90
79 287 38
71 98 13
58 9 112
35 73 160
57 80 156
70 220 106
80 156 103
71 48 68
52 141 101
66 42 9
55 113 56
22 20 22
98 85 53
55 77 170
65 265 67
82 157 157
2 230 155
71 292 173
85 23 97
85 224 19
52 48 56
2 9 148
51 89 107
24 219 72
6 241 106
70 41 94
83 50 143
66 58 129
34 66 163
71 112 157
85 43 38
4 88 60
68 126 6
21 1 27
41 263 188
28 58 191
74 74 150
30 24 194
0 285 49
44 81 86
13 247 164
99 241 27
33 61 175
73 241 36
64 91 1
46 74 175
28 22 59
70 90 78
85 278 108
90 238 70
13 134 77
84 238 22
48 208 186
0 123 184
29 286 56
15 120 171
19 57 182
43 170 55
80 238 32
85 171 22
98 290 4
82 72 51
54 150 112
36 291 142
71 31 190
98 176 107
26 143 181
21 131 102
58 279 120
73 16 179
32 218 152
19 287 191
43 243 103
72 112 165
99 235 8
58 84 3
67 157 48
71 275 6
54 256 110
44 193 7
64 76 160
67 92 151
8 279 128
95 278 23
71 275 16
58 224 139
65 55 150
25 44 36
38 82 39
23 180 167
40 123 15
22 66 171
25 272 173
70 144 83
78 226 49
75 289 48
76 112 33
67 66 156
57 224 41
21 272 40
74 153 169
65 263 71
65 267 186
79 81 100
9 43 53
92 187 39
22 266 158
32 100 117
49 155 36
49 218 127
89 97 85
98 196 139
61 241 57
71 237 102
43 113 171
16 255 105
35 143 79
46 50 4
98 41 63
2 174 161
59 256 35
52 61 82
35 268 186
64 55 26
86 216 129
76 281 127
0 128 168
12 26 190
60 19 71
83 163 83
52 136 46
99 258 172
75 177 8
61 111 147
55 191 28
91 265 64
75 162 23
37 166 174
60 151 41
38 128 1
83 84 58
73 144 101
57 113 144
77 128 9
37 32 121
75 196 192
32 99 68
11 98 72
51 88 28
4 279 27
56 134 120
94 269 53
58 83 23
47 104 78
76 244 157
9 262 175
36 117 121
88 44 162
91 179 87
95 13 121
44 249 141
80 193 41
53 93 74
17 16 52
100 210 150
12 238 110
40 59 7
67 37 81
31 194 76
81 84 97
27 94 54
66 135 76
70 32 164
41 254 11
1 215 100
3 281 144
38 42 101
89 205 38
37 86 158
55 106 152
76 249 87
84 36 93
77 141 12
61 119 44
85 14 123
89 223 110
17 2 166
55 83 67
36 2 94
89 57 172
37 16 89
1 99 65
25 248 28
57 213 94
32 148 169
98 253 133
9 73 142
82 20 110
3 152 177
46 48 176
62 101 176
76 234 168
11 194 78
67 140 39
34 93 128
71 31 121
42 251 116
13 82 7
60 226 169
83 230 93
59 207 164
44 28 81
17 39 150
85 1 81
62 198 165
36 79 179
68 118 88
60 111 59
35 113 184
82 42 194
91 265 36
85 244 137
90 128 68
4 69 35
41 283 96
80 183 100
50 214 106
26 94 165
47 24 168
56 224 45
88 49 182
21 32 44
4 63 19
34 189 136
55 290 78
2 113 102
99 111 95
65 215 4
41 71 30
91 192 139
70 94 57
5 103 78
8 215 85
27 133 159
76 104 154
12 92 79
95 202 182
91 239 162
64 134 108
55 186 101
45 37 59
100 252 49
71 153 63
59 157 41
37 79 136
37 194 117
83 147 172
75 109 90
43 25 35
4 243 183
84 68 156
90 54 99
46 13 94
20 40 16
50 292 193
72 179 33
12 189 7
47 170 99
87 113 31
25 62 72
38 240 24
97 60 56
0 164 46
93 125 123
64 26 88
22 108 85
73 239 93
97 142 72
8 160 18
81 218 194
29 54 15
96 65 105
58 0 118
84 13 183
86 174 37
78 168 75
97 162 93
23 160 175
3 135 127
15 187 114
55 86 97
72 120 77
64 206 71
26 63 62
100 110 104
16 90 91
45 200 76
98 276 170
84 64 179
13 16 53
83 88 43
84 49 54
17 21 174
31 71 123
93 151 46
10 46 7
81 282 37
56 272 19
63 254 124
32 213 17
92 24 162
60 103 194
81 16 92
12 129 137
67 212 131
95 139 104
80 1 89
10 36 107
17 230 122
71 223 164
87 109 97
18 172 19
81 286 109
46 202 193
98 292 184
9 11 76
67 13 150
72 242 34
68 43 173
94 234 80
15 99 189
16 30 56
33 182 85
11 50 71
33 13 186
29 220 140
58 125 32
42 187 57
2 63 102
98 125 179
3 278 48
98 227 56
99 222 187
77 230 143
80 72 160
93 135 93
57 290 29
4 259 191
3 40 93
46 176 176
50 147 49
22 5 185
16 225 44
15 40 146
24 233 147
69 137 30
40 222 190
90 293 38
65 64 39
35 192 125
24 207 140
89 29 86
24 34 17
62 57 57
4 276 35
52 249 84
68 222 9
17 44 61
38 276 69
90 244 142
27 51 141
94 195 194
19 212 129
75 59 40
1 91 5
87 144 106
42 269 143
42 102 131
13 178 6
37 151 14
26 125 65
84 175 6
9 108 68
62 17 111
58 119 55
49 28 44
53 187 15
74 39 180
79 231 94
49 271 141
61 111 122
86 73 98
20 240 25
68 69 46
78 47 128
54 146 174
27 213 124
58 136 69
51 282 149
66 13 154
84 66 173
79 263 151
59 205 13
56 54 164
30 98 54
89 190 143
61 89 93
67 194 21
6 32 29
28 224 91
20 68 177
42 18 14
12 212 154
43 248 110
55 287 97
25 254 68
70 81 177
1 58 3
10 138 168
85 94 94
76 73 85
35 80 100
85 155 73
38 89 65
85 38 66
88 131 167
67 243 139
3 133 53
63 176 132
69 45 36
4 116 141
87 249 6
13 79 100
71 38 26
24 230 47
92 212 158
57 185 101
88 198 97
60 44 49
31 161 87
16 172 156
8 209 25
88 266 54
85 250 79
80 277 124
92 181 170
30 1 18
100 263 162
10 81 43
47 249 180
3 196 160
97 10 13
25 293 191
10 165 64
38 104 120
12 263 154
24 214 130
12 281 85
15 174 32
65 209 2
17 237 162
32 175 129
21 177 29
73 244 59
28 293 95
48 129 98
61 169 15
73 141 187
70 65 30
41 38 122
61 68 25
4 178 60
5 253 181
25 206 101
56 154 115
17 133 178
1 280 73
93 244 131
92 180 121
77 215 18
14 41 169
76 130 48
22 54 93
2 288 36
37 155 80
97 205 105
73 104 194
9 249 116
1 269 5
39 167 91
53 38 183
34 78 65
2 24 121
77 146 10
23 230 189
92 14 90
68 14 22
21 56 105
50 82 77
56 100 151
16 132 179
29 63 178
27 154 102
60 98 113
50 106 34
87 49 113
43 172 25
86 199 75
2 149 61
55 81 128
70 291 74
17 117 167
15 191 186
33 18 55
3 130 84
50 230 13
11 173 98
6 103 94
6 124 173
13 212 128
88 232 96
1 287 94
30 143 120
24 81 144
81 219 167
44 187 69
43 27 112
90 30 147
12 57 170
34 60 99
83 9 53
97 80 45
21 264 45
79 20 85
76 196 162
6 273 133
39 227 166
57 72 11
43 127 189
35 194 72
0 168 53
1 218 102
75 207 124
67 85 177
69 223 72
89 227 144
60 245 69
27 268 49
25 195 148
4 194 16
38 24 63
18 60 34
23 121 180
35 62 182
20 214 79
37 39 140
24 161 109
70 252 16
100 29 181
85 285 123
1 1 79
62 104 145
21 132 112
44 160 162
10 153 155
94 104 106
27 114 173
30 246 56
94 21 97
2 287 78
66 215 142
0 275 37
16 99 71
32 71 0
16 28 35
82 28 14
99 171 175
50 115 108
5 161 73
88 230 81
19 214 33
68 171 62
6 125 84
0 48 42
46 8 82
6 225 150
6 99 81
40 116 28
5 52 130
84 206 9
59 252 172
100 192 127
100 213 14
39 245 22
18 154 4
45 39 105
35 148 66
35 152 70
70 244 108
0 253 47
61 36 149
91 163 172
3 38 189
97 116 67
39 288 123
48 253 178
71 284 54
21 138 190
62 284 140
75 23 135
47 82 12
95 13 165
48 48 51
41 67 49
15 231 144
16 234 193
62 114 145
90 133 110
43 196 75
6 8 23
8 129 173
62 107 69
43 215 38
18 9 91
89 99 177
1 211 159
97 64 102
58 232 191
24 226 5
28 31 11
71 170 11
55 261 53
64 81 166
36 227 59
12 114 176
44 106 89
85 108 126
85 45 73
81 219 169
7 91 28
15 20 63
26 73 144
39 217 191
21 273 79
22 218 53
52 80 177
74 168 71
4 167 39
52 233 186
95 271 170
25 141 142
54 113 191
65 151 3
75 204 163
22 173 67
70 143 134
50 167 116
66 85 46
88 133 14
41 200 144
79 221 109
38 58 11
23 127 170
14 16 96
11 47 50
59 99 75
91 206 148
0 129 134
18 254 28
47 60 9
17 10 87
90 253 42
92 194 167
80 102 138
62 122 81
10 192 62
86 184 114
88 254 190
9 278 0
65 280 47
30 40 83
30 25 155
12 236 43
92 126 23
45 62 179
4 182 16
61 31 79
33 41 23
80 50 173
65 191 82
82 122 83
28 135 111
42 155 71
66 200 159
93 229 99
59 144 171
44 15 147
44 65 130
68 70 90
51 205 133
34 286 126
55 150 158
42 213 123
88 131 118
90 100 20
97 164 194
32 212 94
42 119 42
71 254 112
45 217 123
47 81 163
38 277 78
27 87 153
52 102 35
0 263 130
26 150 84
48 181 80
39 208 62
53 191 144
91 250 104
34 263 144
85 35 18
32 158 80
100 137 176
3 73 50
22 198 26
84 169 25
99 204 172
79 191 180
66 186 139
50 120 99
28 233 57
35 256 66
56 181 21
88 32 62
86 245 0
45 53 125
9 263 72
67 293 131
54 288 128
44 227 181
62 161 111
86 273 172
8 122 50
9 82 190
37 19 79
53 158 21
57 284 59
5 112 130
25 53 137
20 3 107
76 11 65
93 50 6
37 24 106
52 139 132
53 120 41
2 249 110
99 251 47
51 232 138
31 14 48
77 113 148
72 277 132
73 37 80
11 207 154
80 134 58
69 225 122
34 19 114
78 195 172
72 224 93
3 195 151
9 196 100
19 204 116
25 80 99
32 219 32
6 237 0
25 280 123
23 32 190
81 118 123
27 266 26
57 275 185
4 146 90
15 135 162
61 196 22
97 75 11
57 125 149
24 198 134
14 32 128
49 29 87
77 224 182
45 269 50
4 32 185
