49 29 404
72 30 3
42 8 9
83 43 2
22 21 20
32 0 28
9 14 4
35 21 15
92 30 4
3 42 8
51 12 3
84 35 8
31 38 21
24 33 22
92 35 11
15 18 12
33 35 2
29 23 15
34 48 12
96 25 22
18 33 12
5 23 22
29 24 2
11 14 11
69 28 15
96 41 15
49 8 24
45 41 13
93 40 6
2 44 17
83 44 21
76 7 9
5 12 17
56 32 9
53 43 8
6 39 26
20 47 8
75 47 5
33 41 22
75 9 21
60 32 10
21 18 21
77 0 17
83 43 15
0 42 25
96 23 0
67 16 5
64 29 5
3 30 5
38 32 3
53 29 11
35 29 0
27 30 14
64 33 13
49 3 14
60 35 22
3 0 15
60 40 26
20 35 19
75 3 8
32 36 11
0 30 8
52 32 5
86 47 0
67 33 0
98 3 10
78 45 6
52 10 28
49 37 24
9 19 1
1 35 6
11 22 11
100 18 7
59 5 10
11 15 10
29 21 2
28 43 3
53 11 18
48 4 21
56 2 20
74 15 17
49 17 20
21 46 6
39 26 26
32 25 3
50 30 2
61 21 12
87 5 19
56 31 15
94 43 19
62 8 23
44 20 8
87 32 18
1 15 13
19 37 4
3 1 19
67 17 26
88 19 15
28 17 3
92 48 9
89 4 27
27 37 0
97 48 14
29 11 19
20 23 20
76 2 0
51 2 25
81 19 2
9 38 1
63 44 18
45 1 24
28 9 17
56 14 2
41 7 20
54 30 28
81 28 14
93 32 13
76 27 4
18 36 4
81 8 4
4 37 2
88 14 1
78 11 10
39 10 6
11 25 4
1 37 28
17 43 17
69 40 2
56 44 7
93 9 19
50 38 27
94 19 0
3 46 4
54 29 14
21 26 12
76 12 0
80 26 4
32 37 6
56 19 3
93 19 9
5 5 16
12 7 7
60 27 7
44 42 19
4 9 4
84 26 2
6 31 11
10 39 19
11 4 6
51 10 19
1 48 6
42 4 8
47 25 27
19 42 11
11 37 5
5 48 23
79 18 4
30 9 1
7 47 12
94 16 23
91 39 25
85 17 15
26 13 1
64 21 17
4 35 0
77 35 16
16 25 2
75 37 25
93 9 7
83 15 8
96 24 28
4 19 13
77 46 11
13 1 15
77 48 2
64 37 11
32 24 16
80 27 12
37 20 14
61 10 10
2 18 25
95 43 28
94 45 17
7 23 24
90 17 12
36 21 7
29 17 5
76 42 20
42 26 6
62 21 26
81 45 7
14 27 16
28 39 1
100 36 17
89 41 24
47 16 2
24 40 25
63 27 3
95 21 11
97 25 15
85 31 24
61 22 9
11 6 15
89 44 23
91 34 5
85 47 25
66 28 25
70 7 10
62 22 19
7 33 18
85 22 14
65 36 23
0 28 17
96 15 11
23 9 2
54 45 1
11 33 16
93 27 1
22 4 12
79 34 8
73 35 23
39 42 27
39 34 11
60 18 28
55 16 7
55 13 24
66 21 0
82 37 16
7 7 11
94 44 2
38 47 1
65 43 9
1 8 5
33 8 3
56 26 8
92 6 7
16 24 7
3 16 24
85 3 12
60 9 0
29 24 19
78 25 0
50 7 19
23 47 4
90 22 5
26 21 8
27 44 22
58 46 14
25 6 21
41 30 20
36 21 24
39 45 21
0 42 12
69 47 13
40 21 19
89 14 0
61 39 18
50 35 27
21 44 28
62 24 4
23 8 10
16 47 10
88 40 19
22 13 26
27 22 1
32 9 25
25 46 8
92 31 14
4 33 20
57 1 10
67 5 24
96 20 20
57 44 12
88 32 12
79 31 23
4 38 10
17 32 24
9 44 6
6 11 27
44 31 8
10 34 25
40 34 26
49 47 26
81 12 13
82 35 3
91 30 12
3 31 7
22 45 2
57 28 28
50 14 27
61 16 11
87 18 16
40 2 2
21 29 21
7 8 20
100 9 13
38 35 17
100 0 16
74 26 22
50 8 12
8 14 20
88 2 18
63 46 27
49 44 19
20 26 1
30 15 19
52 45 12
77 16 26
23 26 25
9 8 25
6 4 5
60 38 13
57 13 21
23 14 19
22 26 14
73 32 23
14 31 13
93 42 15
35 1 26
37 9 28
28 14 17
59 31 10
23 36 0
96 45 9
56 42 0
60 27 14
74 32 8
70 26 21
44 1 1
96 0 6
42 5 11
18 36 25
3 20 11
15 37 27
8 16 4
76 17 9
61 14 7
25 47 6
44 46 5
15 15 6
81 7 4
70 16 16
22 40 17
5 5 21
40 24 26
3 30 19
69 22 28
69 6 19
83 1 20
87 15 24
94 41 19
59 28 5
27 20 25
57 41 18
26 48 8
6 34 18
49 42 10
35 14 15
87 38 12
6 27 23
38 0 25
38 46 16
28 5 17
4 13 15
88 45 14
22 40 11
100 30 22
4 31 1
60 5 20
19 28 2
35 39 9
81 22 26
3 29 25
5 42 22
90 10 15
70 18 19
49 10 17
88 36 22
80 9 5
93 35 1
14 41 7
48 31 0
34 37 3
90 43 18
73 40 3
8 2 26
37 44 26
70 2 7
28 9 23
54 43 0
47 23 9
16 12 11
64 41 9
93 28 24
2 34 12
52 6 1
17 4 24
68 3 13
100 11 7
43 43 13
59 19 8
89 7 22
58 29 22
61 13 0
67 13 20
