225 198 4346
97 28 151
24 32 178
87 1 44
2 22 24
82 18 73
72 210 88
74 83 30
34 103 46
36 74 160
57 35 168
5 202 147
93 137 72
12 160 195
84 77 9
4 204 185
36 14 57
68 32 156
32 212 129
36 23 0
71 47 193
6 20 62
9 8 52
20 199 25
60 88 56
14 196 6
79 170 38
17 159 98
89 135 8
21 58 168
40 200 103
14 205 76
10 16 28
38 181 174
86 42 13
90 101 86
74 190 164
60 69 32
71 144 130
54 102 142
12 73 19
8 68 52
37 17 4
80 74 117
56 105 156
67 45 192
63 15 105
86 49 135
14 37 77
2 17 63
43 4 92
60 112 58
38 109 84
32 101 189
12 165 79
2 64 122
40 174 6
25 185 108
59 125 128
49 200 194
9 172 34
78 21 128
68 182 159
28 105 118
58 88 154
39 159 107
14 19 64
15 29 145
67 220 106
29 34 102
73 209 195
16 95 132
81 134 170
1 162 122
18 71 55
19 64 9
48 182 175
24 205 74
36 80 75
7 105 17
27 30 89
2 209 14
23 186 38
14 71 190
51 146 125
0 97 135
26 94 184
11 36 89
73 212 175
92 208 56
57 26 103
94 3 73
44 15 172
14 139 104
78 125 77
69 217 43
47 102 29
88 206 149
92 151 127
35 69 125
56 85 33
15 106 163
34 12 76
90 93 22
73 192 142
22 171 110
80 224 126
100 114 122
29 185 67
86 177 50
20 82 182
62 175 39
41 94 16
33 214 84
18 40 36
77 54 95
5 35 83
50 218 165
46 75 18
77 167 72
68 101 135
99 5 31
81 126 38
57 209 92
3 89 182
36 136 183
24 148 6
59 135 106
55 222 30
82 3 134
69 27 11
61 176 100
62 195 120
70 8 169
11 221 78
91 87 108
28 8 175
0 148 120
82 175 98
85 120 23
36 44 6
43 19 86
86 135 4
32 136 47
24 90 195
39 187 64
29 141 17
17 178 169
29 139 25
1 62 178
16 123 89
34 128 25
30 132 107
4 12 180
5 149 6
15 191 42
36 18 171
29 222 9
28 59 102
3 112 149
33 76 33
69 61 74
44 33 85
99 202 155
21 18 81
72 41 179
51 16 163
78 115 30
88 65 189
2 140 191
68 215 18
56 166 1
33 190 46
18 40 32
47 216 183
41 158 127
88 72 81
27 196 92
62 193 136
3 221 86
75 52 13
95 64 37
89 113 36
59 142 28
22 121 148
48 126 98
12 166 14
48 132 98
27 182 69
85 129 68
85 24 60
12 102 6
53 15 179
63 223 197
3 183 136
69 184 97
68 92 115
3 186 15
40 167 148
25 58 155
16 166 158
5 155 171
87 159 124
12 182 51
70 188 36
76 59 66
44 111 56
30 57 197
50 2 142
68 21 36
78 224 136
95 20 142
69 207 189
65 42 170
76 126 175
34 136 97
64 10 33
51 166 20
82 201 124
26 84 80
28 77 94
94 215 126
83 155 40
71 190 48
46 80 15
2 35 41
8 62 72
33 117 107
84 61 53
26 162 173
58 119 6
40 216 50
88 204 133
53 29 69
48 83 17
42 222 138
70 23 58
18 202 148
94 15 160
53 47 140
52 103 99
79 165 151
75 197 64
6 20 180
20 112 70
40 150 168
90 224 129
7 90 188
60 93 173
15 55 167
94 206 186
1 36 2
83 28 80
37 61 77
100 105 6
46 86 124
80 144 92
24 41 36
30 84 145
86 81 91
50 92 178
25 88 126
96 90 87
20 188 193
89 210 175
78 77 119
44 47 59
49 127 81
72 41 168
38 65 155
31 79 26
79 16 173
38 150 148
34 11 159
75 141 173
95 172 197
84 180 58
14 83 131
45 60 173
4 145 168
97 115 13
80 217 34
62 92 77
20 204 44
96 105 37
44 207 30
62 107 41
70 155 136
51 54 27
29 26 45
20 21 147
48 147 147
29 199 181
32 209 53
72 21 111
65 90 77
44 217 161
23 65 163
22 0 55
55 116 123
32 162 160
2 129 57
6 1 132
33 217 19
57 197 166
16 109 5
98 164 14
34 61 126
19 185 173
87 60 134
50 163 186
34 147 69
85 139 9
52 26 65
99 125 142
65 99 82
62 190 19
62 12 5
91 102 186
8 171 115
24 8 15
19 119 9
96 29 155
33 163 72
16 130 140
11 145 146
20 88 163
81 4 63
26 106 101
68 163 2
32 87 96
44 17 148
21 185 104
21 127 152
38 5 189
5 215 92
42 188 93
34 153 100
98 25 74
32 162 18
11 47 54
12 12 70
1 120 12
87 63 86
42 103 165
17 87 81
63 4 146
57 118 0
4 158 123
39 109 160
2 93 17
83 12 169
80 178 166
16 92 66
31 88 174
60 145 181
79 128 149
39 166 94
1 110 44
1 18 94
95 121 77
39 61 0
87 139 113
100 20 95
8 74 9
15 131 41
18 24 31
67 181 35
7 96 43
39 74 189
8 213 13
71 139 196
17 62 173
31 143 64
15 158 69
29 27 195
30 196 195
19 137 180
19 190 67
43 174 196
56 97 159
99 204 33
57 92 34
96 211 185
94 174 68
86 121 191
67 58 20
95 32 41
58 210 124
17 56 103
70 125 131
39 7 178
20 143 76
24 41 97
46 201 94
80 218 173
80 118 103
82 66 38
75 105 57
72 146 50
44 9 179
41 15 7
54 53 9
61 4 114
6 119 65
27 45 143
9 182 155
78 98 57
46 103 35
7 162 16
37 93 85
63 130 186
22 1 192
71 99 152
85 151 160
74 122 4
7 223 183
58 42 99
29 116 26
74 116 31
17 8 84
97 52 71
27 187 69
85 90 47
13 217 168
22 172 41
90 111 167
5 100 127
61 212 71
81 53 108
24 146 103
11 211 81
2 108 16
36 102 181
75 172 128
19 38 28
50 113 109
53 77 155
59 31 191
50 51 144
24 130 113
0 166 89
58 197 127
96 21 173
69 6 23
54 50 85
54 13 78
6 153 171
73 137 169
3 186 118
69 96 108
18 79 41
75 152 58
93 159 120
85 41 141
11 41 189
94 63 57
75 69 94
42 204 186
65 10 113
5 41 77
95 160 26
22 56 67
8 39 25
6 169 158
72 92 130
31 13 31
65 82 137
29 63 109
23 6 34
71 90 190
100 211 188
50 9 64
64 200 64
50 214 102
72 65 191
51 63 76
47 69 44
89 147 138
36 172 135
42 96 125
3 144 74
80 72 148
98 210 65
72 35 48
81 60 99
31 71 32
7 106 136
42 46 29
87 182 87
60 221 113
29 97 186
49 120 116
88 183 188
5 29 142
31 49 82
27 205 46
47 25 104
64 10 60
29 102 72
43 49 145
95 2 38
25 78 130
7 97 59
23 89 122
64 209 95
59 56 193
19 73 28
14 193 159
2 31 104
40 36 155
7 224 147
83 8 23
83 210 72
51 169 14
37 150 174
97 64 14
9 114 178
30 27 3
65 165 39
59 164 86
57 78 12
74 109 175
58 190 4
79 144 131
14 84 155
2 214 65
99 156 67
60 134 107
84 180 145
54 73 159
21 149 139
83 63 123
42 80 27
24 31 124
12 61 150
83 71 36
47 161 117
5 36 98
82 153 153
30 147 89
19 8 146
74 50 156
43 160 181
24 61 104
26 34 94
12 11 50
77 36 147
77 93 47
36 145 116
8 113 78
8 54 160
52 126 125
32 193 59
18 68 179
42 211 41
11 132 9
6 72 42
27 145 145
15 162 42
68 51 29
33 146 172
41 194 28
34 5 109
25 5 39
12 214 80
41 147 141
0 142 77
68 68 59
93 198 74
38 161 78
12 149 14
27 117 53
72 208 25
23 77 170
8 202 188
62 135 82
10 160 1
4 54 84
91 64 171
29 36 177
79 130 71
8 193 56
59 40 184
76 124 57
52 5 110
6 157 132
26 138 66
49 60 41
89 43 127
2 137 11
84 202 90
11 86 90
31 65 19
29 6 45
67 65 58
15 34 83
99 121 160
73 136 15
84 9 115
84 158 165
39 86 79
59 76 4
54 91 65
92 117 10
86 101 18
68 99 43
61 110 133
24 122 124
51 20 54
40 159 108
24 197 167
36 40 4
72 192 103
5 210 119
48 71 156
38 7 27
60 212 151
46 183 149
65 36 32
6 72 20
46 157 144
19 87 74
41 96 67
14 118 196
37 164 100
86 57 102
40 124 84
74 150 17
86 59 38
20 114 172
22 34 36
2 131 60
53 215 55
25 52 164
52 52 120
40 18 67
41 11 130
61 54 194
79 156 179
4 217 70
40 154 142
13 73 106
39 26 77
59 28 167
83 36 64
8 30 120
5 129 128
100 117 94
16 56 150
21 119 166
83 118 34
30 72 197
88 64 13
16 61 58
7 118 74
10 130 31
40 114 6
11 70 166
60 10 197
66 140 72
82 87 48
5 178 116
36 57 151
48 206 74
11 46 107
87 214 182
98 181 170
29 25 106
17 143 194
14 32 33
1 59 117
90 175 71
79 210 99
87 40 63
51 218 2
70 216 179
82 210 67
14 177 190
32 119 29
51 98 5
93 115 102
11 132 40
96 53 168
21 224 99
3 13 41
73 150 10
42 35 50
63 2 145
86 35 12
37 49 24
52 171 121
63 165 72
81 155 148
43 68 151
63 178 124
5 127 63
91 195 133
35 80 110
18 8 145
26 170 112
21 132 103
25 179 40
73 124 129
54 197 182
51 195 13
97 144 40
99 115 172
59 27 105
65 119 21
85 63 193
57 158 162
85 103 39
32 102 32
85 150 191
27 128 95
36 3 100
63 111 44
88 11 97
50 19 0
45 64 10
62 32 192
67 194 44
72 69 157
62 82 188
78 173 77
5 3 96
10 153 113
93 214 11
70 2 130
35 40 113
21 73 177
0 158 27
76 147 132
16 211 65
16 44 105
95 108 35
12 180 108
100 116 194
14 194 168
4 47 188
8 182 133
61 41 178
83 187 70
18 11 164
4 168 142
49 7 162
10 150 134
100 132 197
70 100 93
81 79 120
68 187 5
15 202 60
83 34 49
28 34 53
71 90 58
53 146 118
55 115 113
42 215 135
50 210 145
5 135 37
74 4 40
14 130 13
23 19 166
45 34 159
37 6 50
22 25 70
3 29 47
82 111 84
38 134 15
2 40 70
15 187 54
33 140 13
58 155 144
12 116 131
39 86 65
100 50 50
29 189 152
7 209 152
46 78 107
39 148 71
21 58 3
42 27 49
42 35 52
27 164 67
0 155 102
13 214 91
34 207 126
31 5 24
69 110 111
89 182 39
100 82 46
92 164 27
73 62 75
85 16 181
74 206 133
30 115 61
75 9 24
57 208 79
87 13 8
85 32 104
38 189 9
88 46 95
35 130 15
23 128 156
69 143 22
18 137 82
94 103 123
60 164 15
13 35 121
0 9 5
65 215 98
24 133 150
19 97 53
97 26 109
62 111 170
9 97 160
3 185 158
26 62 115
61 32 122
57 18 5
70 79 131
8 44 26
6 210 155
100 4 19
38 213 175
9 97 88
14 35 18
74 54 65
81 175 6
0 137 100
2 71 58
10 22 189
79 30 140
99 124 114
35 17 30
52 175 192
63 218 39
24 185 98
50 68 128
91 129 32
33 151 138
1 2 5
38 148 196
73 130 193
31 85 62
32 190 110
36 129 83
22 17 50
75 188 40
20 9 138
98 143 18
43 155 193
0 3 78
27 84 1
59 44 83
44 103 64
74 135 85
80 17 107
26 110 110
47 187 41
72 11 90
55 24 170
34 113 181
74 7 5
47 206 127
75 84 168
61 102 26
27 140 137
13 224 55
58 110 161
28 177 45
57 211 156
73 158 87
83 25 26
35 46 175
13 2 162
35 36 117
73 180 158
1 66 118
31 207 96
46 188 105
31 81 154
67 119 130
83 148 163
66 2 92
4 215 142
78 76 17
18 99 61
1 144 54
71 187 173
95 213 76
67 171 164
4 128 55
46 42 104
83 131 62
84 32 140
95 166 139
13 114 29
18 175 114
23 196 111
63 22 47
34 38 195
89 20 163
32 142 58
60 128 150
34 1 190
45 65 32
86 196 10
83 66 67
58 50 12
82 206 64
24 213 33
46 26 187
5 224 167
9 161 185
6 82 73
58 224 21
89 113 179
66 154 9
48 79 108
81 169 47
41 37 192
11 77 137
35 79 101
40 163 187
32 22 149
53 46 161
48 206 150
49 182 119
36 144 192
36 117 161
71 123 113
57 133 148
50 136 68
48 214 154
29 52 96
58 181 187
20 135 109
23 106 146
80 16 48
56 120 115
95 73 180
27 7 44
39 136 10
98 63 124
53 11 13
98 138 162
80 159 119
35 181 39
93 201 182
57 221 149
12 70 70
61 35 158
16 193 191
56 42 130
54 129 138
55 201 36
66 217 105
11 12 103
20 30 160
19 203 56
10 198 188
95 178 156
53 47 51
62 222 21
23 100 50
62 89 158
9 217 41
51 87 5
57 159 111
42 15 135
96 166 136
34 161 72
18 213 190
4 198 147
67 175 82
71 174 132
6 61 105
27 11 48
71 147 71
40 55 158
49 5 83
49 78 106
51 87 97
9 110 99
11 221 108
51 204 151
32 169 157
37 30 157
48 58 119
93 212 163
2 192 108
82 193 95
35 210 4
35 157 181
21 83 26
0 33 84
25 154 0
95 138 39
39 128 66
85 41 62
15 200 83
2 33 136
16 167 74
81 39 194
65 198 47
5 101 118
83 176 142
97 2 139
94 185 71
83 50 95
42 159 142
43 8 44
67 194 102
78 183 21
66 192 57
96 149 97
51 217 187
3 85 95
6 77 177
82 88 47
26 74 126
40 64 140
83 76 2
40 43 122
70 130 70
51 62 171
23 129 23
13 219 172
45 4 60
4 197 2
45 53 175
19 160 120
27 167 154
40 191 62
18 129 106
50 113 69
57 81 159
11 36 189
31 166 103
57 178 157
15 93 53
25 75 30
38 198 120
44 126 168
52 99 16
47 125 124
29 9 129
38 0 10
82 115 83
76 187 146
30 31 28
27 189 183
15 53 128
61 116 28
67 13 190
42 95 145
68 189 11
69 84 96
37 24 131
25 134 177
45 203 50
54 78 60
55 192 194
51 184 118
22 126 57
92 104 41
38 194 110
67 96 91
20 108 27
44 136 163
24 33 42
79 94 55
23 138 46
98 106 32
61 166 87
59 133 39
80 40 148
43 81 195
33 194 71
36 41 119
46 205 117
41 199 9
30 100 10
12 13 123
53 178 113
88 135 181
3 179 111
10 31 177
33 16 114
50 42 103
32 164 170
17 212 140
90 202 101
8 13 51
65 8 98
3 117 148
23 1 59
77 174 154
53 27 153
20 216 170
57 156 78
18 176 159
13 79 149
65 22 32
15 171 131
53 113 171
18 66 52
46 4 43
16 20 144
21 28 12
47 31 147
1 108 86
33 83 118
28 215 40
9 222 18
100 160 24
6 131 82
19 29 93
97 92 173
85 140 151
53 2 90
88 125 88
100 28 10
30 26 168
4 106 29
49 209 170
9 135 156
60 21 131
13 11 133
5 37 90
84 54 39
40 30 134
25 144 121
17 216 153
1 129 156
4 48 92
47 105 120
63 222 83
75 177 42
90 0 128
62 64 59
88 177 28
31 73 37
59 73 174
96 35 177
33 128 112
2 80 116
32 212 83
14 7 116
100 6 146
38 71 152
48 16 189
89 82 89
41 143 33
91 24 77
48 121 181
4 156 86
48 224 159
17 160 45
8 115 146
18 195 113
91 22 127
24 64 0
13 196 103
4 38 80
43 31 159
18 158 179
85 174 142
86 140 61
86 46 85
86 6 26
98 137 157
86 92 3
53 99 196
90 57 141
7 40 152
40 2 21
75 52 163
4 56 99
62 155 14
42 197 119
80 218 12
99 112 92
94 115 78
55 216 11
19 207 61
78 178 190
18 10 76
31 203 126
85 93 30
31 6 92
100 66 12
46 212 16
27 19 42
29 58 70
27 107 160
56 15 119
24 45 25
33 169 18
87 120 104
75 224 5
62 27 144
2 97 13
81 61 169
94 15 182
10 30 78
10 156 131
35 144 133
68 47 95
85 79 28
76 113 24
40 128 109
58 31 181
29 124 180
2 152 128
52 224 176
86 200 80
32 118 99
74 11 127
15 14 72
99 57 116
37 121 132
28 146 67
17 182 123
20 31 65
52 100 145
71 76 180
95 51 178
92 82 10
71 96 85
61 3 99
61 13 131
92 133 160
28 170 71
28 12 15
42 13 93
69 33 57
7 76 165
73 180 44
12 45 93
31 92 123
97 185 181
1 140 144
70 66 66
66 24 122
76 10 187
75 22 104
24 19 146
42 3 43
100 144 8
46 43 164
87 154 16
71 170 73
78 141 56
46 178 159
32 143 137
65 178 197
50 124 5
79 5 96
89 77 0
3 130 38
78 8 130
60 116 164
77 213 61
26 6 116
10 95 72
86 49 150
84 0 91
89 38 81
91 175 193
85 160 84
58 4 67
79 21 192
93 46 148
97 177 166
45 145 84
22 89 103
18 152 158
2 35 145
24 137 188
84 87 23
17 214 137
78 135 28
23 80 138
76 40 23
6 196 110
34 218 153
45 47 100
34 108 185
36 52 93
76 188 33
41 123 28
26 1 169
82 22 11
90 175 117
92 6 32
69 133 101
24 135 196
59 93 68
39 141 94
61 182 74
98 199 139
77 105 82
9 162 104
93 188 90
7 47 34
21 61 136
20 150 184
11 6 90
74 89 168
86 26 4
22 22 31
27 218 11
70 197 19
63 170 182
40 87 99
85 106 120
49 77 192
27 21 107
61 221 187
43 132 189
77 193 11
54 90 153
100 46 125
19 177 102
71 187 152
71 177 62
63 36 178
35 198 116
10 147 162
28 62 55
43 166 86
87 168 146
71 81 182
80 202 99
66 16 82
14 221 175
72 9 176
39 48 114
62 53 67
46 151 168
61 25 21
16 27 146
0 41 42
32 74 25
22 43 171
54 77 52
23 163 107
31 203 189
38 172 71
55 78 51
30 206 68
77 15 176
44 190 97
40 100 98
18 156 81
26 34 150
71 58 176
14 17 59
5 174 24
47 96 133
69 202 140
25 17 92
28 28 197
82 34 24
32 161 148
62 52 180
57 46 184
86 82 144
7 140 10
80 179 60
90 140 41
98 144 25
93 22 186
8 23 39
59 0 22
92 100 68
0 154 143
37 212 145
68 166 96
98 43 188
6 174 89
95 123 85
54 191 57
1 214 101
14 194 48
98 75 3
89 150 130
95 134 168
46 31 6
44 33 82
96 72 164
42 137 4
63 126 51
14 4 11
25 181 13
47 191 157
47 144 87
8 80 130
77 162 78
18 224 36
50 143 117
33 66 83
66 2 160
54 55 188
34 185 163
34 112 117
33 206 15
61 152 45
72 37 181
47 52 153
74 8 89
54 173 172
98 45 109
92 136 175
96 208 19
38 66 33
94 22 3
3 137 88
17 38 115
32 86 66
90 134 116
65 45 1
6 5 145
99 137 97
86 175 138
80 29 73
36 41 58
69 181 55
10 126 33
15 174 59
9 99 131
40 91 197
72 138 58
95 41 144
36 17 14
13 162 62
15 111 140
10 181 182
65 154 59
28 183 197
62 204 78
46 106 85
17 140 111
96 216 111
2 112 64
77 0 93
35 141 63
39 25 135
7 39 0
87 26 82
10 124 10
11 54 162
82 186 5
15 186 115
13 152 85
58 54 66
79 27 158
61 109 182
26 60 53
29 197 16
95 63 159
88 146 81
1 53 72
9 138 186
63 142 60
51 204 104
86 177 12
11 222 57
80 120 72
17 111 154
70 89 1
32 73 15
82 151 178
93 82 21
22 60 96
36 186 141
50 29 132
3 222 60
27 99 59
64 19 79
53 163 109
0 187 47
20 79 96
7 45 88
61 96 165
60 30 122
74 145 171
76 122 196
81 167 176
97 46 67
20 197 87
1 120 57
56 179 114
81 97 107
83 1 2
5 137 90
11 163 4
74 217 178
71 63 17
4 67 107
99 221 51
91 171 113
20 36 176
60 217 31
15 76 96
57 150 90
72 49 38
61 165 7
4 46 112
0 44 92
54 126 190
92 151 148
22 107 97
78 184 154
97 57 135
94 124 74
62 39 8
43 20 49
21 123 174
12 111 165
96 153 134
52 212 197
86 8 153
10 23 143
7 36 169
70 150 104
86 179 83
95 154 122
95 115 0
72 15 173
83 213 132
44 184 40
68 68 47
88 30 16
62 71 193
43 62 172
4 72 91
46 206 27
84 204 49
49 118 143
85 182 183
96 19 35
19 52 32
87 224 66
65 18 26
74 85 145
43 33 152
48 14 41
14 187 118
96 15 3
70 56 168
32 85 130
76 49 103
82 132 49
95 119 154
46 185 131
41 69 156
77 31 112
94 15 38
20 15 193
18 0 140
90 51 152
75 63 63
61 186 81
3 158 76
23 199 108
34 62 1
95 148 111
39 215 121
29 82 94
9 151 121
81 99 106
59 166 5
11 64 144
93 187 106
99 174 25
49 111 161
44 56 28
21 161 13
57 49 41
8 158 167
49 109 76
81 176 78
91 197 189
33 140 163
83 144 85
0 135 171
74 185 130
77 5 70
44 196 172
75 96 66
31 203 89
25 94 42
90 53 19
2 36 56
30 5 119
12 13 99
76 19 137
85 15 175
35 35 91
97 69 28
48 217 175
23 79 192
30 15 180
74 85 21
38 157 59
90 213 12
60 34 0
3 38 120
79 142 12
54 205 20
70 26 193
54 213 135
53 91 96
56 168 91
53 125 1
25 198 76
90 221 116
17 25 131
74 75 102
97 117 191
3 85 86
27 218 142
17 140 65
62 156 102
12 26 173
2 24 192
36 162 105
99 211 144
30 83 61
56 59 84
84 172 11
45 99 121
55 60 182
22 44 193
77 158 17
34 176 46
85 171 151
65 100 72
83 164 95
32 22 94
74 205 124
13 58 163
78 165 108
16 20 83
80 23 180
5 32 187
8 113 39
18 206 129
35 98 110
25 218 27
49 159 128
43 59 194
74 152 159
28 160 147
85 92 73
85 44 91
86 69 177
73 152 22
55 155 135
94 175 133
64 104 170
28 10 130
39 136 122
43 117 121
19 119 2
55 198 192
57 165 75
48 44 152
23 131 19
28 42 141
55 39 190
22 213 118
36 207 130
32 29 36
32 72 162
97 178 61
7 148 155
54 137 190
23 5 108
59 178 73
37 65 54
80 90 183
96 180 14
39 106 57
3 112 129
75 45 176
84 192 23
73 88 100
62 8 48
0 147 155
45 153 150
89 43 180
61 119 27
44 197 190
29 77 175
91 206 161
71 216 130
42 141 22
17 169 150
6 176 192
36 209 162
16 105 2
61 183 62
21 91 11
10 61 187
47 115 170
89 27 10
4 88 137
59 64 184
69 187 102
84 50 97
20 208 183
82 146 15
65 74 186
36 3 170
21 23 122
58 170 87
81 40 33
21 116 182
50 209 0
33 99 48
13 8 53
23 186 52
36 38 110
78 114 188
64 177 69
42 186 140
83 165 37
77 66 137
67 33 75
28 184 20
49 95 42
32 1 108
77 72 31
22 107 10
11 68 54
100 61 7
71 120 22
47 188 111
44 115 98
62 93 13
2 89 173
0 48 124
20 155 46
39 60 48
27 203 104
64 126 192
52 117 92
98 34 184
5 8 50
81 204 95
94 92 179
2 94 153
4 217 8
98 168 145
67 195 78
95 108 49
49 10 165
78 101 154
93 182 67
67 42 140
6 17 23
68 78 154
59 52 156
86 157 192
78 181 29
84 211 18
53 121 105
13 171 62
47 116 185
18 178 152
59 214 183
36 27 159
50 195 45
87 35 73
98 52 140
82 55 64
12 24 30
11 89 72
33 18 115
75 122 3
43 42 193
74 162 166
94 101 7
49 104 75
37 208 7
90 6 62
25 99 182
100 121 167
27 116 187
64 117 145
44 23 176
38 151 137
23 59 184
17 97 168
34 69 23
25 136 146
34 205 107
34 126 66
93 130 100
43 41 71
56 39 116
34 149 70
56 63 65
50 186 76
7 201 196
71 47 98
41 128 166
79 114 51
74 144 23
62 124 123
4 158 30
69 99 17
53 43 73
42 220 70
83 201 160
71 4 141
73 126 120
47 212 47
83 65 172
10 137 138
62 178 74
81 62 41
16 111 9
61 24 94
49 220 19
91 130 133
73 209 41
86 64 83
19 95 77
51 39 137
51 28 172
51 107 50
14 70 110
82 204 76
78 153 133
67 15 154
20 185 44
47 96 3
24 47 11
59 87 113
82 65 113
30 138 8
39 84 82
26 79 106
41 195 155
18 183 10
64 119 168
43 181 107
8 124 15
12 0 125
33 138 172
7 94 107
7 17 74
4 210 10
51 157 72
32 49 122
85 107 116
35 30 125
49 132 61
72 60 21
76 45 193
16 24 66
72 151 134
18 211 52
88 117 54
28 114 8
27 56 105
70 42 106
26 46 9
9 139 10
16 141 104
6 171 74
52 165 16
17 117 123
35 58 78
41 207 147
100 109 25
57 177 8
22 194 177
43 181 32
58 143 55
42 43 115
68 173 110
50 12 64
47 189 187
21 158 121
61 22 163
27 191 96
43 61 141
53 51 134
53 84 160
80 88 16
18 53 154
18 87 47
62 27 133
49 218 182
43 68 10
41 71 105
24 200 112
96 198 97
72 210 37
5 210 181
59 50 104
90 7 135
82 27 187
88 198 194
16 87 51
31 175 154
78 213 98
5 47 20
47 189 55
44 20 152
20 62 71
42 197 77
82 12 31
90 59 9
59 85 193
40 53 194
12 21 197
68 37 94
16 70 31
40 188 30
21 138 29
16 62 94
75 79 190
22 35 142
56 189 98
55 28 125
36 222 154
8 54 30
44 101 178
33 181 172
98 130 63
50 21 154
3 157 25
12 173 147
30 215 187
22 60 47
26 66 161
32 95 143
89 7 138
85 108 119
2 220 45
8 45 83
46 204 107
83 5 148
21 208 69
71 100 89
67 9 62
53 100 78
13 125 185
98 95 67
43 194 81
55 116 121
36 207 131
77 200 94
84 120 196
50 34 75
99 163 26
49 146 18
80 215 148
41 146 35
77 176 107
13 21 153
68 33 41
94 191 63
71 157 7
5 152 135
21 210 173
58 139 36
35 82 58
76 4 167
82 81 64
45 162 37
89 83 102
66 72 34
73 67 120
70 9 105
14 18 145
1 41 33
19 77 162
93 46 55
58 157 167
100 214 132
41 212 181
65 41 125
48 41 170
62 26 97
98 174 122
71 216 31
26 96 166
51 67 67
10 212 149
83 12 178
66 112 90
99 205 40
59 148 52
95 148 137
28 17 163
92 66 181
87 140 143
74 15 53
2 13 128
85 129 141
37 133 22
46 196 140
27 74 69
7 127 67
38 63 138
64 182 107
23 158 160
90 21 21
8 170 167
32 103 118
94 151 52
54 23 18
41 129 21
31 136 154
73 203 128
78 99 155
10 55 1
27 154 117
48 36 7
65 35 72
6 168 34
12 149 60
20 209 22
36 197 92
17 106 135
31 73 44
46 1 71
27 209 12
72 184 89
53 187 133
79 81 103
13 30 102
26 40 86
87 160 0
21 175 95
23 77 5
70 40 140
70 157 146
23 211 73
24 177 51
53 4 52
11 68 92
97 148 122
49 106 20
28 28 103
56 136 114
43 196 121
58 162 72
22 32 174
11 129 158
51 186 139
9 148 41
35 182 109
88 192 84
83 60 57
61 155 170
1 108 26
6 116 197
56 55 104
29 205 102
2 45 36
76 152 50
85 114 182
18 195 98
41 224 75
52 172 66
67 58 93
33 37 64
8 157 79
74 41 157
23 123 136
75 164 5
7 52 165
87 224 181
43 3 65
86 160 166
100 215 71
58 202 11
56 139 145
16 22 196
60 40 79
35 119 138
68 45 140
73 214 61
78 49 35
9 126 113
90 3 104
81 1 149
42 73 105
0 58 157
58 188 133
4 212 177
13 187 103
7 22 124
40 23 89
85 172 37
46 15 113
94 30 72
55 80 68
77 186 73
69 211 174
80 143 21
63 30 42
12 44 130
63 121 39
18 13 3
78 53 105
76 8 187
93 99 174
48 15 184
24 186 72
95 77 122
28 5 52
28 203 39
44 35 147
4 51 120
53 118 94
62 171 91
34 224 88
8 150 80
70 19 30
24 153 22
6 35 97
55 116 126
61 51 53
27 136 22
99 60 109
22 145 156
70 188 42
77 60 115
73 59 143
39 107 12
91 70 34
43 76 160
51 220 33
32 115 25
87 134 149
21 185 142
51 165 150
28 17 22
12 106 48
31 174 166
65 175 37
22 103 26
11 70 7
83 206 93
90 77 85
28 224 3
62 82 102
16 186 55
75 77 133
91 173 19
50 153 85
72 66 64
35 25 50
2 160 91
71 52 132
7 204 173
36 208 43
45 220 159
20 21 121
60 9 78
91 86 154
80 51 98
0 190 108
74 25 146
53 123 58
67 206 163
0 181 5
91 127 170
70 201 141
50 86 166
41 166 172
80 20 99
49 172 80
34 210 163
89 163 179
53 103 90
96 9 45
33 217 143
53 100 150
2 163 113
6 194 171
78 149 102
58 162 86
2 193 103
59 78 108
66 72 176
16 114 53
17 133 66
100 6 136
91 170 54
35 130 57
76 183 153
61 206 43
25 140 46
99 170 174
73 145 79
67 36 41
35 12 66
50 188 75
64 15 187
20 61 119
12 141 8
31 188 188
20 114 152
33 168 95
65 36 74
95 70 100
35 174 16
24 83 37
29 171 169
13 40 149
92 147 43
11 196 36
74 174 86
40 158 72
45 100 137
99 210 19
42 20 108
51 178 27
9 195 153
71 59 85
63 127 175
40 55 82
6 113 77
89 158 192
21 0 185
77 31 197
84 25 54
10 150 9
20 53 71
44 48 97
58 166 12
73 195 127
2 104 59
32 13 148
100 80 13
100 146 193
88 44 184
80 77 147
82 124 125
84 39 169
54 3 110
3 152 10
36 210 18
11 27 148
82 180 94
95 117 172
85 77 50
29 33 44
27 47 196
46 3 60
53 103 191
16 182 163
27 95 151
22 198 191
37 52 162
94 217 158
21 53 190
60 220 117
99 197 148
35 181 75
3 136 37
85 169 139
89 162 121
6 43 174
41 215 83
59 10 159
46 192 182
49 28 46
12 151 90
55 161 154
19 57 181
70 101 8
95 96 7
97 60 49
74 156 145
41 134 1
20 26 167
68 161 102
21 62 65
31 144 89
86 194 14
56 215 124
48 30 43
1 209 173
40 12 41
37 161 192
35 78 91
44 223 90
8 7 30
37 180 48
14 95 91
5 148 49
34 28 4
62 80 34
21 217 24
6 8 121
61 28 97
58 37 106
0 217 102
81 194 187
71 92 190
56 182 30
88 149 95
95 126 84
98 145 126
60 16 90
1 11 30
37 139 96
73 223 190
22 132 1
77 110 52
81 68 143
83 78 131
43 79 0
42 76 25
81 29 66
5 210 24
57 143 180
70 124 153
87 32 185
12 22 164
15 43 6
29 158 74
96 165 15
72 72 106
6 34 113
34 142 13
18 23 149
80 97 64
70 88 38
28 29 87
32 49 100
28 156 146
85 91 132
30 142 2
12 137 43
51 202 106
99 211 190
1 65 78
98 158 28
51 32 8
28 193 161
12 99 164
20 205 178
42 134 105
63 203 140
66 115 132
9 183 160
97 212 51
84 15 41
91 46 82
33 137 15
97 103 187
3 9 161
37 141 76
82 115 141
69 54 69
86 22 55
44 72 103
43 176 147
33 160 57
84 180 188
2 213 180
32 90 26
47 100 167
92 152 116
68 32 2
40 48 95
53 22 168
83 43 183
6 161 113
19 36 73
15 176 56
48 19 121
91 95 6
36 141 114
11 157 143
58 59 83
5 222 47
93 34 129
95 113 29
87 6 158
49 66 159
54 162 38
98 178 77
2 83 6
6 17 137
90 106 184
37 156 139
43 73 54
24 36 190
100 16 105
18 198 53
95 39 39
61 22 148
72 26 29
81 91 151
37 115 47
70 20 1
23 57 172
37 195 125
1 209 72
61 59 97
15 190 51
47 189 100
57 201 187
45 65 148
68 2 120
83 192 40
2 165 166
22 152 99
2 111 66
14 86 146
69 116 152
4 44 176
1 9 33
58 55 27
74 111 36
40 53 90
27 26 142
14 13 178
97 168 186
54 93 63
21 2 118
18 76 11
10 45 128
8 41 134
22 171 191
84 204 126
4 142 135
21 201 150
66 82 57
54 166 183
25 174 172
93 194 160
12 224 90
12 6 8
48 141 28
92 6 165
32 152 119
66 212 0
79 73 113
43 62 2
30 70 133
11 90 92
75 173 89
78 15 36
76 207 2
71 114 158
12 119 100
4 43 33
81 102 89
83 118 178
90 110 137
15 9 135
35 11 100
81 65 175
69 166 78
75 49 141
19 75 124
27 27 121
73 95 189
87 92 125
99 70 5
44 60 127
26 167 0
2 70 57
81 86 68
40 34 88
96 18 113
70 138 137
12 166 59
57 33 30
45 150 29
39 107 178
50 128 11
32 0 146
52 45 154
64 197 161
41 131 120
82 167 11
95 205 50
17 101 138
52 17 37
65 118 58
95 31 110
46 161 141
80 27 104
36 32 96
4 219 75
3 146 132
41 49 144
24 61 111
57 183 123
51 11 16
27 29 166
93 8 51
63 140 126
52 155 197
54 30 73
47 23 197
52 137 113
43 26 100
85 191 48
9 32 163
30 133 128
83 32 13
37 49 58
22 146 0
74 67 28
89 110 175
47 98 70
60 113 67
86 59 27
31 62 174
12 174 169
62 101 88
95 135 183
35 125 34
83 197 178
88 4 124
14 200 151
65 139 83
89 46 120
9 166 190
66 105 75
55 24 139
87 5 46
96 129 95
58 53 23
76 65 23
50 123 126
0 82 138
12 134 143
54 90 69
83 54 63
57 163 80
95 122 121
63 88 111
33 93 186
90 81 92
64 47 153
33 50 196
23 215 168
40 184 145
9 61 142
55 195 186
25 185 187
100 127 39
15 100 77
2 158 148
72 155 100
45 143 164
91 132 180
54 19 171
20 133 45
36 96 184
2 10 127
56 179 156
23 38 174
100 117 12
16 7 150
25 175 45
2 154 138
55 1 98
49 96 152
17 72 63
65 142 92
27 141 15
53 29 0
83 143 4
55 214 47
95 223 185
44 103 115
64 3 144
56 147 49
63 200 161
27 58 182
70 75 70
86 117 69
98 22 76
5 85 143
89 67 6
64 187 164
80 193 134
17 100 41
77 146 146
41 209 174
34 157 5
39 96 79
41 141 189
26 193 8
56 167 31
22 95 24
66 176 0
42 191 189
81 137 25
87 224 68
93 12 147
28 171 190
44 153 160
69 1 153
81 69 195
10 1 3
7 149 120
72 191 55
55 107 83
57 65 106
54 112 175
0 174 23
11 147 121
36 135 175
2 156 140
46 107 104
19 5 2
32 146 34
59 208 159
45 34 155
86 185 124
92 66 25
51 88 48
4 108 192
44 45 182
14 191 117
24 62 114
44 54 5
73 213 22
37 207 21
40 71 20
33 71 97
89 48 43
18 4 162
5 208 138
43 122 106
79 126 165
82 5 28
79 101 136
9 169 108
20 129 56
22 115 117
50 75 22
69 95 65
62 215 78
69 108 116
76 140 176
45 56 50
71 195 101
63 222 38
40 143 156
25 32 105
94 95 58
75 38 88
13 67 50
71 86 150
38 210 27
95 12 32
10 13 34
65 1 130
76 57 35
51 219 19
89 111 55
61 117 189
25 94 185
22 98 143
2 113 35
36 102 132
44 135 2
98 39 52
46 152 186
26 159 15
68 205 10
53 167 137
38 205 128
59 146 187
82 85 120
22 169 51
74 12 140
40 161 39
49 208 188
29 122 43
88 7 166
79 95 71
51 187 144
73 84 36
63 17 143
78 58 177
47 168 108
94 7 33
82 70 147
52 47 169
94 191 168
50 124 164
11 217 62
97 64 117
28 63 196
61 36 140
35 82 28
37 195 70
54 224 103
79 206 107
78 35 40
89 108 55
34 79 171
89 71 71
56 157 60
30 186 161
96 146 36
97 133 68
6 158 54
54 146 71
1 202 171
15 218 32
92 32 76
87 196 75
78 155 48
40 48 112
13 32 79
13 141 12
60 86 24
78 0 78
73 202 79
79 124 106
11 81 62
12 62 152
92 69 37
87 161 52
49 2 171
56 173 115
36 95 196
46 127 0
70 160 132
86 32 3
58 22 28
65 33 88
17 192 166
28 22 40
1 81 110
55 88 45
91 106 171
85 150 113
78 98 43
11 64 84
46 90 36
77 123 87
56 56 33
14 126 116
61 218 127
19 60 50
85 115 79
52 122 132
4 188 83
98 38 189
78 223 70
96 219 34
50 11 140
0 127 19
87 43 156
16 77 76
33 26 121
96 222 165
19 211 191
0 16 190
13 111 193
16 84 116
91 193 93
77 131 77
24 126 61
46 0 129
95 120 109
38 1 63
17 178 192
63 101 37
96 155 95
51 165 68
99 42 190
35 171 59
13 128 57
31 95 85
79 38 171
62 184 196
60 52 168
58 137 104
33 141 158
39 199 122
86 113 161
63 221 184
42 136 172
5 68 50
23 31 74
21 156 136
77 129 76
95 95 117
60 152 89
3 33 67
19 66 35
33 204 166
84 175 23
7 190 150
91 198 173
97 179 16
38 59 88
8 5 181
59 72 84
80 94 100
72 131 98
40 191 45
95 209 123
98 65 117
35 74 28
78 129 133
22 62 110
71 172 69
68 159 75
70 159 130
83 147 193
70 186 0
41 33 147
72 7 187
4 85 194
68 102 152
55 48 88
19 59 67
83 175 40
67 193 23
55 213 158
32 100 60
24 105 148
34 44 166
41 186 78
58 1 77
13 54 124
100 165 182
40 105 35
32 216 154
11 203 45
11 146 195
93 35 1
79 42 80
86 81 12
61 7 104
24 14 174
4 176 122
10 191 40
39 36 92
4 45 72
64 204 58
87 68 186
63 31 52
99 108 98
41 176 114
27 65 87
2 200 157
86 123 184
74 39 35
23 221 164
70 106 188
26 224 18
78 140 8
70 51 138
92 123 161
99 138 117
39 82 80
78 204 10
55 28 173
52 175 151
33 143 20
89 73 96
32 145 88
33 136 170
51 58 66
75 10 47
30 42 24
46 132 170
89 127 27
28 79 20
73 131 81
13 56 87
51 120 93
33 54 56
43 4 144
45 159 78
61 51 30
84 23 21
98 188 143
10 53 20
43 139 39
91 29 55
25 192 41
3 110 152
73 189 80
95 22 150
38 219 124
1 213 20
87 166 146
62 84 81
87 10 131
10 148 152
37 120 124
58 202 82
27 59 155
9 4 154
40 122 134
28 192 48
15 45 10
97 42 52
64 153 130
20 9 173
35 54 83
97 45 157
70 79 15
52 220 75
21 145 68
18 29 193
14 109 61
63 129 62
37 134 84
96 55 78
47 82 96
73 181 37
44 81 197
98 184 42
64 44 145
37 142 42
53 52 67
45 80 76
77 39 63
87 164 181
97 160 49
100 51 159
5 180 57
90 62 137
44 79 174
23 6 122
0 182 60
23 7 164
26 160 55
16 127 59
75 101 58
94 215 132
16 77 61
18 56 5
53 189 72
29 37 45
54 39 23
22 26 92
32 136 162
60 211 187
38 142 99
5 160 182
21 20 195
29 19 37
38 61 14
85 219 101
20 112 194
28 220 194
0 224 108
70 122 143
62 146 9
50 207 101
71 98 80
28 150 23
14 127 147
30 171 145
1 125 105
4 19 81
88 220 72
0 91 157
28 36 100
99 74 14
10 72 85
30 38 68
75 157 151
92 206 126
46 94 118
6 87 64
12 213 59
22 112 183
14 177 182
65 188 67
29 132 23
20 153 156
17 101 59
52 145 60
2 186 56
91 77 87
52 52 26
13 97 91
68 203 157
20 138 23
40 159 104
79 219 88
13 69 89
39 10 89
52 37 48
76 84 136
64 101 19
56 123 55
35 148 115
35 142 168
39 211 109
17 79 144
56 16 47
39 206 92
73 140 179
62 223 95
5 191 10
11 214 83
27 124 60
24 157 6
67 126 46
91 11 10
23 36 58
65 27 147
78 41 173
8 160 96
27 126 80
49 222 40
19 160 128
26 21 105
49 103 29
40 157 27
67 54 38
92 223 172
71 86 112
11 107 110
33 130 48
4 5 29
21 142 41
22 189 151
39 217 95
55 218 154
99 22 49
96 89 116
89 190 124
49 47 90
33 157 140
47 118 125
18 155 189
67 1 140
29 182 56
82 60 39
65 214 42
86 218 25
48 184 175
32 27 123
21 40 16
65 63 130
83 171 15
54 61 25
24 201 155
71 28 146
69 159 117
19 186 18
14 135 172
30 147 165
51 146 90
4 74 161
81 7 115
59 221 59
25 24 137
57 22 128
45 106 64
39 49 67
39 201 108
5 34 48
54 55 182
89 37 16
81 126 39
31 92 92
48 9 37
61 88 124
8 159 147
18 194 165
71 0 116
7 114 1
56 109 16
47 83 182
7 59 129
18 92 98
65 63 163
0 44 11
74 103 6
50 83 195
70 43 147
99 202 43
96 187 86
72 79 4
2 205 155
35 132 77
38 163 161
17 209 190
81 29 5
50 56 177
39 149 12
15 161 100
23 211 46
1 204 24
30 224 184
60 11 83
42 193 84
38 49 156
5 36 49
62 53 122
82 69 24
62 9 86
22 219 44
46 42 109
14 142 102
71 204 11
76 93 188
59 218 10
25 220 129
10 110 53
71 174 173
92 164 125
90 73 173
91 6 123
91 91 158
55 114 102
91 155 27
19 147 174
2 166 157
72 217 135
73 54 50
92 224 190
29 80 83
35 178 86
37 47 129
97 16 178
5 9 46
91 211 122
7 205 174
76 50 9
89 160 159
79 143 116
4 152 114
85 19 41
50 176 64
51 106 38
98 216 197
86 178 146
80 183 65
0 94 157
18 95 108
30 71 62
78 17 117
2 172 83
23 136 169
100 48 115
68 119 28
84 68 184
65 143 27
8 103 28
98 19 72
28 192 59
68 2 148
98 171 166
85 2 135
64 203 108
37 220 195
35 164 20
26 90 39
85 61 99
53 56 110
59 45 13
31 147 124
79 117 48
49 204 163
64 102 34
99 206 119
95 216 138
46 98 103
26 81 157
45 201 88
48 191 166
81 204 142
13 213 159
99 121 98
47 127 87
64 81 9
56 142 23
86 142 105
6 76 159
47 209 43
25 169 6
68 177 175
44 121 59
13 102 80
3 14 178
6 165 11
6 143 62
45 104 108
38 157 16
66 93 51
95 4 69
87 179 0
82 191 190
95 9 92
89 172 82
59 155 130
50 169 169
75 12 84
77 134 173
70 139 138
42 50 121
28 7 70
62 91 125
26 189 174
94 220 49
20 175 164
74 212 116
28 152 142
9 28 6
74 76 32
100 32 89
24 36 9
70 134 117
85 122 40
75 133 80
79 188 84
9 207 118
69 223 17
28 135 180
10 189 149
71 92 195
3 65 72
16 113 52
63 190 144
62 182 105
16 23 148
23 128 17
20 44 172
10 62 19
87 160 80
47 19 4
73 189 173
63 111 179
63 121 162
47 220 5
2 166 171
4 71 94
93 13 108
92 190 171
37 139 97
86 121 149
53 41 37
0 215 14
20 174 184
20 165 119
67 27 68
35 15 32
62 28 98
58 119 84
99 204 34
11 82 162
39 138 163
36 133 67
90 3 177
64 103 154
17 134 9
52 30 133
93 73 63
69 31 149
98 134 193
29 6 27
68 199 65
99 92 33
91 101 24
11 204 59
84 52 79
38 122 144
28 223 146
72 150 32
62 32 95
77 166 192
28 200 186
71 42 183
24 58 194
17 136 142
18 152 88
12 157 112
2 25 19
78 3 48
73 138 60
13 45 52
7 188 131
46 139 68
54 133 117
7 45 117
83 92 93
18 121 157
53 129 65
96 102 127
31 76 162
53 61 20
20 99 173
71 40 54
17 109 28
64 54 128
33 67 166
11 224 150
78 101 95
48 6 157
50 58 174
88 154 63
50 54 125
71 24 75
77 74 178
58 207 41
72 173 4
70 72 113
42 47 22
13 47 146
16 63 158
43 152 133
86 181 17
24 194 52
82 156 158
24 59 183
28 140 19
0 8 103
3 134 121
89 189 184
51 124 97
11 69 68
98 51 99
52 217 191
40 178 9
8 167 1
10 31 69
18 10 155
29 103 188
2 97 72
9 55 45
27 32 36
21 62 195
54 73 160
97 45 181
45 188 29
67 157 106
45 217 5
45 115 111
77 177 161
66 198 96
74 120 98
61 14 25
67 174 164
5 56 0
33 118 26
100 56 62
67 55 15
66 203 32
46 106 106
30 206 156
66 168 178
32 75 149
24 131 108
44 19 20
70 73 178
62 49 101
62 5 44
13 27 91
13 148 170
6 103 77
20 32 166
73 147 122
42 120 122
47 203 95
44 170 36
28 179 80
91 71 155
40 159 2
85 99 101
50 146 53
50 108 94
97 51 190
76 152 20
87 113 34
87 217 119
1 43 70
15 114 181
59 39 111
71 194 190
45 82 103
73 77 37
31 195 197
21 149 9
48 151 14
68 122 48
8 19 14
75 223 124
21 56 26
64 215 76
97 10 0
84 20 162
81 194 151
99 223 66
99 92 41
13 158 73
54 222 24
77 49 29
17 11 29
17 155 132
40 170 121
57 107 176
64 185 197
70 103 114
57 116 80
63 3 80
33 93 152
1 4 48
65 166 0
32 220 58
3 208 103
10 185 33
71 136 120
0 124 188
67 163 121
53 19 170
87 79 5
96 54 133
59 50 118
8 33 34
18 7 3
58 149 148
24 220 108
64 114 34
51 93 16
24 75 127
51 143 69
79 148 162
1 80 5
61 52 193
6 49 165
83 185 189
67 203 62
73 94 151
53 78 129
70 46 151
82 162 170
69 61 96
0 116 18
17 216 62
13 94 75
23 82 93
80 207 78
78 180 114
50 191 71
29 17 96
92 107 18
33 139 69
28 97 156
3 145 89
53 153 41
2 2 85
90 84 118
76 155 34
86 76 58
79 169 66
12 42 65
54 191 192
100 208 39
3 42 156
23 157 175
60 8 133
89 43 103
29 136 177
95 86 160
74 152 86
93 71 42
81 28 115
23 35 64
74 24 168
73 93 95
27 14 113
92 187 2
12 115 114
21 51 140
86 129 130
79 0 136
34 129 64
41 194 127
33 95 187
78 121 24
76 55 6
68 98 92
94 157 73
1 215 54
18 93 191
60 28 85
48 8 29
22 179 196
84 170 191
78 171 122
6 126 2
46 95 121
52 63 179
69 191 104
43 170 65
61 35 21
54 219 191
32 221 9
77 61 82
51 178 40
93 56 68
24 118 132
81 191 50
41 67 55
0 21 169
80 71 89
39 143 40
32 2 11
90 173 33
94 65 95
22 208 51
8 174 114
42 111 131
63 76 102
95 90 80
54 131 184
98 93 0
58 15 34
44 180 176
9 68 75
21 96 35
11 175 13
99 203 90
5 127 156
50 136 194
34 56 7
26 163 183
67 217 153
54 83 90
15 8 95
54 179 165
47 49 173
99 80 148
70 25 56
43 23 124
96 4 180
31 37 103
66 1 105
51 222 136
83 16 71
100 143 65
19 61 162
99 82 62
50 20 172
46 110 136
38 82 192
29 130 22
28 32 121
97 66 56
44 115 122
10 210 117
46 187 49
4 166 194
45 100 96
72 118 79
40 153 67
2 161 172
36 13 112
66 160 41
63 140 109
49 4 31
13 73 109
77 194 147
60 204 136
25 141 62
35 173 186
31 82 35
16 197 181
70 164 139
51 204 147
63 190 3
60 210 160
95 214 159
61 94 83
17 16 117
27 91 91
29 215 34
9 146 49
30 61 120
45 41 100
12 5 183
12 96 103
8 131 125
71 67 167
27 112 128
72 116 162
30 118 131
100 177 97
93 103 43
72 41 193
90 159 44
26 108 97
15 50 163
12 176 8
90 108 145
66 216 4
89 149 153
44 63 127
28 143 120
86 181 27
54 41 148
2 90 74
11 196 113
90 89 4
99 217 121
15 5 154
54 156 103
64 118 81
29 70 58
19 21 62
86 24 90
14 177 167
82 137 59
61 111 0
16 127 150
10 135 64
48 89 87
48 182 147
39 85 42
25 22 71
14 132 85
4 130 35
94 91 70
16 146 51
1 208 78
6 110 115
83 166 42
6 89 45
63 97 138
6 7 38
42 13 59
51 7 32
84 7 180
100 223 89
71 172 169
7 110 43
22 198 112
30 102 54
75 103 87
30 121 2
70 122 64
69 129 77
43 146 64
75 2 193
27 52 99
30 70 158
94 224 163
97 45 58
83 18 120
86 144 183
9 135 15
76 11 74
81 93 20
61 192 81
33 196 122
2 91 73
36 24 5
88 49 186
81 182 93
83 54 109
88 172 132
73 214 34
21 12 176
12 33 70
36 117 105
72 173 159
14 12 86
91 108 115
75 63 186
85 40 77
76 149 116
3 24 189
56 28 29
2 134 111
74 223 83
1 219 193
72 42 181
25 2 36
52 75 74
11 151 197
10 64 135
55 106 72
42 218 126
36 118 27
20 30 107
93 86 101
85 207 142
41 123 162
85 125 27
5 0 142
48 176 91
39 161 11
14 37 120
92 50 114
82 145 129
47 142 40
79 207 32
46 126 22
63 30 58
16 150 14
29 133 50
92 65 173
5 129 182
0 59 139
41 164 146
28 58 11
31 43 78
15 127 194
91 126 93
30 145 75
11 20 68
75 157 155
40 162 99
97 166 55
77 183 109
47 50 144
48 110 35
84 57 18
28 74 187
92 56 3
10 33 163
3 61 121
38 186 21
28 42 122
36 89 32
59 217 139
27 140 112
69 98 167
14 13 29
4 197 135
46 53 148
3 82 135
6 78 150
4 94 139
60 184 164
11 122 176
47 180 37
52 168 15
92 197 97
52 130 27
26 18 86
79 169 182
70 116 134
61 148 149
29 195 28
34 154 195
44 84 45
2 41 110
69 19 169
91 80 106
97 90 71
94 95 142
16 45 20
4 115 163
58 189 56
86 184 117
20 196 47
20 185 64
13 156 147
27 28 94
65 15 25
87 157 1
87 13 114
24 215 192
0 215 91
73 188 160
88 162 63
26 107 31
99 198 82
45 97 105
72 207 87
12 153 0
72 24 133
28 119 12
84 30 57
85 224 49
70 167 131
57 13 141
1 215 166
20 195 25
5 104 3
39 95 28
42 153 154
41 88 139
18 201 174
42 111 128
59 62 136
60 88 91
35 165 29
52 4 8
11 15 92
84 119 63
100 4 192
83 50 132
70 87 79
75 163 0
94 126 121
11 48 74
76 172 15
14 189 170
7 118 169
94 190 11
13 69 29
49 118 151
7 118 25
82 169 90
87 24 91
73 116 36
20 11 64
48 61 140
12 143 36
50 198 180
60 213 178
3 27 136
45 176 37
60 138 12
52 144 166
43 39 79
63 49 127
6 48 25
96 132 31
39 61 157
22 197 162
94 65 92
94 123 50
95 158 23
32 173 166
66 142 54
41 195 138
24 37 122
18 165 89
43 142 137
24 39 2
32 48 123
12 197 153
47 71 136
39 222 189
30 115 108
33 17 70
36 88 128
92 12 58
90 205 173
99 52 166
21 188 55
32 122 53
51 171 14
89 94 125
88 211 178
11 82 78
45 207 194
19 34 95
79 8 178
67 119 105
11 100 66
8 200 135
8 129 161
55 28 38
63 43 0
74 109 139
54 58 61
100 88 136
88 201 131
78 176 77
94 3 195
10 174 10
31 173 43
67 53 13
87 33 68
18 97 197
66 154 1
21 142 134
45 81 68
42 47 166
54 54 176
44 222 130
9 80 82
66 141 184
36 213 115
21 208 166
32 98 147
80 208 71
34 101 0
87 111 185
51 33 140
78 174 35
83 102 69
67 151 9
66 34 96
82 198 72
53 68 19
74 101 10
61 10 20
1 97 154
65 192 5
22 169 89
23 183 16
20 214 48
47 121 25
0 48 142
94 23 61
29 155 160
3 138 7
76 89 102
64 126 31
83 172 187
19 87 153
7 159 153
17 151 98
47 88 121
76 0 153
14 13 80
35 181 171
59 112 55
8 35 182
8 92 136
17 189 20
66 77 167
1 131 83
72 121 131
66 122 63
70 108 130
94 224 162
67 34 142
56 17 69
16 139 118
20 195 4
71 120 34
71 67 132
76 223 140
70 51 83
9 63 157
82 27 174
61 131 99
9 51 115
16 133 82
59 146 138
96 184 28
63 137 80
4 95 136
47 145 100
20 104 28
2 142 157
76 76 89
78 123 158
85 139 3
63 172 166
7 166 101
55 105 137
47 218 130
4 210 51
25 20 104
60 169 13
25 45 190
71 212 176
67 106 197
27 159 121
6 129 41
49 180 178
46 91 48
34 194 45
58 84 190
8 28 68
29 56 169
21 8 132
88 92 29
83 194 163
78 73 99
74 97 78
92 108 153
63 131 114
5 81 149
82 209 79
60 135 110
10 129 148
7 220 132
92 183 189
15 140 196
17 147 172
59 58 158
38 90 93
10 213 176
72 218 105
54 87 56
9 30 82
22 76 155
65 199 188
94 113 92
78 66 89
9 121 13
31 154 151
35 108 164
17 146 26
67 5 104
41 89 49
83 164 24
26 35 8
42 147 29
24 133 179
99 61 81
0 40 37
73 69 48
94 58 95
49 45 111
68 189 158
71 128 181
88 63 45
52 114 89
2 200 49
14 25 145
58 119 147
82 168 122
52 87 136
75 127 179
71 123 81
67 31 98
24 201 169
65 14 158
54 34 152
82 46 156
64 77 79
16 14 152
48 129 70
32 68 16
27 48 54
91 193 66
67 14 18
54 40 83
20 67 29
45 47 39
33 163 155
3 129 144
58 0 21
45 51 183
9 146 92
34 206 155
19 190 38
72 181 24
25 41 137
13 155 4
59 182 49
52 126 187
84 17 132
29 5 51
65 222 86
8 91 90
0 151 62
77 119 192
91 58 29
65 63 56
65 169 20
84 32 186
61 176 74
9 147 13
58 133 43
42 211 72
14 195 53
15 145 197
52 8 2
95 21 158
94 64 64
38 7 197
92 182 134
69 87 145
76 78 148
50 1 137
51 193 195
93 86 7
47 155 71
87 33 110
48 115 5
39 23 178
94 28 134
50 26 112
3 223 192
2 4 194
3 85 163
22 94 10
40 86 82
83 193 180
64 21 163
13 169 170
44 79 140
35 85 44
88 44 131
73 134 123
58 21 184
94 192 131
51 218 172
5 53 83
84 2 191
0 190 93
12 10 38
49 63 19
97 69 167
3 199 95
10 148 13
23 4 112
42 64 148
46 164 105
37 42 123
81 11 132
85 59 149
37 75 110
6 133 184
35 128 127
75 115 46
39 36 77
75 133 176
14 203 34
92 208 135
60 62 190
74 140 120
84 97 19
23 189 97
45 218 16
9 101 52
77 6 3
66 135 179
28 53 10
27 73 129
62 19 11
7 47 124
44 96 127
4 54 157
76 151 19
11 174 158
91 83 124
2 32 12
81 126 40
79 109 58
40 79 195
20 146 100
63 158 158
88 45 85
32 142 140
38 50 4
62 206 3
99 47 47
12 44 47
28 141 5
49 27 19
29 215 177
18 201 40
5 137 39
93 44 68
64 214 172
57 71 17
85 210 176
96 202 124
60 121 88
44 23 196
25 166 114
87 81 177
75 39 196
88 47 172
90 208 1
90 118 8
82 16 31
32 75 141
80 54 14
47 116 175
96 71 28
24 190 47
43 106 140
62 153 142
84 208 101
74 160 116
49 63 8
85 220 63
65 110 172
36 153 3
28 109 71
77 192 18
18 72 114
80 130 160
68 92 8
90 24 43
56 21 143
49 119 191
47 191 60
43 204 162
88 99 80
79 76 35
41 37 21
28 61 69
19 111 176
55 163 14
53 96 126
88 223 109
16 19 116
91 71 56
82 150 195
10 107 180
36 110 194
91 4 15
2 33 184
10 130 98
47 84 131
12 82 43
73 58 65
99 37 52
41 99 98
6 80 35
18 9 123
0 1 94
28 224 83
86 195 64
86 156 50
61 153 144
37 106 4
25 132 191
39 150 139
34 205 190
41 222 25
78 131 25
86 143 144
69 100 84
85 180 113
14 109 136
99 141 67
31 127 138
23 108 122
34 128 135
33 136 86
35 219 63
47 29 184
61 213 99
91 65 133
87 59 60
82 90 148
3 149 86
26 221 40
9 57 125
51 200 39
6 199 48
17 149 138
70 84 17
80 169 97
74 219 70
79 98 158
41 137 37
37 21 146
53 22 155
91 125 68
70 96 62
33 44 157
99 28 24
50 66 51
51 7 173
44 88 125
49 145 69
68 206 9
22 21 136
22 206 16
14 9 67
26 203 118
75 78 189
21 90 179
76 134 162
82 158 32
98 78 163
61 50 195
69 184 121
28 123 16
76 209 27
22 222 22
77 79 22
83 28 112
33 196 7
52 7 108
16 32 123
98 138 86
46 42 166
88 169 174
68 106 113
98 51 19
81 167 153
93 74 1
6 218 128
11 64 51
35 12 168
74 131 166
66 217 28
88 184 136
8 36 99
3 170 41
27 219 194
90 60 94
68 210 138
38 152 52
39 52 74
84 78 103
16 143 135
8 10 168
53 158 178
62 38 5
90 119 10
81 87 72
28 167 123
70 18 114
76 9 145
44 142 98
0 67 149
59 52 94
64 167 181
2 130 42
86 154 39
70 47 80
7 218 122
5 16 72
87 25 184
36 75 91
16 59 24
74 43 56
6 78 81
61 145 70
28 118 189
55 39 72
38 181 132
28 182 188
21 9 79
47 113 61
0 202 28
27 162 187
12 84 188
16 41 108
7 33 94
62 35 176
30 49 195
93 67 174
8 114 32
