242 266 4726
14 225 128
47 30 58
44 221 257
56 84 214
83 206 133
41 49 63
92 153 130
94 179 30
96 96 28
45 30 246
46 131 37
51 232 68
81 78 124
85 209 22
54 59 53
44 24 265
21 162 119
65 45 120
46 95 123
64 30 51
85 9 140
9 225 214
43 83 148
85 234 236
58 174 31
12 53 102
98 50 99
55 114 19
18 114 115
25 128 211
27 130 39
25 150 202
58 238 17
16 162 114
8 154 255
85 99 127
36 91 259
35 138 235
26 188 138
9 232 53
20 54 61
54 110 188
30 129 183
56 133 197
67 190 216
73 63 209
52 195 158
68 91 30
8 25 229
47 12 193
53 111 227
27 191 167
50 156 36
41 180 54
35 68 161
86 12 105
87 9 248
70 215 130
89 119 173
53 104 131
87 37 35
79 181 69
75 118 73
20 140 141
68 20 22
46 236 106
32 196 109
58 97 157
74 105 109
10 113 58
43 233 139
51 131 142
0 40 141
45 78 236
98 189 204
36 100 104
66 202 56
68 234 22
100 128 197
90 162 108
33 51 90
23 104 29
80 108 242
77 133 85
36 10 227
95 69 28
67 97 189
32 56 69
79 127 207
82 77 200
27 25 210
50 230 258
95 12 101
94 103 60
20 158 223
91 147 80
9 1 250
66 148 19
25 168 102
45 82 16
59 47 83
5 159 131
91 142 240
96 81 209
75 101 165
11 156 54
84 86 220
13 221 81
76 76 80
57 236 194
68 18 191
21 119 251
51 213 63
70 207 183
75 49 195
89 117 71
7 163 104
33 204 79
68 101 219
21 75 139
80 126 26
74 142 109
80 211 147
58 221 132
2 38 244
1 165 199
3 19 196
81 229 113
56 137 203
71 179 101
54 162 18
52 199 192
89 140 58
22 149 45
35 141 237
8 200 75
64 166 19
73 147 117
9 109 86
70 166 156
11 213 259
16 160 191
72 97 229
24 74 253
29 59 235
10 68 199
65 186 168
62 138 237
73 117 238
19 86 42
41 8 160
37 166 230
42 109 13
57 38 102
44 205 84
24 18 139
45 142 16
79 20 52
22 41 49
14 181 161
34 157 117
77 119 172
73 31 204
11 143 78
51 22 81
0 44 141
68 96 72
79 132 246
91 197 244
50 108 123
28 10 259
82 81 232
32 131 137
47 68 197
33 143 43
41 137 95
83 231 27
53 22 38
61 92 196
12 34 156
71 120 249
38 160 89
54 180 165
49 104 115
91 28 177
16 103 260
70 99 189
37 47 93
14 71 9
26 66 4
52 64 121
91 236 5
95 174 217
79 77 23
2 25 139
33 136 220
92 32 88
24 235 43
42 22 244
97 133 181
32 211 119
81 151 160
39 88 18
86 55 181
60 121 158
59 49 157
88 132 75
96 16 58
75 44 107
71 75 222
62 98 240
38 219 40
87 63 234
37 29 83
52 222 233
26 70 137
48 106 137
67 85 102
93 151 141
87 128 259
27 15 26
100 168 76
61 78 192
46 152 31
51 11 234
23 228 121
18 63 67
25 6 232
23 136 71
44 201 199
44 69 162
53 188 242
3 137 21
86 77 102
94 17 33
68 169 171
49 74 59
22 231 172
27 41 15
89 189 53
84 49 247
71 196 75
76 233 256
84 241 193
5 54 156
69 191 168
47 107 149
44 232 162
87 182 36
31 204 6
92 20 151
65 115 244
8 38 28
21 115 87
44 86 10
62 130 201
60 25 64
75 139 113
38 38 111
56 57 115
64 176 66
26 199 89
75 87 197
97 171 50
96 171 149
39 45 132
31 220 168
92 146 220
94 129 228
49 30 182
39 77 202
15 192 56
98 108 224
70 193 242
74 159 50
20 212 16
55 148 89
42 41 264
76 11 166
92 17 88
47 102 12
13 9 34
53 114 158
83 136 51
4 86 55
43 12 135
42 35 53
85 85 24
50 49 143
16 75 216
34 157 225
59 221 183
82 23 263
89 141 88
80 92 137
65 164 110
63 176 255
30 183 227
58 167 45
53 43 240
2 88 34
41 55 48
88 41 155
82 63 147
0 64 138
28 185 79
27 156 255
45 224 159
2 24 263
30 199 119
3 45 72
70 162 255
43 227 57
77 71 231
48 233 2
66 1 206
99 80 187
72 87 36
8 198 144
42 217 46
15 91 126
15 111 95
51 152 179
49 117 113
69 203 138
71 56 14
35 120 56
70 148 207
24 62 161
45 23 68
17 170 110
28 119 145
3 139 174
16 80 243
16 221 199
3 41 14
41 230 230
66 25 224
88 138 74
53 171 158
37 132 68
1 200 201
74 81 145
85 216 5
45 40 160
4 42 242
50 179 88
60 138 191
34 29 219
0 72 82
85 113 248
22 139 191
19 169 35
13 110 72
70 43 233
95 22 88
90 89 178
1 17 149
95 109 128
52 42 13
63 171 121
71 126 173
97 97 199
33 111 70
63 133 94
81 132 190
29 86 244
73 199 18
20 221 168
3 78 206
94 190 127
79 13 146
78 102 114
30 13 99
11 148 185
57 175 42
28 32 154
58 56 73
8 6 237
62 205 10
32 170 149
96 176 225
56 53 261
68 71 54
4 2 128
69 234 28
78 207 231
10 110 219
78 224 239
66 34 142
43 48 207
78 167 180
100 144 188
34 51 188
15 46 15
36 56 135
43 129 133
22 58 63
90 98 139
38 37 164
94 32 241
81 6 28
81 17 107
100 199 169
55 72 165
35 104 147
3 142 181
6 66 203
9 208 56
98 158 205
72 162 47
88 81 247
18 94 227
17 232 153
59 36 145
15 163 50
18 209 18
56 42 90
42 155 151
63 195 223
24 90 183
0 230 22
64 203 151
4 191 99
75 8 164
43 211 30
17 98 222
21 14 136
29 82 0
23 45 45
60 206 60
75 104 7
42 171 193
39 135 13
5 120 245
12 213 236
31 63 57
81 46 154
93 156 168
64 231 189
56 237 33
99 108 147
61 191 123
74 174 15
30 186 224
69 41 26
3 121 141
35 172 38
20 93 124
63 140 169
73 47 143
58 181 35
14 116 205
92 38 198
9 218 217
23 189 149
83 75 28
2 191 79
57 70 188
82 45 144
64 21 137
71 177 78
48 147 27
62 16 204
10 23 70
21 85 68
18 38 136
43 161 23
46 163 169
2 144 13
39 5 223
34 145 52
36 77 40
87 123 63
12 84 29
37 180 94
22 224 263
87 161 101
88 9 65
98 217 181
20 37 129
93 60 71
75 152 72
33 82 13
97 32 117
74 150 109
6 158 20
11 3 253
37 195 202
80 168 263
50 175 120
5 151 194
71 108 5
31 80 173
84 50 223
25 24 242
42 166 93
51 204 112
57 220 47
0 45 46
70 142 226
88 163 123
64 63 237
11 106 0
59 97 61
93 113 42
32 75 45
41 125 35
45 127 70
29 198 102
25 59 202
55 39 256
21 13 205
88 25 67
3 128 212
91 167 94
4 60 134
35 159 48
31 89 27
55 98 97
68 9 240
23 201 67
96 51 218
6 68 200
72 230 71
62 233 31
66 155 129
50 16 144
74 237 75
53 197 45
5 151 62
70 143 79
97 145 67
64 58 152
95 190 103
0 91 81
11 103 12
95 20 73
59 79 79
86 54 133
13 109 174
76 14 18
33 12 226
83 196 158
6 76 103
18 239 184
65 38 112
78 36 0
12 32 9
77 145 103
47 9 173
47 69 102
16 10 209
14 209 15
72 5 1
14 230 236
6 91 125
93 147 56
60 180 263
60 227 192
46 1 5
11 107 208
43 227 253
25 170 225
1 163 42
25 170 202
4 79 97
18 156 207
7 71 186
56 157 135
65 216 238
92 22 188
89 141 227
38 144 158
81 28 61
52 55 136
93 35 150
15 122 235
85 91 0
35 41 163
97 126 16
79 176 134
53 144 122
24 4 135
41 5 26
20 103 156
39 154 41
84 91 159
85 39 254
48 108 37
72 231 123
61 118 10
39 132 10
72 140 11
61 93 216
64 89 117
27 56 183
60 65 196
58 211 61
30 185 175
30 60 8
76 223 223
2 183 179
50 206 197
92 12 92
76 220 58
11 39 130
58 169 115
7 236 185
93 172 31
96 115 237
95 228 71
2 12 120
34 172 48
50 88 126
63 93 63
95 53 264
100 219 95
53 224 47
65 226 45
56 196 104
78 127 34
94 174 265
4 194 234
69 206 198
31 160 62
78 196 245
60 15 257
43 48 16
70 164 11
64 92 29
79 166 89
20 230 233
79 52 41
47 139 25
15 13 46
80 194 185
8 189 199
83 33 18
8 208 228
49 205 254
29 41 219
9 72 188
84 111 256
9 136 216
70 2 14
25 77 264
34 148 149
81 40 151
59 174 205
70 189 112
93 202 29
74 125 92
92 209 50
22 8 98
56 20 69
79 30 15
60 205 86
1 156 106
20 63 178
9 59 93
33 124 238
12 9 216
5 53 249
89 136 151
92 234 24
95 12 203
84 201 218
8 111 82
27 187 161
24 236 261
8 27 46
21 135 219
37 156 192
89 164 24
79 55 61
73 24 95
35 168 171
89 59 73
29 24 138
88 61 9
40 68 173
56 106 18
18 217 41
37 79 92
83 232 124
87 153 17
18 196 144
85 92 40
41 136 58
17 234 154
75 107 90
61 163 187
54 174 4
24 115 106
75 218 6
86 85 66
52 204 168
25 133 207
43 52 142
67 98 51
48 175 73
47 100 81
41 89 218
17 95 264
33 235 180
66 202 179
43 239 259
9 33 69
34 237 31
64 104 219
52 163 130
34 20 198
10 202 243
51 14 150
42 194 53
70 140 4
47 134 117
46 172 94
14 91 123
15 217 238
45 228 45
72 138 265
13 169 37
73 227 143
4 126 66
68 106 260
76 123 137
100 136 222
84 222 187
68 201 76
57 35 174
78 83 196
56 241 148
68 238 263
88 175 215
50 40 19
60 159 47
33 1 253
79 216 58
28 37 33
96 238 24
28 108 133
60 114 166
57 160 54
9 41 10
78 204 246
69 180 201
73 178 163
65 50 248
21 3 137
4 238 209
44 192 79
4 221 95
32 106 90
89 190 227
58 196 184
8 46 27
3 130 159
35 136 76
18 65 214
15 90 186
98 186 249
30 115 116
71 99 194
96 69 235
50 32 231
65 52 61
13 29 172
41 98 202
33 186 1
58 227 174
13 129 69
38 220 181
70 224 14
75 32 15
73 183 151
17 227 117
70 91 182
18 23 92
96 146 106
97 88 167
30 178 102
57 232 228
78 57 133
57 36 168
87 51 98
33 90 108
81 211 149
37 52 139
53 199 212
88 91 137
23 9 92
35 118 170
83 67 5
47 184 56
55 206 259
21 78 35
61 109 141
31 137 229
96 168 47
100 39 250
71 85 71
8 73 164
81 144 124
99 151 259
63 15 207
83 29 69
73 62 78
40 219 29
8 49 205
81 89 225
91 108 142
32 197 186
60 223 232
90 201 150
44 17 222
38 4 251
69 137 184
97 114 136
86 21 199
39 157 216
97 178 166
2 61 231
12 6 149
94 88 111
64 115 73
64 124 44
77 137 126
56 146 144
65 232 189
90 103 57
76 139 240
58 188 33
63 78 231
3 155 141
76 75 27
7 233 94
92 233 250
13 1 166
63 195 47
74 53 17
23 29 212
54 8 41
91 165 65
30 239 69
50 9 247
50 6 188
63 155 143
75 18 257
36 190 61
48 73 84
28 28 48
97 29 131
59 131 232
44 59 264
78 193 7
8 19 207
1 141 89
29 97 107
37 210 226
85 206 47
90 199 66
71 49 173
94 51 94
37 175 262
68 39 69
75 80 32
29 8 49
53 103 118
50 4 235
62 146 100
63 178 72
49 77 120
54 192 183
49 110 243
46 135 188
78 157 249
47 154 199
16 26 164
0 194 237
68 16 19
90 73 202
31 230 191
32 25 41
14 37 119
73 81 36
99 175 12
82 73 73
13 202 255
35 187 198
50 106 142
63 77 160
59 158 96
35 152 61
29 241 137
66 169 235
4 30 207
13 226 238
89 33 166
53 209 104
10 5 175
94 170 25
22 152 226
27 139 13
53 57 18
89 43 53
64 187 216
30 49 20
64 13 224
11 141 108
44 98 131
74 41 98
92 148 9
53 22 236
39 43 35
9 196 37
58 7 196
39 219 82
86 73 111
77 198 236
83 28 7
2 195 11
1 133 262
4 119 213
6 81 104
25 122 62
62 37 223
22 23 186
46 222 184
11 99 134
0 110 209
66 109 97
29 103 77
73 45 56
23 195 209
79 130 15
85 232 133
61 233 233
53 212 213
70 162 181
71 60 206
81 177 175
5 47 105
38 232 71
20 200 209
28 101 259
45 121 69
9 93 118
58 153 192
13 13 23
4 174 37
3 212 114
37 193 236
11 209 97
23 159 89
42 6 78
66 237 119
19 165 178
21 37 69
65 177 100
70 37 90
32 65 55
91 115 123
98 89 37
62 107 2
88 37 134
2 93 61
75 149 170
39 54 211
53 137 207
52 13 123
74 82 201
97 148 111
87 0 29
65 51 45
17 231 255
13 86 247
73 66 188
17 64 131
38 32 165
39 226 263
27 9 265
34 44 5
60 25 20
82 142 121
67 12 49
7 151 260
68 233 177
63 210 264
26 173 85
75 110 265
100 182 6
4 127 67
4 66 142
5 126 125
64 122 230
26 125 257
93 2 78
24 161 128
35 93 48
31 95 259
79 92 4
64 105 98
37 98 109
26 238 47
39 89 60
13 209 10
63 46 94
66 202 225
97 145 193
57 109 237
6 116 166
26 129 218
46 219 221
46 123 81
14 232 195
54 58 9
25 7 177
0 14 226
45 19 190
75 111 142
62 169 181
23 68 247
4 145 182
98 152 156
51 240 12
51 78 18
0 236 23
60 132 49
79 147 70
20 21 109
65 65 184
74 120 20
57 200 193
8 40 190
31 235 171
73 116 213
23 110 106
55 155 185
50 48 36
1 215 7
96 34 223
85 155 39
86 207 246
56 178 237
86 5 151
11 228 195
94 214 114
33 137 186
56 197 234
73 217 86
24 230 154
13 18 161
97 60 70
88 162 129
46 95 251
71 10 78
92 116 183
16 177 190
100 196 36
44 184 28
79 56 180
52 96 160
74 13 167
43 69 158
14 225 264
2 180 173
44 23 254
53 8 84
88 100 1
3 31 139
22 26 161
77 64 164
35 3 206
50 221 241
22 85 205
82 167 126
15 86 35
100 92 214
10 46 114
52 222 237
35 196 73
57 9 108
61 80 209
95 103 161
57 233 197
79 196 116
74 98 84
38 9 67
53 72 59
41 128 134
86 125 230
65 40 38
5 142 259
6 32 179
55 45 7
82 29 134
88 126 147
38 60 175
29 15 223
59 174 148
5 85 166
15 239 15
47 200 242
33 172 87
0 108 7
0 197 107
70 1 178
83 39 129
80 23 97
88 158 38
33 36 175
93 118 75
21 195 260
16 7 67
74 207 54
38 2 79
27 159 147
68 135 220
23 4 48
49 236 60
41 24 32
98 13 43
0 80 188
79 121 217
29 32 31
17 100 106
50 111 44
92 149 223
91 149 37
40 172 0
9 113 255
69 79 226
96 136 40
6 203 162
57 26 184
5 240 16
80 59 239
74 77 6
88 15 265
97 199 181
63 124 226
98 184 42
1 64 245
27 167 163
72 28 14
64 0 141
16 12 56
38 233 11
13 181 26
42 215 173
59 210 178
81 66 133
30 28 13
62 206 68
59 43 136
89 104 204
54 96 103
18 124 133
12 111 10
74 167 234
23 117 246
84 124 68
7 146 212
4 102 104
70 198 29
56 181 254
13 6 186
22 6 90
64 211 76
55 60 79
68 90 123
97 135 251
45 114 249
72 67 193
29 143 46
73 202 42
79 232 72
85 56 151
91 29 163
42 41 96
22 105 12
73 184 142
95 158 106
40 81 23
54 177 9
22 200 58
95 132 66
43 115 145
57 71 140
93 166 27
25 162 28
57 1 172
17 96 88
48 195 129
59 184 8
43 174 247
1 63 167
55 74 239
74 84 245
74 170 29
79 94 165
96 201 114
84 173 48
41 63 99
68 42 164
43 37 92
4 210 37
28 204 187
38 168 63
23 171 113
80 46 24
19 203 136
65 105 202
23 226 31
100 192 74
89 12 21
81 172 187
31 23 206
86 132 33
32 226 218
22 48 117
100 50 243
80 102 155
100 112 55
71 142 4
87 226 28
6 58 194
24 179 102
16 197 108
52 34 99
64 158 151
89 96 102
92 171 170
85 146 102
56 47 208
2 239 96
87 6 238
20 121 125
84 89 257
3 67 64
3 158 34
62 105 78
27 96 69
13 179 207
10 35 242
100 135 129
23 100 79
36 207 137
64 139 83
27 200 18
36 129 76
96 120 98
54 128 104
41 36 263
60 113 104
22 21 251
33 143 74
84 85 89
68 28 77
98 218 137
83 240 196
92 220 1
14 235 182
79 120 92
60 12 174
25 164 74
98 61 39
23 5 75
1 25 82
62 206 97
90 187 55
46 154 40
1 105 23
27 55 176
91 22 27
78 241 124
39 118 17
48 126 15
17 126 67
12 5 141
30 31 33
64 145 175
42 11 30
45 104 46
24 95 141
65 201 15
84 201 71
77 154 200
8 181 48
12 184 108
56 234 139
66 151 98
70 28 246
61 105 158
53 152 122
94 23 139
75 23 94
48 229 108
76 57 213
30 18 71
94 61 241
8 220 126
5 113 156
35 226 123
44 56 119
68 104 230
50 97 254
84 81 111
43 25 223
24 207 70
62 34 170
86 151 22
60 174 236
30 126 110
61 83 180
98 174 25
98 217 65
84 56 231
29 35 24
59 79 184
31 134 121
35 105 223
73 172 202
16 203 40
87 144 32
14 123 168
82 116 189
2 67 172
20 50 126
69 156 12
0 95 249
96 192 108
37 198 53
73 189 244
71 7 75
25 56 16
96 173 95
70 173 134
88 53 20
1 95 169
10 215 133
38 157 121
80 72 34
46 239 239
24 164 128
34 222 250
67 237 203
21 46 245
0 172 93
60 87 209
40 173 251
6 77 22
32 130 127
6 234 7
55 115 4
82 59 43
47 235 54
90 183 166
11 46 112
41 209 38
26 203 122
43 187 214
62 56 223
39 190 89
19 0 194
7 89 162
42 193 5
39 232 123
67 67 79
74 126 248
38 27 240
37 235 137
3 84 77
42 214 100
89 194 10
69 6 161
24 175 32
12 74 212
82 49 113
57 207 138
50 114 262
77 64 236
82 112 166
41 237 59
97 116 164
78 174 16
64 100 173
3 89 241
11 143 161
47 162 165
6 220 82
5 152 109
99 182 22
31 197 141
31 71 215
71 226 262
70 22 154
41 57 143
97 111 23
49 205 59
32 164 30
81 176 204
3 216 246
45 45 147
33 115 15
54 60 117
26 49 144
85 22 198
46 174 105
9 76 40
92 172 141
54 149 192
44 175 144
66 195 259
8 172 13
85 179 126
70 237 158
84 176 137
64 132 8
83 111 151
80 231 69
18 132 12
30 223 134
40 100 216
19 229 231
34 162 48
86 108 225
40 180 262
26 69 209
51 20 84
91 182 94
12 230 260
59 177 91
28 92 64
76 34 189
69 127 247
1 116 127
2 87 110
12 174 75
0 192 117
32 97 55
14 53 227
86 59 201
30 120 180
90 187 130
98 175 204
83 76 150
24 60 230
88 101 202
10 185 192
50 147 40
68 184 251
36 18 243
37 174 222
5 112 156
56 205 148
12 211 36
77 62 234
75 209 96
82 35 133
69 6 10
56 147 213
94 123 248
33 56 75
100 43 134
50 108 72
46 61 88
57 167 22
21 171 34
17 47 262
47 215 191
7 211 243
44 28 99
49 23 220
7 124 215
56 134 81
82 22 56
17 210 157
42 136 125
11 3 5
41 48 34
79 97 70
96 87 253
43 40 163
51 78 230
57 49 56
90 187 67
52 97 31
97 20 29
59 215 101
2 169 38
4 186 107
55 37 101
62 84 74
55 228 210
31 172 248
37 109 107
19 37 2
100 230 190
91 169 204
60 74 114
22 103 259
60 190 207
0 4 216
33 126 161
83 48 262
47 226 38
10 225 106
99 52 51
8 160 137
81 201 83
16 9 184
93 75 123
34 37 59
45 216 94
4 183 222
0 192 178
64 145 250
94 162 99
57 190 19
21 12 13
81 45 116
75 13 200
96 151 159
39 11 208
96 139 246
39 186 188
82 81 60
34 78 201
95 96 212
80 94 261
8 215 222
62 86 234
61 201 176
34 198 240
28 54 110
92 13 12
15 59 192
81 85 101
43 2 21
14 237 188
32 18 156
82 202 246
18 85 222
28 191 147
12 134 105
96 184 15
4 30 44
28 3 162
73 43 196
36 185 166
64 56 59
90 76 200
7 192 93
89 106 20
70 210 150
55 37 123
24 39 185
41 38 264
90 35 256
61 20 172
13 198 55
84 77 237
26 231 149
21 2 83
18 137 11
32 106 28
17 235 157
92 105 122
73 159 24
36 106 9
67 23 155
53 55 6
54 120 121
76 94 164
21 46 84
11 109 56
74 26 252
33 113 202
67 56 209
38 87 51
61 169 0
82 137 117
84 104 3
7 101 263
75 4 0
12 53 233
26 163 244
78 212 256
39 137 209
72 226 113
20 12 262
89 121 235
87 186 205
71 12 82
43 78 69
85 191 144
83 133 228
12 8 225
81 223 61
19 14 30
16 19 42
66 15 57
24 110 80
95 98 93
14 104 260
36 21 24
15 125 201
36 33 172
1 168 119
90 156 141
15 27 211
62 19 154
56 164 161
54 57 41
89 199 48
51 116 10
57 37 43
66 150 137
72 167 253
35 94 170
67 136 188
45 26 16
17 118 188
17 14 41
63 167 44
80 230 246
30 25 225
82 179 179
23 44 78
55 144 197
16 169 50
81 67 137
47 184 189
6 163 210
25 130 217
81 27 226
35 163 143
68 36 258
1 202 144
85 126 64
4 167 109
80 136 88
32 123 261
21 137 63
10 102 39
99 128 191
31 136 197
78 86 246
92 125 18
4 26 102
50 100 166
28 70 94
95 85 37
25 233 24
98 190 193
65 7 34
71 148 84
28 67 125
46 84 26
8 119 141
17 117 231
99 148 92
63 183 180
81 145 50
9 33 53
83 86 262
52 21 76
23 93 44
25 64 249
67 219 175
21 45 231
39 199 95
19 191 185
62 57 169
76 37 245
86 217 72
17 125 200
69 180 135
40 6 66
46 40 62
74 156 183
67 12 169
35 46 265
83 73 86
45 0 249
25 157 210
55 113 163
28 16 67
56 45 210
5 207 256
97 104 148
30 43 131
65 14 116
86 53 237
60 214 222
82 211 216
38 208 0
63 76 49
13 134 70
24 119 196
96 11 265
65 138 35
50 77 59
40 59 165
73 99 116
59 182 195
13 20 120
31 225 145
67 95 205
38 86 170
77 28 18
73 46 0
76 222 33
77 132 11
96 44 242
85 180 261
80 119 89
90 204 105
25 20 254
70 28 135
62 35 78
5 125 116
86 113 249
88 213 118
90 229 49
99 109 145
41 111 225
68 110 121
69 172 114
81 99 114
83 118 46
44 22 253
89 120 9
6 122 139
97 219 80
81 190 38
11 55 117
42 227 257
81 1 71
95 95 151
37 145 189
81 50 130
13 174 32
38 60 254
45 156 250
72 156 152
28 195 60
3 4 86
31 130 27
70 185 163
98 200 164
89 153 171
26 72 105
79 183 174
28 144 114
78 172 89
100 68 84
34 176 264
31 122 70
24 141 37
39 2 205
55 117 208
73 124 43
56 32 107
29 55 219
70 201 224
100 130 239
64 10 97
53 207 142
97 232 16
59 23 12
19 41 259
42 216 181
52 141 185
93 69 72
56 104 33
87 7 37
31 194 200
66 6 142
30 193 233
73 238 165
98 109 74
11 8 79
66 129 235
32 6 151
75 216 49
10 92 110
64 23 4
42 169 52
13 234 185
100 139 262
22 193 92
18 109 33
75 84 111
77 231 141
44 115 219
59 227 60
95 220 245
21 96 159
98 70 42
57 100 146
34 215 126
79 209 258
69 158 43
99 138 25
17 18 10
94 75 119
9 202 17
97 120 139
84 111 214
95 126 154
76 167 149
90 40 221
19 101 199
88 129 213
93 14 192
26 64 174
5 241 80
4 34 9
39 104 49
35 6 137
76 51 76
99 207 6
65 115 183
96 33 185
29 95 91
18 136 119
80 195 88
84 212 56
57 79 206
97 171 8
27 57 154
54 34 237
5 150 179
16 118 53
13 19 98
93 142 146
18 201 261
0 220 264
47 208 187
41 7 117
49 115 213
2 100 142
39 154 201
64 63 78
86 169 184
65 114 251
8 120 201
76 77 69
48 169 151
40 93 213
26 233 104
95 104 70
47 30 24
63 215 96
62 1 174
100 187 4
30 23 108
37 34 138
57 241 12
8 88 28
72 197 206
82 115 243
8 164 188
33 27 51
54 224 43
42 222 198
19 51 232
90 193 114
63 226 227
29 119 262
21 233 52
97 123 115
85 3 158
82 150 238
79 186 61
37 15 110
22 159 134
1 54 58
90 194 73
52 115 216
46 51 106
96 73 25
56 177 201
31 223 219
36 228 237
36 187 174
70 28 107
21 35 49
73 31 124
79 115 51
61 54 92
11 238 227
63 192 113
71 34 151
56 184 79
90 93 125
85 229 114
33 214 251
65 200 86
57 48 201
53 167 83
5 212 121
60 218 9
1 77 55
81 229 183
52 181 86
9 128 63
8 157 122
12 201 128
24 62 40
2 43 108
22 171 202
10 112 78
76 208 6
33 40 176
79 82 5
11 108 94
3 241 232
43 148 206
82 157 211
46 53 82
23 154 143
98 99 66
59 72 52
70 89 226
75 163 142
13 131 144
99 19 66
12 49 40
55 60 247
94 220 251
18 22 176
24 235 99
69 184 245
1 53 60
97 137 217
79 4 9
14 199 156
1 208 58
21 56 155
32 235 164
63 52 35
16 121 34
0 233 8
79 61 129
40 156 127
57 7 54
50 158 172
37 104 243
41 12 259
24 204 138
29 67 98
1 29 14
93 101 170
40 178 90
96 214 216
52 131 235
1 120 251
46 162 27
65 146 150
78 142 87
25 236 70
79 162 44
50 53 144
89 187 77
42 90 191
76 18 133
77 1 256
83 168 255
13 21 197
14 141 128
79 160 187
0 186 29
16 132 124
89 8 143
51 44 186
9 29 53
74 15 109
6 41 165
37 9 239
92 162 49
87 26 260
83 31 145
84 186 28
67 112 100
38 178 69
22 163 265
89 82 169
80 112 264
93 223 0
59 206 81
12 135 236
21 2 203
19 98 238
29 176 119
27 98 58
16 97 44
100 68 210
15 12 71
24 12 241
38 152 44
45 150 106
35 181 107
91 5 25
47 50 161
2 92 30
12 228 242
19 94 249
83 10 117
54 24 15
67 126 140
12 201 226
5 179 225
24 53 43
90 176 28
7 15 232
91 231 47
84 6 265
64 52 99
63 164 101
19 186 228
99 82 214
2 59 75
66 40 136
6 24 27
86 224 212
59 44 84
85 225 61
17 36 31
44 173 113
70 144 90
24 3 177
11 21 180
86 104 168
20 17 230
89 163 114
47 214 227
48 127 167
1 64 212
40 14 100
13 137 124
16 10 225
81 155 188
22 90 100
4 91 57
61 119 33
42 90 109
35 241 249
89 129 147
97 212 125
42 159 76
51 67 95
95 91 139
31 38 57
100 61 94
96 92 81
39 137 83
52 203 247
6 183 77
90 100 67
8 73 11
21 198 175
58 235 212
74 68 249
51 60 199
90 65 155
78 36 9
22 0 77
20 181 118
15 186 157
94 63 66
15 13 206
82 181 216
32 91 197
89 106 160
12 241 170
54 151 263
6 203 30
25 161 36
69 55 165
91 39 158
99 107 260
55 152 83
1 8 193
72 152 190
7 49 194
90 190 65
4 60 137
28 131 182
57 54 103
64 26 192
92 212 20
39 231 110
22 31 265
4 103 111
64 41 117
73 13 5
51 96 214
40 227 177
25 33 159
48 10 237
19 160 0
9 102 8
60 219 247
21 24 7
48 233 175
25 98 75
39 195 169
48 160 256
83 22 241
54 45 219
75 183 245
79 105 204
74 31 217
93 129 39
63 104 62
55 114 225
14 128 175
12 61 25
23 69 112
51 173 199
71 57 238
1 231 73
38 143 169
57 87 57
10 74 109
22 107 62
74 38 76
52 202 101
73 118 27
47 145 11
71 177 213
11 122 175
34 89 259
79 166 209
73 92 176
5 3 213
32 200 203
65 13 115
20 178 89
85 80 180
7 142 100
8 239 252
90 229 39
89 14 196
93 114 161
17 38 265
97 200 126
62 187 30
72 7 187
14 9 105
82 83 42
8 174 210
63 32 27
55 129 163
95 136 86
71 200 6
23 104 145
84 208 254
11 216 66
60 11 197
76 206 45
38 74 240
75 115 170
1 145 68
41 104 17
71 41 69
44 111 106
98 221 60
49 217 211
94 49 51
7 178 241
63 164 174
68 198 179
66 61 114
19 181 0
86 94 1
54 175 45
99 46 44
84 134 46
10 80 208
79 104 100
64 197 202
49 93 220
53 16 40
36 27 231
11 151 95
99 62 232
56 120 243
53 138 206
85 108 263
77 32 13
1 166 124
87 236 182
29 237 98
99 128 149
58 46 41
5 39 90
46 201 88
59 183 137
77 122 40
58 223 240
49 81 15
30 154 57
93 154 159
38 217 40
72 120 131
58 232 112
98 209 120
3 164 79
65 163 83
19 110 245
29 23 258
52 208 84
14 12 205
54 68 14
26 40 129
40 191 3
6 186 160
76 140 99
81 196 180
28 140 173
4 229 159
69 231 203
38 183 233
23 44 166
38 185 240
12 224 248
45 172 42
8 27 162
58 202 127
80 159 226
57 222 148
80 202 217
74 158 247
28 229 220
78 36 62
64 51 22
96 174 228
51 53 148
88 194 96
77 173 114
81 206 225
77 16 170
75 44 195
62 101 15
40 33 132
66 125 226
18 134 180
8 230 0
48 72 121
91 193 35
94 20 5
67 1 48
60 79 108
8 138 238
20 10 236
76 93 36
73 98 41
76 122 59
56 35 183
9 232 135
22 183 143
21 137 244
25 205 211
68 217 20
61 65 253
73 214 12
23 136 251
29 231 92
6 163 117
55 192 193
43 101 76
63 0 117
52 95 94
66 219 146
72 2 232
97 159 152
99 156 108
63 236 113
93 150 224
73 132 95
72 84 87
44 236 80
50 72 56
49 141 152
69 173 64
59 163 166
21 214 14
29 162 80
86 150 206
13 3 19
74 47 67
44 231 175
19 76 53
38 31 71
77 50 218
67 56 51
15 159 243
98 48 129
0 168 99
35 107 262
16 231 86
83 64 51
38 82 195
54 70 200
52 240 61
61 233 212
54 19 130
98 5 126
23 173 39
95 159 98
12 108 190
79 98 50
25 217 248
19 219 10
72 105 11
73 132 235
54 58 242
93 212 258
91 133 141
48 133 215
58 235 156
52 140 259
93 174 158
56 97 112
24 131 38
16 89 195
70 115 66
6 199 42
29 104 206
88 228 169
45 114 27
56 208 229
64 97 18
79 204 140
100 183 3
24 19 11
13 91 181
23 120 142
35 234 123
70 215 9
95 56 251
16 205 24
72 156 193
6 231 133
15 192 112
82 225 97
90 146 32
42 235 4
63 64 106
99 106 25
25 50 180
24 73 214
66 3 183
3 108 44
17 163 29
93 129 78
41 229 107
2 99 8
38 13 144
80 237 27
20 39 203
19 227 12
45 17 219
59 186 187
53 25 244
61 95 239
9 93 62
46 201 58
9 70 46
43 22 47
63 133 108
17 240 194
47 120 199
27 24 128
92 189 153
11 16 53
88 210 107
62 116 133
57 95 107
96 201 264
98 9 5
87 114 157
13 180 147
88 102 79
3 43 247
3 142 152
20 115 83
57 39 236
96 4 122
48 185 20
11 187 0
76 116 202
50 65 203
9 140 242
61 57 170
69 82 246
99 37 214
13 146 58
73 69 151
28 105 182
9 189 57
89 58 160
32 118 122
69 24 102
52 37 138
100 145 77
39 62 222
43 85 77
84 189 118
19 152 95
73 155 258
96 182 87
5 148 59
4 16 6
49 200 55
38 235 187
27 213 144
53 216 170
50 209 11
79 111 49
10 192 175
89 236 159
75 224 169
39 81 3
94 0 45
62 214 27
25 182 68
76 220 263
22 77 183
56 111 234
23 66 83
79 177 113
67 8 139
55 136 141
41 83 38
76 52 159
21 149 175
84 153 256
57 7 237
73 5 207
40 31 242
59 133 26
54 213 58
52 169 22
67 195 207
91 40 235
39 108 13
68 29 241
61 152 90
69 241 265
0 36 114
19 88 46
31 51 85
47 154 202
56 152 91
73 227 44
87 108 227
76 3 210
65 182 135
3 53 105
1 98 236
89 16 1
40 67 101
91 220 203
61 158 62
10 12 148
52 130 129
78 145 228
88 19 216
23 23 114
99 39 179
28 108 138
97 57 16
2 51 6
19 145 96
37 206 261
76 141 73
18 99 168
53 189 224
46 89 92
8 92 166
51 44 117
76 178 82
89 158 84
56 99 5
84 61 198
16 89 223
32 78 242
16 50 150
16 160 44
72 97 115
56 208 92
23 86 68
81 195 198
38 115 165
25 4 202
40 20 116
96 154 239
87 151 122
57 37 240
73 166 211
44 46 255
16 116 217
68 153 94
87 190 190
48 203 86
51 175 201
85 70 111
54 9 9
19 61 130
94 11 168
35 225 17
93 192 181
41 12 4
67 38 59
25 168 221
14 140 28
54 91 250
91 21 107
44 65 26
90 48 14
20 123 129
71 97 5
49 107 253
49 137 115
0 120 146
99 221 210
96 132 144
89 82 239
19 233 51
56 42 122
68 214 62
13 60 0
93 92 99
93 55 191
98 121 74
17 77 215
7 67 22
18 121 90
62 0 31
23 156 228
7 131 118
82 135 106
100 118 260
71 99 59
72 99 196
57 163 195
94 136 35
30 95 10
81 226 27
76 24 231
86 123 110
49 147 140
47 0 94
38 118 89
10 115 12
42 155 60
96 161 211
51 227 59
23 232 119
90 139 217
64 145 53
77 198 147
55 139 125
75 15 46
71 60 89
4 232 70
21 194 172
17 223 247
91 91 202
18 158 199
87 204 8
50 69 187
95 104 228
76 25 146
71 221 127
32 162 52
61 12 110
23 2 77
74 15 132
32 234 103
39 218 33
43 44 96
57 226 6
9 84 2
18 88 163
32 202 16
15 1 76
36 164 57
47 123 52
9 216 134
35 173 23
24 28 206
12 28 156
46 206 5
95 209 103
70 213 187
11 60 19
52 164 106
91 183 231
53 121 96
92 85 204
10 211 163
44 75 207
52 98 223
65 147 146
93 139 79
70 230 127
91 168 232
18 134 193
84 170 54
6 196 62
60 174 14
68 168 118
74 235 37
30 124 71
20 20 114
9 186 192
45 167 34
75 24 8
66 235 61
27 70 177
50 126 145
90 177 182
90 85 228
93 144 166
61 171 105
85 60 158
16 68 22
100 47 84
37 105 214
87 182 203
37 108 85
92 145 28
74 21 100
71 50 256
84 83 214
66 9 76
90 16 102
24 228 257
20 111 21
61 234 30
56 164 107
71 206 146
72 65 95
10 66 191
31 163 77
94 86 217
81 209 27
15 119 191
16 71 40
10 143 185
49 16 65
91 1 223
53 117 19
16 210 125
34 208 116
71 85 218
54 199 118
62 38 235
84 168 148
30 147 113
65 219 11
13 216 11
74 23 23
48 6 122
27 72 43
15 8 32
57 23 248
3 134 188
96 8 118
3 146 205
54 196 103
72 214 178
21 185 220
72 233 255
51 40 181
61 166 221
52 2 236
64 212 140
3 158 76
31 239 185
92 15 61
65 45 127
37 114 200
22 15 101
30 128 265
47 126 215
42 133 68
63 24 217
60 79 127
32 4 214
67 158 160
61 202 132
83 75 217
63 116 78
88 187 52
85 148 211
12 104 138
20 41 105
9 160 36
85 117 91
42 1 52
81 113 67
93 55 8
97 174 200
95 95 255
55 217 148
32 10 22
85 116 214
77 15 78
47 132 55
96 84 56
91 33 2
33 45 154
74 89 0
22 157 253
19 96 178
47 29 123
28 233 55
62 120 210
39 75 115
88 148 152
68 96 260
46 11 65
48 100 90
83 208 193
22 40 30
25 177 239
44 123 142
91 10 166
26 156 121
53 116 251
54 12 51
19 172 225
4 150 126
91 90 227
24 189 212
55 171 165
73 32 163
18 86 31
23 184 62
12 144 97
79 123 160
67 104 196
17 173 28
34 206 129
4 236 177
8 47 189
41 88 143
94 135 172
75 137 40
23 70 56
15 163 107
38 98 79
16 222 120
37 121 166
2 18 15
40 35 156
22 190 102
53 216 103
73 222 69
32 23 61
69 128 242
36 99 74
39 111 67
55 75 92
53 57 77
43 12 65
24 108 205
38 135 159
7 115 2
94 5 97
67 155 228
83 140 200
60 126 181
87 9 179
95 41 215
41 199 193
21 168 82
31 122 206
13 59 250
48 61 264
46 84 109
2 214 55
48 219 34
70 127 112
54 16 137
42 195 232
50 78 56
73 215 199
91 77 172
11 217 223
99 51 125
76 41 32
58 11 138
87 167 89
87 3 229
66 209 252
71 78 65
18 52 141
47 174 9
91 51 72
20 216 130
24 36 10
74 128 245
26 44 66
66 156 74
65 96 158
81 210 206
56 78 247
68 155 50
5 198 168
62 43 165
48 91 180
36 199 128
46 179 149
90 226 234
75 3 77
36 75 140
98 132 164
75 190 71
63 19 74
71 195 89
97 196 46
43 164 99
93 110 262
25 151 256
47 98 191
0 224 73
14 46 233
59 77 177
60 51 208
52 233 156
78 43 47
48 65 45
11 140 180
38 51 49
52 12 250
48 61 108
89 51 253
80 55 113
53 241 194
97 28 59
6 229 153
18 14 98
69 103 56
22 107 17
39 66 109
88 86 197
69 144 28
13 161 190
17 167 174
23 175 28
34 198 245
93 134 82
72 138 49
28 59 141
25 156 95
88 19 7
25 219 9
14 92 5
37 195 132
84 221 111
58 25 177
7 36 63
50 96 164
88 211 115
14 164 29
19 17 79
98 160 184
30 109 228
21 149 8
90 128 123
0 217 225
42 79 105
56 58 146
72 216 210
32 172 101
40 99 80
23 102 70
95 59 231
78 100 42
78 67 208
28 0 156
50 198 247
86 10 81
94 116 25
51 40 152
27 190 95
83 45 81
62 62 239
18 237 73
55 132 184
64 228 177
45 143 125
80 226 140
48 66 62
84 84 3
62 94 196
15 100 83
90 177 75
55 70 135
83 185 169
2 228 190
5 94 124
63 144 37
28 100 7
58 151 71
82 183 86
31 95 160
75 122 189
23 186 158
76 216 240
14 199 203
37 224 6
75 101 91
27 34 236
94 178 138
5 88 207
79 220 192
15 74 46
73 148 102
61 160 74
47 16 36
37 224 171
100 137 190
38 161 144
94 117 46
72 44 91
48 228 12
9 222 19
87 205 243
43 132 263
17 36 176
49 11 240
32 222 111
0 55 5
25 189 211
7 216 254
37 234 130
40 151 220
62 39 59
19 52 175
36 215 116
33 214 156
51 171 45
86 19 212
84 26 168
19 231 227
81 166 63
62 193 6
77 63 236
95 173 172
19 163 86
49 17 122
38 205 150
82 100 235
7 26 97
8 223 152
95 235 104
45 202 31
28 117 206
77 175 11
4 127 263
40 128 106
15 35 51
78 108 132
58 59 9
46 129 4
59 224 77
51 165 151
30 15 6
60 27 64
60 169 250
61 64 32
64 101 189
63 97 103
62 207 220
6 118 36
0 93 25
32 54 66
98 114 134
96 157 31
10 146 204
40 152 85
16 129 77
9 185 89
10 26 138
25 111 97
89 146 146
52 131 63
14 76 13
78 48 9
52 155 107
4 68 162
20 199 228
58 178 129
57 229 119
32 176 123
31 99 177
32 51 184
13 233 101
77 13 226
19 160 13
62 204 17
35 44 43
1 31 186
13 187 88
81 70 251
39 185 149
35 31 189
68 110 242
38 207 9
2 129 207
44 61 166
93 171 46
56 180 50
6 221 232
98 135 66
52 207 161
76 62 112
63 124 207
59 110 10
30 241 136
36 221 194
37 195 100
31 113 19
91 127 253
26 11 264
73 168 249
83 224 24
22 231 99
39 90 13
30 192 49
73 48 19
30 26 38
22 43 153
98 79 14
5 38 106
58 25 167
85 3 194
16 43 211
18 222 128
11 212 190
14 133 0
98 145 226
23 214 107
100 97 54
88 201 40
18 62 2
79 227 146
79 36 146
59 19 220
59 28 141
22 216 155
67 117 204
54 168 83
4 135 187
84 67 214
30 31 19
13 46 136
79 224 13
23 99 128
27 184 12
23 23 106
24 42 165
25 158 44
65 85 138
33 207 244
14 192 207
49 228 135
81 87 28
10 69 47
43 68 2
80 92 237
61 26 208
2 51 33
71 43 94
4 98 224
53 11 82
26 220 236
89 218 222
72 171 204
73 94 192
6 163 113
100 63 101
78 206 239
86 3 239
78 3 86
87 28 128
6 7 174
38 62 139
96 167 193
78 77 45
10 131 205
91 238 222
30 11 195
84 82 133
36 146 207
21 188 205
65 133 93
97 132 211
13 38 156
75 135 137
97 165 188
95 153 124
81 115 122
43 157 59
31 214 74
17 177 253
29 53 155
12 13 193
66 210 161
59 173 200
68 148 75
44 53 224
39 127 118
32 96 77
0 27 59
81 223 129
14 75 88
49 35 214
46 90 257
34 161 136
32 233 79
71 47 241
36 106 249
79 18 62
76 225 218
38 209 254
97 35 16
25 21 49
74 137 12
29 162 57
98 216 107
52 165 236
20 34 242
20 11 86
26 93 136
87 172 253
58 98 55
88 75 25
33 5 67
13 224 174
69 106 143
5 118 143
27 102 167
82 187 151
98 76 152
37 101 11
62 49 97
10 1 128
19 64 30
2 9 237
42 231 17
78 168 147
67 63 251
3 183 90
64 19 176
4 96 230
21 191 8
91 189 109
28 47 40
53 136 11
0 228 15
43 106 212
56 26 10
49 229 152
34 188 56
84 9 50
77 185 227
8 73 128
51 47 22
1 163 196
98 220 32
51 84 185
94 169 162
80 161 233
30 215 181
11 67 36
81 190 214
41 27 68
76 212 170
16 45 14
14 69 153
10 127 195
50 70 88
46 123 132
80 193 204
64 77 26
32 43 30
78 118 169
19 224 224
100 78 59
37 162 132
74 149 119
50 227 54
40 140 49
78 234 65
40 155 135
61 175 162
97 95 85
4 199 177
80 73 146
19 139 29
59 35 134
13 212 42
12 88 172
73 132 162
16 50 15
50 172 152
65 228 107
78 71 93
27 202 89
33 234 78
42 10 187
39 199 20
93 225 101
19 208 161
46 93 55
38 203 197
59 49 165
70 231 214
5 54 173
55 209 108
2 138 43
22 232 120
58 112 44
76 30 30
11 88 12
56 194 63
65 196 263
11 228 251
19 13 105
55 159 208
34 129 188
55 224 200
13 30 87
27 96 54
33 117 150
69 194 249
74 76 21
29 122 93
5 226 0
54 47 181
47 27 143
51 185 222
66 191 96
17 223 211
62 213 117
6 85 177
20 207 163
66 85 55
43 8 151
47 106 221
7 128 222
96 11 211
1 30 173
14 57 4
43 7 232
13 56 44
9 225 62
50 156 148
69 70 122
58 240 31
48 174 179
55 147 178
89 32 252
56 41 225
81 6 8
82 34 1
80 25 40
11 182 185
100 213 167
61 0 99
17 29 177
74 174 238
83 215 21
56 30 124
79 158 225
83 176 40
32 225 132
38 182 226
19 122 243
32 235 231
70 227 128
26 174 110
40 127 230
94 43 113
74 9 165
81 42 210
84 108 185
70 1 191
76 140 203
13 5 205
59 123 227
68 188 223
84 207 136
71 140 97
82 60 40
62 180 143
89 204 81
98 166 179
41 12 142
41 127 26
4 150 69
63 175 147
70 66 19
43 43 24
82 169 180
40 112 232
25 19 85
41 97 192
49 85 106
59 111 8
83 104 247
89 16 118
85 50 158
78 161 154
59 18 113
1 98 211
90 64 34
66 28 89
32 165 189
71 80 227
27 89 72
20 142 139
54 113 35
32 187 158
25 240 261
65 26 73
51 1 92
15 192 223
6 62 228
62 40 196
23 16 41
82 181 104
23 43 116
29 125 111
2 17 249
35 97 57
86 7 168
89 40 36
89 28 193
83 96 92
38 72 55
57 61 258
16 9 203
10 83 168
27 19 251
34 41 200
42 197 235
95 90 63
43 54 195
10 46 32
49 103 11
23 117 51
53 110 74
88 69 137
8 190 254
71 31 143
86 8 163
90 145 91
16 88 211
11 96 185
83 144 200
94 155 99
22 116 22
30 202 64
10 122 138
15 239 147
100 214 195
98 46 264
93 113 20
71 21 63
0 44 17
34 126 96
100 233 122
62 159 27
62 238 148
39 117 22
56 195 87
93 183 111
16 141 21
80 182 176
11 163 109
53 120 158
79 235 124
31 227 243
56 215 141
100 78 173
16 127 38
66 82 11
6 43 177
27 146 164
86 15 216
43 156 69
34 199 189
10 97 29
79 222 47
68 54 119
47 8 101
82 66 241
75 128 200
59 9 249
72 174 188
74 198 253
26 201 156
51 176 186
81 160 234
92 16 60
80 100 130
53 80 137
21 159 173
75 165 112
56 36 202
8 117 162
37 88 112
85 120 99
32 0 114
2 57 126
84 16 202
62 229 179
4 192 44
62 31 11
76 194 11
1 92 199
78 49 140
80 94 210
17 121 253
14 127 217
26 181 155
25 215 18
40 39 20
74 62 165
93 26 53
29 162 194
53 189 154
21 63 40
97 231 159
22 76 98
98 80 17
56 211 141
54 233 110
91 3 134
84 114 138
64 107 248
44 94 132
19 7 241
38 130 128
99 111 213
88 31 237
97 169 246
20 153 107
67 81 200
26 228 167
31 112 238
6 5 6
21 111 218
67 207 1
39 3 216
37 172 22
45 229 151
88 55 146
51 169 16
12 191 12
42 45 243
66 25 97
11 42 82
69 152 70
2 16 196
23 84 118
82 184 159
39 78 203
0 19 252
25 35 98
1 3 9
50 76 91
47 191 74
54 44 19
1 152 146
15 153 159
94 8 241
88 137 256
58 178 65
97 143 192
22 166 114
16 31 219
99 180 73
72 25 180
70 44 62
14 14 199
46 53 32
30 188 89
53 216 218
60 8 141
74 103 129
17 146 37
56 232 251
81 118 118
68 36 102
92 57 128
3 173 60
19 24 85
35 240 183
77 103 100
48 36 51
69 10 214
68 129 22
20 238 94
80 184 264
78 46 105
42 69 14
36 228 93
70 187 34
21 15 141
39 229 209
56 153 6
47 78 47
42 179 19
17 175 246
70 131 128
55 164 47
47 164 253
6 123 66
78 167 236
93 66 196
81 208 220
29 209 133
21 94 45
69 212 118
86 65 14
43 54 118
80 98 196
44 132 112
4 9 245
71 67 203
42 39 163
42 155 239
76 72 80
43 94 160
49 170 152
59 107 46
24 25 212
21 230 143
76 134 32
34 123 24
32 205 126
41 73 232
71 174 155
78 193 124
75 207 12
76 196 112
30 234 93
8 69 197
58 23 93
53 25 204
0 177 120
71 130 22
63 109 224
34 43 147
78 112 63
6 236 110
41 223 235
13 101 101
92 25 60
91 133 188
84 210 6
55 184 72
89 17 148
41 147 187
39 132 37
93 240 177
58 164 39
23 170 103
72 221 153
57 198 219
24 6 208
18 93 239
74 6 89
22 62 168
84 134 22
70 239 93
86 15 99
1 7 25
55 60 210
28 58 161
51 176 243
73 2 231
88 130 49
71 11 183
79 222 83
83 146 69
82 200 101
100 136 228
81 168 141
64 207 140
99 215 166
56 180 52
68 114 23
61 165 264
75 61 199
47 53 27
75 182 140
66 153 201
77 84 59
95 222 41
37 240 199
30 86 15
37 14 112
93 197 190
4 77 108
51 212 171
24 80 19
74 38 219
49 170 111
27 15 91
33 14 255
76 114 119
64 156 189
72 203 119
46 65 109
22 219 98
7 17 73
74 197 171
51 212 227
40 52 5
66 18 236
25 120 49
79 193 183
55 7 204
48 88 117
79 142 128
55 48 166
70 50 18
24 115 153
81 105 237
70 4 73
14 154 257
13 163 49
48 0 159
59 119 48
27 1 173
8 64 259
62 37 51
22 134 125
19 129 19
96 100 153
100 28 248
93 91 44
70 165 27
90 143 184
33 0 74
98 43 22
95 30 231
78 66 231
33 61 205
1 50 252
6 215 153
50 166 255
42 214 181
93 164 238
43 132 42
98 135 116
40 71 174
86 223 108
71 204 24
43 233 12
76 22 191
87 201 18
19 47 216
36 115 86
77 209 257
5 77 99
36 48 182
75 9 27
65 53 177
87 14 93
0 238 64
83 114 184
72 117 200
63 149 14
67 17 3
99 210 186
99 128 137
32 241 70
96 182 145
77 6 264
46 213 96
66 221 204
7 179 125
47 18 83
28 103 52
98 143 153
32 155 61
34 34 132
10 35 83
74 153 216
37 158 163
28 102 50
69 100 248
33 66 123
72 45 110
57 150 153
41 161 6
82 20 226
80 123 213
69 48 52
28 76 9
12 150 75
77 187 226
12 1 51
81 121 203
0 216 193
64 37 16
43 105 36
74 65 265
65 117 207
30 223 132
31 166 91
3 188 174
15 221 22
33 186 58
13 122 154
42 190 196
16 122 265
46 90 16
16 207 187
65 47 138
49 176 98
29 127 208
38 174 176
66 238 89
85 117 88
31 219 144
78 47 88
22 219 101
38 72 70
70 5 230
87 102 51
45 171 4
87 174 219
37 230 188
67 171 130
67 162 177
57 202 207
59 81 242
84 67 225
47 71 35
20 228 259
94 236 81
73 95 81
8 117 38
88 11 115
88 213 206
52 121 109
53 207 158
100 178 161
21 177 17
5 148 202
5 98 220
4 106 84
83 65 163
66 36 257
17 174 193
53 89 121
70 202 48
92 35 58
55 91 73
4 78 54
63 1 24
64 178 117
69 121 194
43 68 123
15 27 215
79 72 39
15 148 168
89 194 182
45 203 51
86 116 234
47 192 236
88 42 31
67 42 43
15 80 258
10 198 74
93 225 3
27 213 240
1 33 203
15 4 100
42 146 71
38 49 130
100 55 96
59 99 229
9 26 244
21 11 29
45 158 196
78 130 153
79 210 3
86 12 147
86 9 246
44 155 66
92 195 162
0 135 87
74 173 209
9 178 86
21 214 41
91 133 102
58 32 171
30 14 110
73 160 168
36 18 182
44 104 154
92 92 114
35 107 18
75 234 206
7 73 6
91 164 171
40 173 75
66 16 237
69 7 136
25 238 152
86 78 70
2 34 265
56 6 139
64 110 99
72 77 7
84 146 98
92 119 257
41 175 142
79 234 216
7 117 172
31 12 64
7 146 31
84 118 80
44 44 12
31 119 159
78 241 109
12 92 150
62 148 74
9 223 225
4 66 14
43 160 37
44 99 260
81 192 262
4 135 74
80 90 121
55 27 33
10 32 37
77 199 63
72 54 197
0 13 225
52 18 52
95 207 250
83 5 108
74 237 237
99 216 190
21 73 29
51 131 217
94 210 124
51 72 233
53 204 169
82 58 199
39 31 85
100 161 111
96 185 2
75 55 174
38 172 143
56 194 127
56 203 75
69 96 18
81 8 115
40 15 192
42 28 71
33 160 9
58 79 178
55 62 236
3 127 57
5 86 62
64 138 53
96 58 182
54 227 135
68 92 78
43 158 176
44 185 19
20 2 66
15 25 243
22 51 123
3 46 128
100 111 120
72 176 164
97 53 131
0 67 226
62 184 143
56 52 122
58 121 165
57 106 244
65 58 64
69 54 201
31 221 157
58 228 102
28 123 84
69 99 174
36 75 145
61 230 253
51 92 133
53 128 64
67 124 239
82 201 206
24 199 38
72 131 192
91 124 27
33 123 99
78 142 145
75 152 241
22 36 212
79 67 9
44 59 226
61 116 69
27 68 258
5 238 23
84 109 254
8 156 86
24 163 33
42 190 68
56 0 256
96 145 5
83 150 143
52 215 259
21 136 166
96 121 114
6 110 125
41 184 133
26 115 147
26 181 29
35 113 151
16 177 51
90 34 44
51 112 206
27 162 33
15 168 116
52 11 141
17 142 195
56 154 231
5 30 11
90 88 13
60 74 158
76 159 83
63 236 130
18 152 251
72 3 10
61 202 153
80 71 239
4 69 127
79 115 33
71 232 255
58 88 52
28 232 43
78 66 13
55 104 161
87 11 113
14 161 82
92 232 161
16 53 179
62 197 138
76 31 13
63 210 78
89 230 134
43 23 16
43 53 235
96 47 228
30 206 110
9 135 243
41 111 60
49 112 214
96 161 135
43 23 243
14 241 162
43 236 253
1 91 100
50 100 66
53 223 176
20 1 180
36 221 165
51 63 6
54 7 142
11 111 249
21 101 213
33 193 162
18 196 97
45 54 148
79 224 193
40 228 137
22 216 135
5 59 149
100 8 72
67 177 116
39 159 194
7 63 144
28 216 120
85 198 52
19 231 140
46 30 94
7 83 97
6 173 260
10 35 136
20 207 24
84 150 131
38 85 64
65 112 43
27 129 233
35 240 56
9 229 230
54 62 106
75 119 5
54 199 249
30 128 189
84 153 104
74 47 128
68 213 131
99 107 192
29 151 245
72 236 128
66 123 201
8 21 173
20 180 251
11 135 83
20 104 132
18 187 99
16 164 22
43 111 107
5 231 156
76 64 111
3 86 108
41 6 4
99 202 2
4 115 42
15 40 107
56 159 5
66 73 245
34 110 203
81 108 60
74 214 176
6 121 29
91 115 40
41 232 115
49 89 228
90 168 86
11 133 255
80 223 216
24 28 186
90 63 7
39 5 243
80 41 176
19 160 210
47 41 134
8 141 54
32 78 243
5 39 149
51 15 176
54 17 121
36 229 68
57 118 105
65 52 183
14 209 117
80 16 211
84 218 19
83 38 216
15 78 85
51 125 235
93 53 200
98 213 202
58 190 141
57 182 119
3 225 263
18 86 47
47 170 174
39 220 221
94 173 130
36 66 146
18 176 93
56 45 145
66 77 110
14 116 249
3 214 172
51 160 262
78 121 104
52 219 46
49 40 245
91 145 3
4 29 44
75 102 220
93 111 230
38 160 242
65 161 127
42 108 166
68 93 157
9 212 10
69 204 238
53 50 181
39 223 237
29 172 96
90 181 126
89 69 214
80 141 226
77 239 197
19 13 53
71 218 27
32 225 52
60 155 238
24 59 214
55 185 179
6 109 185
10 208 51
71 195 102
66 200 1
5 65 262
92 32 164
68 93 112
19 128 127
49 73 176
95 97 171
50 200 81
72 63 240
78 110 195
78 81 258
53 73 152
80 77 149
73 62 197
44 184 220
27 228 217
79 228 197
39 182 149
68 234 4
36 117 39
56 197 211
5 44 261
39 105 84
0 13 125
77 7 73
37 148 195
40 83 73
89 99 72
9 50 101
72 162 45
74 72 261
22 43 182
37 153 258
45 1 205
30 163 3
54 83 27
60 7 72
0 46 134
42 185 136
80 142 191
6 164 162
63 217 220
38 103 122
82 70 260
67 124 168
52 103 96
97 61 62
77 121 97
13 208 256
67 52 137
5 232 230
37 233 137
3 212 200
95 65 161
65 37 249
30 57 17
58 63 113
12 44 52
42 211 222
33 200 21
91 222 201
18 80 87
33 80 4
64 15 129
88 107 145
85 122 67
7 21 244
76 37 132
14 32 172
15 188 61
88 119 185
30 147 12
100 156 159
22 204 189
4 135 203
9 4 259
87 219 155
47 197 241
31 238 105
55 212 128
92 240 204
98 218 49
42 131 176
65 204 186
28 98 147
96 238 162
89 236 164
4 87 77
11 193 112
91 59 102
31 44 194
97 83 249
0 127 83
10 86 124
17 226 83
64 47 60
41 206 141
93 104 233
44 67 24
31 95 234
86 148 234
59 60 204
12 101 92
70 105 145
48 186 67
18 88 197
67 54 233
7 3 82
83 125 16
18 64 221
35 28 126
33 174 126
3 40 49
72 60 168
87 39 241
51 59 104
37 12 128
16 39 29
62 66 252
76 107 47
22 200 59
83 236 120
67 210 74
30 152 203
78 215 211
28 59 120
37 176 10
41 55 115
15 1 63
31 89 70
33 218 57
13 137 71
94 17 260
89 211 25
7 136 183
19 62 82
50 115 69
1 105 233
27 202 51
44 144 157
6 172 149
77 72 226
54 156 252
51 68 70
24 123 35
73 205 112
59 160 108
37 99 261
50 136 169
45 73 261
81 137 223
41 203 203
87 80 62
64 184 196
5 83 21
4 162 35
12 20 0
81 80 160
0 5 178
24 115 6
79 101 59
90 149 156
51 202 259
71 206 90
100 9 102
84 190 55
37 103 32
43 152 185
29 75 84
54 7 1
49 96 162
33 93 264
78 218 114
90 204 125
36 240 163
54 121 208
25 223 175
52 62 174
49 23 210
68 47 140
90 148 201
96 185 209
97 7 246
72 168 12
0 199 110
35 99 109
93 85 233
14 190 81
19 63 61
58 72 96
85 145 81
64 234 107
98 179 178
73 73 110
40 29 140
38 229 28
11 199 72
25 155 29
89 218 143
76 111 158
80 232 66
86 182 77
93 147 232
29 146 1
98 8 105
26 168 228
57 191 207
47 177 42
100 59 40
45 140 229
81 189 193
9 60 63
1 210 123
38 82 87
95 164 157
62 5 117
12 213 204
19 37 265
50 229 70
46 139 23
30 95 24
70 180 208
71 173 50
33 57 8
29 191 262
68 5 114
80 16 234
70 219 236
51 154 99
91 24 213
33 118 145
77 38 96
97 30 212
85 193 208
42 148 10
26 91 242
4 98 115
7 126 183
77 61 243
35 179 224
21 59 183
83 53 8
3 5 8
45 119 209
87 164 88
95 52 97
85 189 58
10 215 19
78 65 4
2 177 80
20 72 78
5 4 208
82 77 167
38 50 34
19 138 82
53 58 228
38 130 229
51 11 216
5 78 68
69 71 43
64 52 201
15 161 131
95 197 53
1 172 28
97 34 229
35 199 113
93 179 129
54 132 209
19 157 130
81 90 184
11 85 29
93 80 129
84 121 112
63 176 47
97 64 38
92 14 180
23 163 179
15 148 94
89 80 153
96 181 181
87 87 93
63 27 24
94 18 93
89 96 224
28 215 128
45 179 156
15 181 192
53 97 80
53 26 242
63 55 233
11 7 55
9 39 195
71 156 261
70 44 126
48 140 82
83 159 251
67 128 35
31 15 111
84 205 167
90 165 129
78 147 78
55 129 236
99 102 191
97 63 28
25 62 217
49 63 181
86 194 180
58 0 163
0 28 176
1 13 195
83 153 151
84 83 0
99 76 227
88 150 223
43 183 243
60 74 50
99 96 83
49 42 54
78 25 253
33 211 101
24 236 90
83 152 242
12 25 115
50 122 208
14 103 138
66 218 218
20 226 174
27 73 115
51 162 103
13 224 163
46 94 259
59 95 198
33 166 141
35 187 262
29 104 197
92 143 251
87 210 113
23 81 74
39 163 136
76 113 135
86 159 110
2 189 71
40 148 69
32 32 2
39 214 261
63 125 134
94 154 4
59 116 55
67 122 172
7 24 28
94 190 212
99 58 260
64 13 106
91 149 46
18 7 46
85 34 53
84 90 153
0 187 111
54 79 180
26 50 229
34 51 234
22 19 76
25 219 133
83 220 6
77 72 169
31 64 7
57 212 148
84 115 150
69 154 174
92 235 240
10 93 98
52 114 26
71 7 51
19 144 195
0 127 264
22 189 54
63 58 212
25 48 61
95 47 18
35 227 255
63 208 175
42 14 1
54 15 59
47 95 165
41 204 194
58 46 20
90 55 208
58 224 129
71 102 182
86 138 208
79 126 102
12 72 18
88 68 90
68 26 122
47 103 54
50 53 69
95 201 81
88 183 229
61 48 224
92 140 195
95 101 114
23 132 52
51 224 80
40 210 190
99 33 198
89 235 166
44 8 186
14 237 128
19 6 95
9 13 140
67 146 110
26 39 176
84 22 84
7 1 34
28 116 34
26 98 180
95 166 87
60 71 225
74 209 239
83 220 25
60 177 35
69 197 117
6 20 160
14 131 169
7 88 134
51 164 198
23 60 144
42 216 43
62 139 108
99 76 261
20 124 82
90 171 141
69 22 64
82 58 16
85 4 118
82 227 20
34 66 10
93 10 223
90 187 146
93 125 180
82 117 81
35 177 21
62 241 179
10 115 169
35 215 216
93 207 36
98 182 205
88 213 211
90 159 63
100 142 243
43 207 175
77 17 245
72 28 253
98 16 175
19 93 221
2 142 28
33 82 223
55 171 25
99 148 22
69 71 112
92 24 118
57 30 112
20 116 208
54 165 77
56 186 41
38 20 127
75 109 23
46 182 54
18 3 119
12 216 95
3 217 26
74 234 133
77 120 162
23 91 192
43 197 182
52 71 46
79 93 45
52 208 224
83 4 107
17 231 130
17 194 248
63 124 97
1 70 253
32 157 52
58 96 240
93 162 16
81 3 3
47 46 124
43 137 230
64 187 47
66 33 230
57 203 202
98 197 66
38 142 17
35 93 234
76 114 91
43 203 56
99 238 70
2 114 32
84 172 64
41 208 180
98 176 256
75 140 116
44 19 254
9 199 103
29 217 235
13 150 8
82 133 67
85 138 220
54 223 204
27 170 214
80 50 63
68 160 196
84 99 30
36 52 181
13 47 134
95 187 188
8 215 103
10 164 141
49 141 167
26 176 259
90 123 41
44 57 10
55 14 109
75 213 16
77 171 116
40 160 84
73 58 198
98 111 170
55 30 252
84 140 175
68 200 119
38 55 143
73 185 42
39 48 114
50 81 75
98 241 111
48 4 148
63 66 254
74 166 168
93 208 23
78 161 118
12 162 100
46 121 230
43 203 112
1 38 110
17 156 245
38 23 38
46 18 216
58 146 196
96 223 183
74 5 92
76 102 62
72 107 255
98 209 145
69 207 0
34 70 68
48 217 87
14 117 26
32 24 73
37 5 199
0 91 234
60 187 10
59 85 209
47 131 226
98 149 85
76 91 28
46 101 216
79 226 51
95 137 235
73 145 153
39 50 194
0 124 42
71 153 110
32 225 219
1 8 222
96 160 213
58 131 74
17 77 209
12 199 235
61 42 151
77 234 106
12 176 59
68 128 142
54 132 220
20 236 238
50 201 142
36 2 165
36 86 187
47 45 211
41 172 237
13 35 178
72 88 89
28 4 31
99 84 220
52 135 22
13 184 5
91 109 6
24 137 64
67 87 150
10 133 160
25 106 256
86 149 163
45 192 261
47 4 226
