950 831 7585
83 474 223
41 508 818
75 648 451
94 148 711
17 635 350
50 398 584
71 908 802
80 131 188
99 339 766
90 132 643
38 72 87
69 567 551
20 698 545
37 274 716
42 696 297
29 559 75
98 381 70
2 305 385
18 774 665
26 329 519
29 184 420
41 287 588
7 377 410
8 541 155
45 39 40
24 370 88
10 251 324
25 117 513
95 197 324
39 511 639
27 456 820
7 280 116
2 742 594
90 426 465
72 161 571
24 549 378
27 72 554
70 753 811
78 570 464
54 552 181
35 525 195
53 357 489
19 31 274
71 213 44
27 152 723
56 512 682
65 863 675
79 724 34
74 829 428
35 88 304
43 309 323
25 816 120
64 369 638
75 744 181
51 98 4
82 805 141
7 688 315
87 104 519
75 18 690
35 704 149
79 222 413
3 751 534
34 833 109
28 835 248
61 233 72
4 845 476
10 910 469
56 849 428
14 449 286
36 657 557
20 102 24
86 155 268
64 34 508
10 781 446
51 385 502
61 779 218
44 44 245
5 442 66
48 613 481
56 61 173
69 890 687
62 831 698
57 236 647
28 583 823
87 241 148
6 563 435
73 323 285
83 421 581
2 259 358
24 500 281
68 868 374
54 266 555
26 3 581
5 529 319
81 62 71
93 432 116
3 489 518
33 403 495
42 149 722
13 607 19
25 829 766
64 652 735
32 508 236
18 206 679
2 842 54
20 167 616
16 522 284
11 888 291
86 719 50
23 903 782
98 78 128
23 82 75
97 490 443
9 98 645
95 531 802
35 333 457
85 307 533
73 903 195
97 884 232
30 103 44
46 865 370
80 25 482
63 904 146
21 897 794
18 390 390
49 404 665
100 780 707
50 368 108
75 217 569
52 882 748
7 404 495
28 178 308
13 227 42
33 39 553
79 890 344
36 156 476
9 276 534
44 162 101
95 405 712
42 163 147
2 148 527
69 685 102
89 703 317
68 237 755
25 726 163
84 881 341
36 768 127
21 55 421
22 103 359
56 66 185
42 78 344
50 720 723
61 13 56
33 104 535
10 46 605
44 135 426
18 405 233
64 889 303
37 190 597
96 562 728
73 399 520
46 620 123
50 534 768
58 449 364
59 861 792
63 225 378
26 915 545
71 847 429
38 804 646
82 108 301
49 786 484
36 288 519
16 836 463
32 359 253
76 399 257
79 922 639
81 6 202
97 443 696
23 905 379
93 479 444
82 476 396
46 304 67
79 706 829
11 558 717
42 806 347
89 34 664
81 733 352
35 699 358
18 745 591
67 236 692
41 301 716
18 276 487
56 194 422
60 595 268
99 639 199
76 252 101
72 700 479
57 525 596
61 723 81
4 648 696
82 209 564
38 850 371
77 868 818
30 897 238
33 588 626
12 526 471
98 890 811
51 204 742
100 583 73
69 794 104
16 535 250
48 261 168
74 821 194
41 269 787
77 277 95
56 182 17
41 410 692
6 928 698
84 619 430
32 672 601
18 411 347
2 926 196
13 832 622
45 691 403
55 647 776
97 666 231
88 90 529
83 199 184
1 918 621
40 775 537
48 59 502
1 342 392
6 403 216
12 700 42
42 369 196
97 436 767
72 535 749
87 92 59
10 585 201
87 777 182
67 623 723
8 459 435
69 324 41
71 477 616
86 839 342
28 496 104
23 867 826
7 365 103
100 81 386
7 43 406
80 577 737
45 31 783
26 642 126
10 609 828
3 146 87
74 46 60
23 318 569
1 632 703
96 42 186
67 838 297
41 302 176
93 911 556
86 784 120
81 462 51
6 613 132
72 52 333
67 47 208
17 753 550
100 1 291
83 329 616
29 931 796
85 426 377
44 666 402
46 674 333
33 565 807
18 290 374
56 287 289
98 299 510
71 591 208
10 215 168
56 805 281
25 321 727
78 119 287
93 817 339
91 652 517
85 405 203
1 299 281
20 173 599
50 597 388
27 919 566
89 386 524
97 485 635
47 301 213
27 318 61
27 606 280
36 627 25
86 31 177
21 429 209
22 899 824
5 399 134
68 506 592
23 510 658
88 204 687
2 670 182
90 898 117
88 521 314
96 743 615
44 263 458
21 312 412
23 14 430
98 829 770
4 95 93
36 707 543
70 527 116
62 254 627
26 600 674
53 872 360
34 151 218
63 169 25
92 691 199
30 864 569
25 632 784
60 274 235
93 347 168
90 164 471
41 418 323
40 191 237
78 835 810
40 211 58
38 665 687
84 475 764
70 618 410
62 519 808
17 32 482
13 931 292
89 629 95
29 216 259
51 455 153
5 18 294
90 860 291
61 654 100
69 168 789
61 252 422
92 34 378
39 588 427
44 843 405
78 388 80
39 446 506
85 38 619
82 420 385
7 206 475
6 400 25
20 334 524
10 12 463
69 708 407
55 264 549
62 905 25
63 497 276
30 546 87
6 423 293
60 877 717
64 665 712
58 210 350
96 105 673
16 145 447
44 545 726
98 77 296
87 186 722
72 255 791
57 66 702
63 447 722
29 46 390
45 807 161
23 46 485
30 220 222
7 138 484
11 806 148
60 135 654
37 627 494
2 204 86
7 82 151
100 605 369
62 531 739
26 406 814
83 259 434
20 103 611
15 363 803
14 226 798
21 565 48
16 150 806
52 870 812
11 241 333
65 571 617
6 744 731
8 378 251
93 79 394
8 926 3
52 864 609
10 68 265
80 584 353
60 427 694
25 598 466
57 847 365
41 892 750
88 277 88
79 67 239
11 214 319
35 872 194
26 931 410
79 897 436
57 213 596
63 119 571
30 55 424
48 737 533
76 540 601
0 204 185
74 402 276
14 790 446
13 557 82
82 761 629
98 924 356
30 33 179
50 28 309
28 385 79
53 872 583
2 779 806
63 300 206
20 179 669
15 870 374
63 342 750
93 559 375
40 902 348
69 336 827
50 321 528
64 844 171
55 865 790
59 733 454
70 686 649
74 898 395
43 90 363
96 379 319
99 892 648
51 590 187
40 639 184
8 2 196
84 821 650
25 305 293
42 222 259
78 235 411
90 591 92
70 772 170
43 627 779
39 867 69
11 561 694
12 175 110
90 463 386
81 300 319
65 471 426
13 544 626
97 794 503
64 904 707
99 546 784
15 766 207
59 173 655
28 924 492
63 393 70
99 363 600
0 477 195
69 447 706
35 29 555
12 893 431
80 425 767
77 772 20
19 772 505
8 417 760
87 38 194
48 922 347
97 401 688
26 276 382
50 436 784
40 912 634
87 396 717
29 947 236
14 726 81
0 831 369
5 913 611
76 246 709
27 157 433
63 388 51
66 598 54
75 570 35
67 674 652
9 813 383
22 918 193
61 212 43
54 645 19
94 715 348
33 841 465
40 533 818
19 349 374
35 112 723
93 610 798
52 762 436
95 630 26
64 878 233
61 758 353
57 855 486
88 745 119
96 719 345
54 174 585
69 292 246
5 114 662
35 458 3
61 314 132
49 353 673
95 6 294
16 193 743
44 836 104
80 715 548
66 923 314
100 730 492
14 285 22
29 632 792
89 896 281
11 379 142
75 627 408
21 472 608
6 84 357
48 478 354
65 578 108
20 724 650
28 619 543
51 396 399
21 162 315
75 615 96
60 568 547
36 681 714
100 193 628
94 25 37
90 637 426
0 439 87
47 13 368
23 356 583
82 235 722
29 698 683
64 357 121
17 530 578
51 232 571
36 762 666
66 713 522
20 918 756
86 474 195
57 92 679
19 878 400
84 508 317
90 861 38
27 756 262
45 360 119
39 574 39
84 311 564
95 928 717
91 314 639
89 833 568
39 748 699
75 892 89
4 392 368
65 438 786
85 928 811
11 708 59
44 139 767
13 165 263
25 476 579
11 328 672
25 307 246
47 205 351
66 679 515
24 137 734
59 900 2
33 120 318
92 906 655
22 850 299
80 848 458
70 146 296
1 600 367
81 200 310
65 822 485
83 483 77
59 779 356
19 781 437
28 692 752
11 70 353
99 921 127
21 776 250
80 568 375
0 856 707
51 285 133
21 396 761
6 521 661
37 139 227
80 116 822
46 45 203
55 162 817
16 148 489
8 658 488
1 226 385
37 383 344
100 918 478
8 150 142
46 334 343
70 22 440
16 282 311
83 785 212
23 132 58
80 102 197
80 622 379
95 878 169
20 301 694
41 553 225
11 590 658
30 11 785
76 355 376
61 763 16
88 815 176
57 474 553
42 790 778
58 586 229
59 870 24
1 516 347
93 57 670
83 777 776
41 223 543
57 705 735
41 273 280
65 111 776
1 945 292
26 792 101
80 590 638
40 917 155
86 845 804
51 133 550
25 563 74
43 562 397
70 12 681
54 271 625
14 216 260
37 223 556
84 690 359
22 717 321
75 697 73
52 35 9
76 63 18
30 870 391
93 711 792
100 234 55
69 437 352
6 565 562
82 835 326
24 629 163
62 666 130
85 886 535
8 698 489
88 510 284
81 124 659
69 725 399
25 499 104
68 366 465
52 282 615
14 234 56
91 710 747
51 751 219
56 504 306
35 235 213
73 500 779
63 193 706
47 918 106
34 398 449
37 310 287
74 501 645
26 258 598
17 534 687
99 363 741
33 108 602
23 841 772
95 760 139
4 182 729
72 474 814
65 736 162
65 804 391
8 579 658
95 809 76
4 807 239
45 629 308
25 677 785
27 483 750
12 667 575
11 907 750
67 451 295
41 126 96
28 123 3
22 940 305
51 683 62
59 135 390
27 873 14
86 781 750
25 356 452
12 781 644
37 16 161
7 631 753
49 691 565
5 80 627
5 157 753
38 776 568
88 916 250
67 547 206
85 328 677
30 158 538
78 64 667
74 498 467
0 134 212
67 611 764
62 13 773
86 494 663
21 166 534
50 507 149
59 464 358
69 726 522
42 517 30
65 875 281
59 232 322
48 461 477
7 163 146
85 823 711
86 671 678
47 41 430
91 845 330
87 680 496
43 859 438
9 341 248
10 787 526
62 544 368
25 674 797
70 322 330
7 139 49
98 799 91
14 830 346
20 117 203
68 684 406
29 938 626
92 242 34
86 548 643
48 925 739
100 307 634
35 503 631
9 602 24
89 531 383
70 642 37
69 800 181
78 810 22
11 872 41
24 300 211
34 313 349
53 26 411
65 205 614
63 276 776
90 901 144
92 130 362
84 734 513
82 427 329
58 358 517
83 757 373
85 202 494
74 394 55
14 878 411
22 243 703
85 112 298
74 165 334
8 737 675
31 299 337
68 853 268
72 821 543
97 141 15
75 706 432
82 345 123
19 513 162
86 595 324
45 109 543
23 599 514
95 419 154
28 701 54
65 723 193
62 324 346
87 241 563
83 928 196
79 502 136
2 398 606
61 514 287
27 154 181
90 775 699
50 337 457
33 119 582
88 94 267
17 199 229
0 597 177
49 133 305
82 85 744
64 439 715
84 801 310
67 752 680
14 78 132
24 434 83
72 363 825
100 728 764
34 649 188
65 297 715
61 538 305
45 332 454
50 194 78
20 191 210
53 911 52
30 491 681
77 38 489
48 884 237
65 546 495
62 90 612
9 799 2
85 694 122
35 416 143
32 519 235
75 142 485
25 129 663
88 831 307
64 253 120
23 114 678
84 376 402
64 804 736
20 650 669
100 880 205
27 727 700
88 724 187
43 698 768
8 491 132
71 50 538
61 152 216
11 796 236
55 87 727
51 910 787
82 866 177
74 822 646
29 631 18
63 280 326
91 3 544
83 768 670
23 765 728
4 474 565
0 563 714
53 442 793
87 580 702
72 479 399
21 25 407
27 110 590
6 356 103
6 378 110
44 537 37
77 618 191
35 771 356
96 156 141
97 94 183
27 776 50
48 701 732
85 374 532
75 342 349
5 406 538
98 129 397
82 264 507
22 787 314
24 100 424
57 915 730
89 480 752
28 20 235
76 721 110
0 469 456
26 227 199
8 852 812
5 34 85
65 202 548
84 285 504
41 470 785
77 591 608
65 493 654
0 11 696
6 22 253
67 483 430
77 397 422
36 361 418
97 683 93
69 398 50
52 697 820
16 742 366
37 4 657
56 747 573
2 784 193
70 223 135
59 765 34
42 95 297
7 417 781
56 88 188
84 82 828
27 676 389
81 307 155
77 354 788
8 205 742
51 871 689
98 241 210
72 41 37
85 639 589
8 598 13
9 99 719
26 48 3
50 778 299
28 228 629
37 734 654
0 145 760
9 602 813
78 150 725
80 642 505
86 283 301
92 100 687
76 371 755
73 941 736
87 144 668
24 657 10
47 47 339
62 303 158
48 828 10
24 663 241
73 655 376
8 266 194
5 39 568
40 86 31
37 80 693
84 267 603
12 474 397
21 896 68
9 198 278
79 853 106
12 741 642
10 353 545
25 441 153
100 823 814
0 217 11
78 696 472
60 636 201
19 460 168
37 229 151
12 678 276
42 421 200
100 473 75
34 43 595
76 167 147
29 493 789
58 93 348
57 228 458
59 352 397
43 884 134
58 946 725
92 698 791
79 847 534
1 216 477
62 581 131
46 364 525
70 727 705
46 284 728
70 713 128
91 179 264
36 780 1
58 592 596
64 681 492
47 413 137
11 850 225
96 660 98
36 250 705
79 142 723
78 856 82
77 490 198
0 513 564
28 158 96
11 138 632
79 265 101
54 726 605
63 798 198
28 280 357
49 566 25
66 67 571
100 154 279
97 883 21
16 315 765
8 590 300
47 706 88
13 348 480
35 481 797
15 138 177
50 193 328
8 278 826
39 613 156
86 235 25
69 114 42
99 838 278
0 873 192
88 459 170
92 498 577
49 316 746
77 508 553
22 671 578
48 442 477
39 374 621
29 207 101
60 868 622
38 827 140
71 636 418
95 368 786
60 735 792
87 39 679
91 387 425
87 587 735
76 100 559
43 421 799
4 106 460
4 626 24
81 617 689
64 529 435
20 920 416
0 582 196
37 56 191
25 3 682
94 805 185
39 863 99
51 149 788
88 328 606
38 110 800
51 78 65
72 375 592
60 790 617
63 276 440
59 79 141
53 856 744
80 861 177
81 158 664
57 437 317
29 640 280
62 502 43
48 908 790
7 650 97
60 450 464
83 694 6
86 730 548
82 455 300
47 915 288
83 702 527
93 290 88
66 335 270
85 743 193
54 554 168
84 268 55
58 706 249
77 734 165
61 635 324
3 168 383
1 712 680
30 168 306
54 33 657
93 944 598
19 334 269
92 44 493
91 170 221
95 26 741
72 70 495
6 159 303
26 842 315
40 97 728
76 342 265
32 17 758
18 524 66
87 333 370
80 42 619
78 325 585
29 85 545
12 801 101
75 602 805
33 472 186
76 314 713
9 104 539
54 768 633
15 59 241
3 401 423
46 680 258
21 384 6
36 39 67
13 821 537
43 775 606
17 491 820
8 531 125
85 578 657
44 116 664
6 411 147
66 448 334
17 678 696
74 12 426
74 567 316
74 545 212
59 176 186
32 311 682
68 539 400
98 559 322
61 764 127
2 720 152
29 148 68
44 330 781
26 490 418
85 260 789
1 779 252
0 136 501
47 902 246
55 526 742
98 68 160
62 615 297
71 410 774
87 283 486
27 258 163
60 896 456
44 485 544
78 844 235
92 7 697
38 290 561
18 764 85
86 782 121
3 440 163
6 377 668
17 578 352
5 177 549
6 586 280
27 331 327
55 874 269
47 204 777
51 108 348
47 504 156
13 465 593
40 369 801
36 290 355
100 137 675
91 94 460
61 358 702
81 503 596
92 945 449
11 60 305
7 735 731
64 845 104
3 887 83
59 443 732
60 273 403
91 204 672
3 494 16
38 200 172
77 937 81
35 822 4
35 188 165
90 338 404
42 891 144
49 663 137
35 913 129
21 374 724
55 144 196
43 260 453
18 870 686
67 452 69
22 56 420
76 803 497
13 209 307
62 434 557
27 463 314
92 492 137
68 747 812
56 87 220
77 270 174
29 604 612
59 204 4
22 848 733
54 168 91
2 814 693
75 349 560
62 632 645
28 776 531
3 232 149
41 608 613
30 599 483
18 316 224
18 893 794
66 329 473
49 495 407
56 591 206
20 336 244
78 388 671
43 626 430
3 132 144
53 81 227
62 416 602
33 454 342
22 479 754
42 575 565
40 635 116
24 205 90
8 237 723
52 749 777
97 680 83
46 567 501
28 322 67
82 121 229
7 479 423
76 783 818
58 405 495
66 348 392
88 352 137
90 477 31
62 672 272
50 347 700
71 761 434
80 423 121
95 75 528
72 561 317
50 3 511
98 393 370
3 521 647
9 931 787
89 716 605
2 565 276
68 229 70
80 932 743
3 86 352
35 307 515
24 197 156
32 717 433
46 887 542
92 248 691
90 567 98
73 461 811
74 423 633
71 760 819
15 65 417
69 506 573
92 492 470
84 672 694
36 589 117
82 800 693
22 676 302
29 378 374
25 547 710
94 753 386
37 216 569
36 437 802
2 307 774
37 222 165
54 797 344
19 253 495
88 633 253
99 874 129
87 379 713
28 538 392
33 506 378
79 821 631
35 880 524
94 434 255
19 762 673
2 186 820
10 291 638
99 218 170
16 520 566
43 153 9
1 75 201
60 908 347
28 730 254
46 147 247
31 678 133
42 521 828
53 175 131
29 84 282
99 894 177
68 158 211
83 935 437
13 399 410
56 918 210
50 514 760
60 69 482
100 659 59
67 298 2
69 47 331
64 59 792
35 32 113
18 358 412
15 923 729
78 467 306
69 398 91
91 22 630
91 535 679
20 95 402
50 78 156
44 493 219
78 366 373
20 905 511
98 690 94
14 478 476
52 41 656
20 827 301
43 51 701
82 751 281
15 544 805
8 877 690
60 479 453
31 712 514
84 889 421
53 824 701
97 215 463
21 258 776
83 774 528
75 217 60
66 311 80
100 939 339
31 191 12
24 404 75
12 401 33
4 807 55
33 651 636
38 439 313
76 84 350
63 728 763
17 719 531
65 497 34
29 121 392
100 537 717
17 922 57
94 118 314
24 829 479
21 267 741
61 129 481
34 387 173
76 534 177
22 474 732
58 701 803
51 767 467
67 441 269
53 946 186
65 74 295
10 897 286
27 627 692
68 864 538
55 932 524
30 789 723
30 591 382
67 220 343
13 847 124
47 533 709
3 69 253
19 450 812
68 396 166
75 370 206
28 36 480
17 866 562
32 113 161
16 703 501
49 417 400
59 452 171
37 621 700
31 777 591
96 932 545
43 440 644
87 559 765
54 607 765
81 326 701
45 388 276
16 23 84
81 49 367
79 908 176
66 6 830
71 559 415
55 712 249
28 289 698
85 855 697
88 683 582
84 404 269
4 561 648
59 849 780
77 208 551
29 419 419
52 401 37
26 548 207
58 809 95
1 796 765
93 416 230
98 937 90
45 876 62
56 688 71
92 325 412
23 264 604
40 167 386
36 438 802
29 124 434
3 895 340
90 358 510
7 313 662
85 567 808
0 195 585
7 466 265
52 547 311
95 888 365
87 895 87
90 278 607
58 165 539
98 368 822
70 668 653
59 209 81
96 740 720
7 852 640
8 594 514
52 729 34
13 818 160
90 322 349
82 929 12
73 435 456
33 105 775
64 274 600
40 378 106
11 679 128
83 865 435
3 654 477
33 728 755
98 675 133
45 812 140
28 141 527
36 608 192
97 372 318
49 72 722
28 645 651
34 874 448
97 212 162
24 105 687
80 532 171
59 905 794
34 102 445
75 490 182
54 538 270
21 333 447
47 673 29
50 222 60
82 71 717
76 286 700
36 289 435
58 934 720
91 195 530
32 89 365
25 754 780
15 437 529
66 308 600
97 459 326
67 103 628
3 595 264
51 164 304
97 754 336
16 410 767
13 811 9
11 86 784
98 416 710
24 575 73
93 363 550
15 107 282
3 721 647
87 762 452
47 114 356
95 745 484
71 900 602
73 675 522
63 509 42
18 75 468
82 459 543
45 703 46
62 98 536
41 394 104
27 433 217
22 504 792
15 58 626
44 577 626
19 380 556
50 257 486
8 497 236
46 227 700
61 5 718
62 44 518
17 715 703
97 267 254
12 348 555
36 523 272
72 391 443
97 218 432
42 588 347
6 407 326
31 315 15
83 428 694
17 659 778
44 531 455
99 216 263
42 934 249
77 562 6
19 731 87
54 898 594
35 112 294
15 299 378
4 778 604
63 142 767
86 158 576
27 112 716
39 113 67
24 634 208
15 573 45
51 245 389
11 542 486
71 940 607
12 787 744
89 36 629
18 262 685
86 904 636
80 787 258
89 48 304
86 578 762
36 333 254
5 236 467
12 341 605
69 186 211
3 708 475
95 412 498
51 779 23
67 557 196
76 698 9
81 822 241
99 554 81
88 363 173
13 667 146
41 313 544
0 500 409
46 384 504
31 320 333
63 464 762
3 72 183
46 56 369
55 71 279
86 695 588
72 139 507
48 830 740
23 377 268
2 527 718
62 517 282
39 874 436
33 917 690
67 721 688
66 799 286
66 478 464
19 512 482
73 668 51
3 522 650
20 242 235
29 787 635
97 321 133
81 456 539
87 533 430
51 20 2
13 134 339
48 803 722
29 195 444
86 647 83
59 933 513
67 159 225
14 927 101
17 24 62
70 447 545
47 691 355
79 230 307
95 889 729
74 320 742
8 564 766
95 647 373
83 807 199
87 602 736
94 581 744
33 661 782
46 775 638
86 662 749
18 168 335
24 534 334
30 442 792
100 414 250
34 714 589
19 616 412
47 39 397
37 921 617
22 869 248
98 312 449
82 835 180
79 912 490
21 801 288
6 832 557
67 150 797
85 890 349
91 443 354
93 696 605
61 690 348
50 82 599
82 648 567
26 249 711
83 482 176
30 474 560
40 864 332
82 664 224
13 453 160
53 295 693
99 423 58
56 377 538
86 25 635
44 886 541
73 911 722
85 696 271
79 205 54
48 317 716
90 524 789
30 312 446
10 538 320
22 288 813
41 657 618
52 309 723
33 410 149
55 912 462
64 948 576
52 239 32
76 201 460
57 907 331
27 157 238
87 409 224
64 863 3
86 379 93
91 174 658
40 211 427
59 334 109
23 919 663
66 320 786
99 545 351
64 155 716
42 214 199
5 496 538
28 892 773
59 502 510
19 523 648
73 778 760
18 284 540
23 40 336
0 564 393
72 320 471
21 831 734
3 704 328
32 884 625
83 148 720
25 695 250
27 116 275
82 770 99
81 919 760
16 929 13
66 783 730
92 920 588
75 266 247
55 949 331
5 570 811
59 263 819
68 889 478
97 823 724
9 217 667
94 506 141
43 754 692
26 584 799
41 106 657
84 666 372
42 185 56
4 575 103
62 346 512
76 607 88
39 160 444
40 768 610
93 231 227
74 676 511
45 176 403
69 355 765
56 73 745
54 932 755
59 910 475
99 8 380
12 651 366
74 119 263
44 898 693
63 118 732
46 881 375
23 531 353
38 667 15
98 594 560
68 636 103
66 518 450
35 770 10
46 433 182
61 359 827
37 679 37
15 217 739
74 329 108
21 207 185
14 328 568
49 911 317
100 572 286
11 794 252
79 171 651
100 12 808
9 580 118
50 82 184
89 617 111
44 416 371
67 443 12
41 2 643
99 932 183
47 643 476
64 793 30
80 121 626
31 190 14
28 498 445
72 189 666
51 713 313
99 487 486
67 44 306
58 678 405
44 688 666
36 168 22
10 338 475
91 469 806
38 324 108
14 817 671
7 527 71
62 314 756
67 372 306
92 61 769
21 399 329
60 265 314
35 674 535
92 278 623
92 443 364
71 449 120
72 433 775
16 908 281
39 367 493
60 571 621
51 348 361
33 735 717
100 202 240
98 908 251
47 258 226
26 680 744
15 507 15
30 484 828
12 500 222
34 460 799
56 652 743
36 411 208
15 917 692
92 211 821
84 596 785
65 645 528
40 211 30
47 271 499
19 46 413
81 495 160
44 552 740
66 309 770
98 546 4
8 832 311
11 454 667
24 644 763
40 890 37
45 932 764
57 709 702
21 926 266
46 424 681
21 565 637
40 550 167
87 230 721
46 742 424
92 578 295
65 227 418
21 473 471
63 904 32
19 395 739
98 475 76
34 626 306
59 104 414
42 48 631
13 813 659
30 264 269
50 924 161
80 740 298
4 117 369
39 104 252
31 395 665
49 809 497
96 902 766
60 699 299
99 827 21
93 712 653
99 157 769
66 870 382
57 933 554
30 265 244
2 97 495
64 486 110
41 83 33
92 854 789
14 60 271
41 706 511
51 868 546
47 420 681
17 336 85
48 902 135
11 933 179
42 724 13
19 241 191
82 579 336
38 752 269
55 404 765
84 346 183
60 825 469
81 500 52
78 518 666
93 40 300
58 636 724
62 559 407
84 861 780
78 567 234
24 33 682
36 771 282
13 707 817
51 391 685
17 242 224
7 663 85
87 877 32
95 801 151
32 234 570
41 563 294
55 439 513
0 800 375
52 238 59
4 110 233
13 212 451
89 885 793
50 512 66
44 527 328
14 796 245
44 117 146
0 945 216
7 221 800
9 200 644
34 4 465
44 646 201
99 269 80
37 406 504
89 284 384
65 384 695
60 738 501
95 912 807
8 691 135
72 852 297
67 325 628
8 196 219
63 355 543
45 610 515
3 602 827
100 911 459
16 24 806
24 817 771
41 526 12
66 650 575
52 209 631
29 861 728
91 497 729
73 40 610
94 817 263
71 643 43
59 603 332
91 495 237
78 199 684
42 392 544
49 341 75
26 352 546
10 83 124
80 727 350
7 773 708
74 104 712
12 350 382
37 889 761
26 427 460
77 139 338
34 460 771
28 583 320
6 802 515
18 93 361
19 476 673
51 57 691
80 729 119
12 898 741
84 385 391
65 149 630
52 615 235
89 38 337
6 288 357
89 80 193
84 721 719
33 310 260
13 889 698
35 6 827
83 369 623
4 418 152
62 538 521
10 869 233
32 684 622
81 367 716
55 411 163
94 578 509
34 855 375
22 31 624
76 559 790
5 921 399
95 443 311
93 506 49
7 776 645
62 782 287
60 816 415
44 612 152
92 814 637
82 914 773
21 306 67
36 365 564
4 486 672
83 218 394
47 265 391
5 509 510
68 805 370
97 877 201
75 338 341
12 71 449
76 353 616
44 294 675
45 388 437
36 155 662
18 134 716
4 721 533
38 442 787
73 467 67
51 287 499
98 438 384
45 862 487
36 616 164
10 573 2
74 680 798
89 930 734
14 291 521
25 292 40
97 725 735
38 110 195
42 789 616
16 938 260
49 524 576
61 118 420
38 224 134
85 584 490
93 548 501
26 849 87
38 383 724
59 215 732
26 252 361
39 389 744
0 452 691
33 308 669
12 128 740
56 117 680
87 742 197
3 719 53
82 606 408
32 645 533
10 524 478
86 627 542
93 171 134
97 732 574
20 257 210
6 67 472
17 41 537
94 595 159
87 344 245
38 732 586
83 852 680
100 267 550
97 701 23
0 594 511
93 669 706
84 268 264
50 289 336
50 436 814
17 460 702
53 700 622
67 124 469
42 802 57
34 88 3
99 17 54
45 751 693
2 885 514
8 387 183
36 571 215
58 351 113
64 641 145
63 467 763
64 843 251
76 728 737
71 757 23
32 356 665
35 446 524
75 727 20
46 509 230
74 365 463
94 406 78
1 803 74
76 945 404
99 742 763
2 932 7
55 471 720
2 172 658
22 99 685
6 459 222
5 624 54
71 553 404
60 580 95
92 15 376
90 778 80
39 421 692
97 853 736
78 372 120
0 838 295
7 722 173
76 411 209
81 289 167
99 653 125
48 795 260
85 269 511
99 353 489
14 667 531
31 896 97
21 313 95
29 832 706
44 349 666
85 249 304
95 744 786
86 824 97
16 790 121
65 10 638
57 173 394
25 255 689
84 363 511
99 504 64
43 360 774
29 715 3
39 260 680
9 826 194
28 874 406
68 51 61
63 111 657
87 362 32
94 750 35
17 238 803
32 456 749
89 90 367
25 373 723
62 660 468
27 30 131
8 731 539
0 686 20
4 605 678
24 215 454
77 482 702
61 37 662
66 804 651
27 18 608
44 434 337
34 55 656
72 90 247
34 349 752
66 638 99
70 105 497
41 786 228
34 409 693
6 212 182
61 638 596
97 514 407
11 34 497
49 911 697
80 841 582
23 430 50
67 440 235
1 909 299
46 579 725
59 942 572
16 805 376
53 515 412
69 775 80
53 456 584
74 577 15
47 337 652
79 751 740
46 713 254
33 63 774
75 574 131
50 494 66
28 420 571
83 525 63
73 385 206
99 419 784
25 45 10
8 431 20
81 738 53
83 298 731
97 37 252
51 112 607
59 482 760
45 436 284
45 826 809
64 645 272
42 192 251
2 165 240
64 795 264
53 945 820
4 655 584
11 710 321
93 303 342
84 373 747
96 13 42
62 65 353
16 311 107
45 614 536
3 756 283
98 30 114
22 831 636
26 913 260
13 101 297
10 674 179
30 373 371
20 880 320
49 459 652
16 357 829
11 320 672
92 239 428
60 166 89
28 44 392
68 134 15
20 944 555
60 834 190
4 374 537
13 588 808
58 889 48
82 66 278
39 434 491
57 354 702
41 479 750
66 906 694
57 465 174
9 634 746
27 337 400
95 75 703
46 830 458
81 450 362
95 43 265
70 773 410
41 448 728
75 307 793
94 166 180
49 563 147
94 891 750
29 766 266
50 217 53
69 182 423
79 119 466
24 403 341
31 813 652
56 943 485
95 875 47
23 579 477
49 149 295
93 660 45
66 843 114
0 679 253
79 123 491
75 295 384
53 78 169
95 803 45
37 949 320
14 517 601
14 2 460
61 854 712
52 248 39
44 789 545
52 536 691
36 289 197
41 9 720
89 674 634
40 143 269
69 380 92
23 658 46
88 96 311
76 898 168
84 215 755
13 806 119
0 610 263
15 105 128
100 901 480
70 839 810
63 529 666
52 614 12
0 726 380
92 300 130
91 880 230
41 12 684
83 869 212
97 320 165
36 10 58
5 57 681
0 763 127
40 570 245
97 430 735
68 545 360
27 406 274
18 867 580
76 772 740
49 495 784
59 20 273
45 756 20
71 46 441
4 455 159
20 565 150
39 563 793
45 155 223
87 355 542
99 363 2
35 491 678
66 386 471
18 866 282
80 266 654
18 166 543
6 247 614
92 708 136
45 652 744
71 191 450
3 232 314
69 939 182
10 941 653
59 840 29
77 563 159
12 509 420
65 161 480
33 155 126
2 709 503
48 723 742
88 870 769
70 447 448
54 546 446
76 768 3
50 512 545
80 854 167
75 459 452
72 850 189
87 906 315
28 602 654
60 588 383
28 756 478
49 134 583
0 550 175
72 52 352
73 150 110
87 804 655
19 370 785
62 165 759
75 231 70
27 814 505
8 803 324
47 155 543
36 177 661
33 343 282
69 587 750
94 529 436
44 690 323
43 450 752
91 734 804
86 490 62
84 557 104
76 658 146
34 927 226
13 673 225
13 442 86
33 558 117
80 339 348
52 247 359
67 72 223
59 158 269
97 757 737
87 623 563
29 748 80
55 184 539
11 646 376
66 804 442
54 67 18
91 624 265
69 324 217
43 293 521
96 250 533
65 535 358
52 589 41
25 689 533
33 364 323
58 444 503
44 203 336
99 190 337
78 189 217
72 799 489
8 744 158
50 120 360
63 496 388
42 694 43
93 812 339
90 947 266
8 943 60
6 313 504
50 332 307
44 670 774
18 790 382
59 752 33
45 716 519
64 931 705
84 85 686
44 625 10
94 161 357
17 398 746
80 591 471
34 688 44
79 336 767
36 544 595
27 709 128
82 175 218
42 284 559
83 943 321
16 600 61
61 624 733
90 654 149
46 407 196
64 328 18
40 205 409
85 590 39
10 112 225
1 397 514
51 137 270
91 293 437
47 197 805
42 371 307
93 817 523
57 419 609
43 670 550
39 17 489
42 101 0
7 920 147
61 133 699
70 696 265
77 602 52
19 365 79
36 107 647
2 116 566
85 47 670
31 836 794
30 942 369
76 779 709
81 206 177
23 248 770
90 268 75
69 98 262
15 200 168
78 176 410
50 746 807
29 128 747
99 260 426
57 168 375
96 527 571
56 625 55
33 421 116
63 618 460
28 809 133
58 439 165
88 325 101
7 171 140
45 245 445
2 164 357
97 498 691
28 763 701
73 447 624
59 652 663
21 514 611
44 173 593
75 141 38
45 160 130
33 579 492
81 863 691
66 717 242
35 947 576
88 678 614
59 742 157
58 99 428
51 361 310
4 412 32
71 558 513
87 95 517
64 479 591
27 189 281
20 343 232
45 572 359
36 122 59
59 377 106
32 596 743
100 13 51
85 147 738
67 339 715
99 521 687
58 915 321
37 674 228
48 33 484
67 656 378
70 211 445
32 900 443
68 821 170
41 569 791
71 338 107
96 231 670
28 755 514
77 920 462
76 448 572
79 509 380
84 337 438
77 366 55
4 256 583
26 285 285
68 527 601
33 399 289
10 28 373
53 685 134
49 560 681
9 558 235
9 763 179
79 629 141
32 125 49
98 216 358
74 657 314
49 387 2
26 658 584
36 633 535
67 502 14
91 52 508
23 888 153
77 792 420
7 547 105
92 169 700
56 187 579
26 442 727
43 499 156
17 717 585
78 461 18
90 413 464
63 345 753
33 401 687
5 450 767
53 671 500
69 649 576
61 832 562
44 693 739
11 672 158
76 120 439
62 239 369
82 392 288
59 461 746
68 271 319
74 177 79
74 398 223
65 389 327
61 882 388
66 505 376
83 212 34
25 945 465
2 442 615
33 782 433
26 644 735
28 382 218
2 182 143
19 280 452
74 450 16
68 630 456
10 662 456
57 21 449
26 113 139
27 243 803
25 105 195
3 392 371
11 853 313
23 772 735
33 430 330
54 216 611
22 84 447
49 634 475
31 535 417
3 181 101
82 148 703
62 407 419
61 547 343
57 946 217
3 312 478
50 332 655
31 58 72
67 879 82
24 347 586
90 169 524
99 359 621
74 541 445
19 890 697
67 711 654
48 723 129
89 253 655
54 458 217
55 681 233
65 310 717
97 713 624
89 67 596
88 368 484
68 382 491
29 141 729
79 77 780
92 937 271
18 488 603
59 339 673
6 880 232
56 130 313
46 628 582
19 34 18
16 269 150
80 709 585
65 881 618
30 922 406
61 755 509
67 535 179
44 526 729
11 947 805
8 16 338
2 269 79
97 807 288
49 682 480
89 835 463
54 728 526
99 391 160
48 918 34
3 140 792
39 614 190
39 584 282
45 267 173
44 771 24
61 629 497
55 498 512
39 112 528
65 337 688
84 500 652
50 617 373
74 133 46
19 310 755
78 323 509
3 173 507
12 97 303
60 353 242
88 810 776
22 682 405
97 412 322
79 865 532
66 643 403
62 832 637
99 835 12
23 150 344
93 510 336
98 396 118
100 24 147
10 399 269
70 779 746
42 678 393
100 221 698
64 823 813
93 884 824
15 99 775
51 946 155
9 126 598
55 351 802
81 144 693
36 426 56
1 84 261
68 527 538
72 629 609
15 607 339
97 513 561
43 444 762
69 895 343
29 68 281
81 202 734
29 399 753
44 128 684
44 460 504
65 365 732
8 411 139
56 613 557
52 829 258
94 909 687
52 307 152
53 353 567
45 941 75
25 386 803
49 636 637
6 618 258
25 874 419
74 115 215
54 4 468
38 601 555
90 103 534
10 869 466
54 151 700
80 657 707
93 46 811
99 596 207
67 643 703
11 684 689
36 388 487
59 700 828
27 337 246
81 413 670
8 338 708
38 191 36
30 143 508
90 342 108
58 830 387
56 664 340
53 159 202
62 564 679
50 194 544
65 654 492
97 334 578
33 17 342
60 867 669
65 185 378
22 211 496
67 10 107
44 211 796
73 88 180
64 74 113
52 430 61
99 19 138
16 11 218
27 421 44
1 451 386
90 247 757
54 836 263
83 364 370
96 635 552
97 350 335
47 729 789
86 311 786
93 558 516
67 180 516
56 313 453
26 883 741
9 388 653
17 246 210
49 679 487
94 2 302
5 526 58
94 157 336
36 588 692
17 451 85
81 339 573
55 938 94
39 442 6
61 615 151
31 17 281
91 215 264
47 217 758
13 92 692
90 507 10
95 668 631
75 370 341
40 221 532
27 450 34
33 228 3
23 894 581
24 845 228
14 545 462
54 803 471
49 824 371
92 289 735
79 652 459
44 92 670
2 417 211
3 42 267
13 97 89
54 779 532
95 452 687
28 482 215
92 911 166
78 909 324
32 652 782
66 750 226
27 939 313
62 261 770
5 814 59
83 170 12
6 168 615
88 270 677
52 58 138
24 747 789
37 121 396
41 600 658
64 661 221
41 461 148
8 677 830
62 132 370
74 532 741
48 233 351
36 144 670
8 94 174
46 217 269
18 747 254
48 371 110
65 886 318
98 905 267
30 521 625
78 341 598
68 675 222
95 465 315
74 20 13
10 520 781
45 818 222
47 480 333
38 16 328
73 449 278
75 669 644
59 631 670
32 440 84
77 294 387
12 338 584
77 376 607
5 154 93
28 41 699
8 535 825
67 481 72
39 111 788
14 472 564
44 116 395
93 832 437
24 32 199
92 12 709
77 448 794
18 807 642
19 338 163
68 363 300
77 909 21
18 263 65
34 193 533
52 466 822
34 793 795
46 485 134
67 841 123
15 343 19
33 635 759
82 395 390
88 239 754
64 873 132
1 869 294
50 280 409
8 783 126
21 352 314
25 88 677
15 426 739
10 880 464
12 482 573
76 143 665
51 874 706
29 812 404
48 359 712
50 610 175
69 187 358
4 315 325
39 568 687
83 182 520
84 300 670
77 408 216
58 737 676
45 404 733
48 158 22
2 221 543
84 160 781
2 475 174
59 631 618
13 943 810
78 184 374
92 302 189
30 923 303
28 520 136
93 328 52
63 813 756
32 666 217
75 218 622
26 447 475
16 144 124
50 364 234
37 391 371
18 82 356
10 588 593
74 188 305
8 337 663
17 836 490
29 149 3
49 146 674
74 393 259
97 182 555
68 196 537
3 373 417
41 264 371
46 746 428
88 894 82
52 938 194
41 279 431
82 354 628
87 261 192
43 163 306
49 640 394
88 385 55
19 173 398
93 928 178
25 66 787
36 421 88
19 582 550
41 775 796
16 516 556
69 876 61
41 128 465
36 520 814
52 295 440
75 352 311
50 62 148
28 334 628
24 530 589
70 505 15
88 849 430
36 286 340
24 936 742
54 760 281
68 834 590
88 330 815
91 373 600
93 819 141
7 419 181
28 264 500
67 879 197
95 668 624
2 81 735
60 505 807
92 30 605
29 92 314
7 193 129
39 437 250
74 476 560
70 597 594
17 384 789
4 947 51
83 125 247
97 408 134
91 721 254
78 523 691
77 182 453
99 251 527
44 159 729
73 214 22
47 742 607
13 209 575
16 330 53
20 227 547
57 215 13
39 753 350
98 777 403
34 705 680
60 520 826
31 427 5
14 939 772
66 261 350
66 924 228
91 303 193
35 290 565
90 328 93
66 724 125
37 784 313
3 207 358
1 830 618
26 800 472
85 315 717
56 900 777
64 708 472
61 687 203
91 891 417
81 887 750
97 324 186
74 871 656
52 858 614
3 520 96
46 409 590
21 392 112
73 874 11
58 505 149
27 32 210
77 411 420
29 692 218
8 868 765
55 930 366
43 868 368
45 903 299
58 240 116
61 67 348
41 828 51
46 749 572
83 214 142
84 504 428
86 833 190
89 476 414
67 9 307
21 247 568
34 701 549
92 865 799
71 899 774
39 399 204
63 159 749
82 117 705
70 258 622
94 890 755
0 520 698
98 31 633
84 682 232
22 798 803
26 255 637
39 682 640
18 443 320
97 827 174
33 107 771
100 16 372
45 249 787
78 648 614
64 555 37
40 251 184
51 483 356
10 137 149
65 814 295
45 3 352
1 258 75
11 270 200
91 294 579
78 666 504
37 121 779
48 849 224
47 376 340
49 759 402
60 315 604
67 614 619
49 63 538
68 850 8
100 166 600
89 509 517
19 380 731
58 673 824
16 663 307
80 889 273
3 364 521
36 778 700
14 285 571
60 747 754
32 249 419
47 211 419
4 193 55
72 591 666
39 535 411
100 91 209
36 912 100
50 478 448
99 301 830
25 348 490
2 921 20
50 90 603
27 574 588
11 881 798
67 140 784
28 863 590
9 949 45
25 838 558
19 14 643
84 800 408
51 482 273
62 772 55
90 84 502
91 461 133
32 136 310
6 926 66
97 589 43
56 455 414
37 81 816
80 413 613
12 636 580
67 687 331
80 47 487
71 796 376
92 945 136
57 317 222
83 737 475
66 382 700
60 336 543
21 753 388
100 3 31
8 912 645
45 358 280
100 169 549
57 248 580
15 897 241
37 429 618
56 746 753
74 2 704
47 402 248
81 366 796
8 268 626
28 15 296
62 887 152
49 773 296
48 564 593
23 609 202
41 491 788
91 452 653
21 857 605
60 439 423
99 895 788
28 768 103
41 929 201
12 760 470
83 582 470
72 548 251
68 714 447
24 516 365
82 463 57
26 441 756
21 241 33
98 133 769
50 450 279
11 429 75
92 552 788
77 242 71
56 166 721
7 96 679
22 262 360
25 202 820
83 531 607
78 249 270
91 896 789
82 237 492
28 433 293
48 495 98
90 678 322
15 766 588
65 174 474
46 476 806
21 730 657
66 724 291
2 402 481
60 604 648
92 127 177
42 376 228
84 809 194
57 550 780
90 424 550
5 773 738
5 527 81
62 397 191
71 647 456
2 584 219
79 99 420
37 558 199
22 455 141
60 311 310
91 128 114
33 377 662
93 875 86
0 230 816
20 917 493
1 595 461
79 481 120
87 735 642
23 370 320
96 627 740
67 593 684
98 147 760
99 780 536
51 734 29
1 136 782
7 63 618
31 606 183
32 426 507
7 342 222
5 898 532
96 713 260
25 680 792
98 769 144
85 477 558
68 493 679
76 108 513
9 753 143
38 457 378
99 831 326
59 31 446
7 149 476
66 275 521
83 534 805
20 374 283
30 797 767
75 663 147
50 258 549
88 99 215
55 767 781
38 583 540
85 749 449
40 446 443
51 11 769
28 200 27
9 732 579
0 229 272
23 793 596
31 620 434
85 810 515
18 759 168
62 488 821
67 428 584
73 903 697
40 149 368
74 276 697
92 889 640
64 176 476
25 441 421
50 362 275
28 245 741
44 493 218
28 298 58
55 512 129
46 482 597
42 676 55
95 383 551
8 511 48
58 634 410
57 0 59
5 455 743
86 123 730
5 294 366
78 653 796
90 948 685
100 499 485
12 464 417
20 496 65
55 808 390
79 853 439
39 434 224
20 152 419
27 142 367
36 812 239
4 590 547
79 894 142
97 751 83
87 908 683
0 693 274
12 918 816
95 736 92
23 112 601
15 165 3
75 471 381
24 40 461
85 107 775
96 15 308
68 620 558
52 147 366
67 299 90
63 797 556
56 180 229
50 509 743
43 885 142
55 43 469
97 726 381
80 524 770
66 131 38
27 338 220
11 576 566
77 503 251
20 899 291
97 631 150
53 154 684
44 324 333
70 243 574
80 634 580
90 497 272
70 484 797
49 360 356
38 333 396
73 233 241
79 14 59
60 687 330
29 846 86
49 23 815
51 484 100
79 98 744
84 927 154
31 658 365
76 310 41
90 394 527
54 380 323
85 704 827
75 245 76
28 144 235
77 284 640
52 417 398
72 135 414
95 180 530
25 249 746
100 111 162
60 818 827
43 18 743
25 883 39
54 595 624
68 133 747
5 543 540
46 342 548
57 206 321
93 762 807
31 662 257
23 638 625
3 643 248
46 438 76
4 36 492
12 183 497
4 615 388
12 312 39
95 484 193
72 528 555
66 141 298
98 149 337
84 409 418
41 277 52
64 538 19
15 289 323
100 359 252
64 632 137
21 409 66
7 149 297
62 637 245
59 898 747
85 172 816
45 514 485
25 77 341
69 245 350
100 314 422
91 943 72
87 535 612
64 408 528
34 712 659
50 319 440
50 810 603
6 774 44
84 333 302
16 382 458
88 512 414
62 905 798
55 806 493
67 138 534
79 896 182
53 764 787
84 242 32
19 355 228
9 160 241
41 810 210
85 497 18
22 100 827
34 548 683
52 214 130
4 862 784
30 16 593
16 129 822
54 727 127
52 395 697
8 333 533
72 111 822
93 55 464
70 67 97
76 715 699
45 139 780
3 486 438
58 617 522
35 89 652
64 469 786
14 342 186
95 784 299
15 90 112
4 902 624
4 388 37
10 478 310
50 206 617
30 815 795
36 766 278
71 639 412
28 320 569
2 893 465
97 842 566
56 562 453
85 710 422
15 470 563
43 551 664
58 663 162
75 404 804
27 690 577
89 11 631
18 348 338
92 935 225
50 86 295
60 156 245
16 526 649
46 415 280
89 164 229
14 216 810
57 178 735
1 188 422
37 829 645
5 317 90
45 389 331
67 248 341
82 390 52
21 126 310
14 623 193
25 839 431
68 745 662
13 35 473
12 84 7
73 690 75
6 748 255
94 822 206
12 653 166
6 176 723
20 721 727
14 451 501
35 10 418
51 932 368
94 64 452
42 195 62
6 33 587
91 693 89
40 64 530
24 117 144
68 600 106
20 623 292
96 260 262
2 858 253
49 741 433
82 183 374
6 612 794
96 66 167
53 135 745
69 350 541
60 882 560
47 124 169
85 673 778
60 91 77
58 77 174
81 805 782
80 151 332
93 924 44
25 279 63
97 876 528
9 721 800
88 69 154
38 52 435
77 199 515
2 308 258
52 757 512
89 108 724
99 94 644
91 710 692
91 698 504
45 52 391
39 715 247
92 289 751
28 738 273
13 865 408
48 496 123
75 243 716
34 356 545
56 570 683
48 27 615
28 178 221
63 667 344
84 559 66
75 788 360
39 77 130
33 306 458
86 642 228
71 114 339
50 829 16
35 658 725
98 202 24
66 876 420
86 928 445
52 599 652
45 132 354
90 123 212
11 806 210
56 891 68
20 881 339
3 755 376
80 597 589
8 936 782
31 304 818
76 31 314
94 465 507
44 709 428
81 326 428
67 521 34
75 343 590
60 170 399
86 369 524
82 927 10
100 263 817
44 616 828
16 235 55
41 853 201
49 590 561
29 895 361
92 141 218
88 945 601
53 944 34
40 296 514
14 237 542
7 701 77
11 267 184
84 863 162
71 623 241
21 117 711
4 342 243
95 855 695
5 744 638
23 72 464
14 596 110
56 832 206
43 187 117
21 344 490
52 225 300
67 336 751
65 488 660
67 198 558
79 315 348
82 711 619
78 86 403
40 870 487
49 313 131
87 561 782
44 289 495
54 395 613
100 706 16
60 861 721
59 756 224
40 615 569
47 179 646
72 871 384
42 818 237
75 765 818
57 841 697
34 523 759
65 683 299
46 199 432
9 283 182
50 800 829
78 50 581
12 59 116
14 415 327
10 509 550
92 207 307
48 472 18
59 447 499
85 376 51
52 334 379
83 143 107
49 212 435
56 735 18
69 263 525
24 377 467
85 897 730
55 37 508
96 73 355
57 587 314
7 153 587
91 432 84
41 852 162
37 80 734
71 851 82
83 806 277
37 529 549
58 759 464
68 795 686
9 48 117
88 383 40
52 565 581
70 306 546
59 67 543
2 410 700
84 169 310
65 712 797
2 573 505
10 727 286
87 699 662
94 842 695
99 392 239
97 504 102
69 899 1
91 656 444
31 140 535
30 718 457
18 705 597
78 885 17
43 540 314
42 494 182
35 590 261
39 585 221
85 527 354
48 751 816
98 601 22
20 440 244
20 905 271
8 563 713
39 930 678
37 886 91
71 77 283
24 0 204
65 833 647
25 9 116
34 826 699
24 75 716
6 474 368
5 340 504
61 464 487
86 661 169
46 826 805
82 397 171
20 15 436
22 939 501
71 765 528
41 776 634
40 791 801
70 583 529
4 257 307
39 700 753
83 193 301
40 779 96
98 778 740
63 709 420
84 774 180
58 279 278
93 806 3
66 846 706
46 390 464
15 401 150
83 878 136
80 539 548
7 940 306
30 68 458
27 117 748
25 421 593
7 509 11
18 329 713
86 877 710
31 842 60
7 536 210
38 333 207
16 667 553
46 316 131
31 846 394
56 698 406
63 850 572
36 161 692
51 261 585
7 212 714
33 755 461
64 736 220
14 125 519
10 702 517
73 944 11
62 867 149
61 33 743
36 135 1
36 776 774
43 525 379
91 285 808
2 567 746
100 504 649
55 423 375
23 298 459
100 219 171
98 643 207
82 164 321
48 496 57
46 823 238
44 79 765
9 41 194
72 821 559
38 838 561
99 895 236
72 379 571
57 768 549
22 7 660
89 154 829
97 256 604
20 5 571
78 861 429
58 67 643
78 214 543
38 627 626
97 115 646
74 943 17
86 551 96
45 337 242
61 617 214
12 212 490
59 661 377
76 480 624
63 329 554
22 122 381
27 929 729
79 605 174
12 229 152
46 856 478
68 709 622
66 172 296
61 949 622
48 285 454
4 128 235
69 283 300
2 911 34
47 418 581
15 938 127
11 179 540
33 398 730
64 681 677
91 396 245
94 118 546
75 442 292
42 587 256
65 343 677
93 232 178
34 637 148
18 110 2
61 895 590
90 582 232
21 670 88
89 860 28
98 803 513
36 823 14
87 281 255
47 440 805
3 619 472
4 540 431
77 144 30
20 902 523
15 283 616
4 612 484
86 868 117
81 863 247
87 650 363
20 780 70
3 512 402
16 139 761
50 446 260
62 264 354
20 475 761
21 575 121
0 391 516
74 621 512
75 584 221
5 824 568
74 447 73
63 304 206
1 419 268
5 360 35
18 465 64
95 583 192
57 720 188
26 789 830
27 213 72
30 611 784
18 75 715
53 32 459
13 541 593
38 408 209
19 887 267
23 516 638
78 907 45
32 671 305
94 162 309
93 440 82
65 601 216
48 731 676
42 578 320
85 768 413
78 435 187
65 225 403
34 285 303
73 123 551
11 384 275
98 58 272
24 734 517
92 379 637
46 907 210
33 502 646
5 127 697
1 186 498
73 491 792
87 460 450
69 944 386
77 432 64
5 870 392
58 934 118
87 3 126
78 506 326
50 683 412
89 663 741
79 924 573
50 782 560
5 8 740
55 96 729
54 304 363
19 13 411
80 656 771
23 500 356
52 424 403
68 793 336
99 458 810
4 214 529
76 939 306
77 66 638
61 238 774
71 189 359
56 293 349
35 198 544
18 157 576
50 655 794
19 763 414
53 823 188
74 592 37
10 222 190
50 940 725
66 372 412
79 901 544
43 569 83
46 844 374
24 215 108
9 144 167
19 902 48
20 736 494
93 864 196
43 47 500
69 857 250
40 62 49
88 701 767
67 649 548
34 813 88
29 32 429
24 97 763
82 279 469
89 665 747
27 351 159
90 761 93
21 140 244
3 741 243
12 286 632
76 698 362
90 472 646
53 532 579
72 447 767
27 755 130
44 352 631
15 285 316
40 879 495
44 728 532
10 638 672
89 288 78
93 726 303
40 862 543
75 65 778
27 669 52
95 666 733
31 778 453
94 422 116
3 899 364
35 842 779
88 838 777
80 68 721
56 640 508
33 38 501
94 216 822
11 661 35
28 508 323
43 714 27
96 878 213
9 642 17
43 186 240
43 29 734
89 800 550
0 114 255
39 28 723
40 328 662
71 762 375
90 363 97
82 552 666
8 949 385
76 81 811
58 639 727
0 575 755
22 264 89
31 490 779
57 250 2
95 883 563
89 27 772
37 174 279
63 810 783
48 801 247
93 362 124
54 688 288
73 634 134
73 876 589
23 255 160
21 585 245
56 939 92
4 562 348
6 694 680
61 530 432
71 582 344
57 433 13
62 887 479
61 467 295
96 921 580
49 890 489
17 670 425
76 118 587
68 107 186
75 841 549
30 859 499
81 844 101
82 105 391
10 805 633
29 903 594
87 686 570
9 685 342
17 75 248
54 626 651
88 306 434
64 672 545
11 608 87
91 669 308
88 224 78
16 632 98
1 709 411
66 392 494
15 623 542
59 170 473
74 396 128
73 847 581
12 57 600
51 2 442
86 380 223
61 832 172
30 589 761
25 519 817
0 771 339
8 565 334
85 88 823
23 435 462
82 803 193
20 515 286
20 239 680
23 375 516
17 303 762
5 16 232
59 150 274
52 113 557
52 551 477
36 176 355
67 399 705
91 358 263
78 349 375
65 560 434
59 892 56
21 426 206
35 468 492
60 468 227
33 36 122
91 510 247
8 295 800
41 697 689
9 459 226
78 559 464
19 713 204
25 106 496
42 158 238
40 875 701
43 102 778
26 405 509
71 847 398
50 536 125
12 463 351
58 925 622
51 694 709
75 54 730
4 87 422
95 757 450
24 73 588
89 164 592
40 444 11
30 67 137
18 944 553
63 469 333
29 419 470
82 270 765
29 407 790
79 76 588
91 510 757
84 84 9
12 228 241
86 786 526
21 664 273
33 892 23
55 555 268
13 663 778
10 143 454
59 307 771
74 497 480
31 104 153
10 111 198
45 862 414
35 141 452
6 119 158
65 2 113
43 267 517
38 746 518
46 926 690
3 227 73
56 145 327
85 909 219
49 759 764
64 108 220
31 943 750
76 897 236
76 452 320
4 310 826
48 800 632
47 676 103
85 19 60
41 597 805
69 573 696
39 158 782
64 751 289
67 687 399
87 769 386
65 702 256
6 665 570
80 629 488
41 228 154
32 56 305
35 137 347
21 42 362
0 949 563
71 535 13
73 131 490
88 400 661
40 325 121
90 854 503
17 306 816
70 842 830
19 931 613
38 194 807
62 425 596
48 598 268
71 72 646
30 446 466
84 263 750
45 799 12
21 218 108
78 433 438
43 748 383
53 732 92
89 369 495
83 698 402
36 224 379
28 369 388
39 128 287
91 889 148
93 78 552
65 807 512
8 780 697
11 756 503
25 776 401
68 831 502
41 361 116
25 910 446
98 500 270
77 569 621
50 604 288
10 388 41
5 231 171
72 731 384
63 355 149
78 660 144
14 87 458
8 891 821
58 714 161
59 20 47
36 436 266
19 653 729
41 824 189
55 228 789
20 693 655
6 637 472
20 704 199
72 841 359
36 653 65
95 599 256
19 649 187
47 231 743
25 527 214
20 220 489
0 809 587
25 470 408
56 893 318
100 298 327
0 43 577
2 825 154
23 255 460
58 711 430
90 644 81
97 413 306
52 320 826
17 818 188
89 556 629
80 621 143
27 760 581
45 97 581
47 69 680
90 241 793
44 771 519
42 840 748
34 323 296
13 58 359
14 284 554
84 470 817
29 304 389
66 771 634
93 121 185
47 933 296
42 147 261
7 509 722
75 385 816
19 331 689
3 806 381
39 616 205
84 120 379
60 106 140
84 675 294
21 316 198
74 688 231
26 109 6
95 289 801
23 532 430
66 826 163
99 521 563
23 266 98
21 567 633
44 209 2
92 885 764
26 75 828
74 5 193
75 362 433
65 451 773
15 621 451
11 160 90
18 408 506
94 418 313
5 99 69
56 602 711
10 917 445
2 15 147
4 414 358
60 825 49
15 232 450
70 190 75
92 737 651
94 659 245
8 785 402
64 19 441
35 73 625
84 839 452
74 635 729
68 15 625
45 867 174
96 615 133
35 645 789
11 224 330
84 800 58
97 22 774
84 520 811
74 214 774
85 788 515
98 415 302
12 10 389
53 293 311
85 876 79
20 520 816
31 68 221
93 599 791
56 860 344
58 507 64
100 828 268
11 333 741
60 602 424
32 479 136
59 193 116
51 870 166
50 189 222
55 803 336
19 3 356
53 161 727
55 130 196
97 282 772
50 261 696
75 581 262
35 332 708
89 28 138
83 636 219
19 493 135
29 470 267
79 235 739
44 756 44
82 877 27
100 393 386
19 903 367
39 519 606
49 87 170
22 86 795
7 223 24
92 347 618
56 313 209
39 222 146
58 845 775
18 854 418
65 665 350
40 842 777
20 681 421
63 868 823
39 125 354
57 615 587
83 877 608
83 870 491
62 634 411
22 471 333
60 9 777
5 691 125
87 896 127
31 174 58
55 106 707
3 729 335
5 279 377
35 831 802
79 817 231
19 728 490
88 520 369
13 291 522
33 886 440
55 875 620
5 110 142
61 480 281
72 561 821
36 237 384
39 201 524
13 857 779
20 132 772
58 654 777
91 918 527
8 470 312
87 380 107
57 188 607
70 323 244
54 913 695
15 408 711
8 65 561
57 433 545
37 282 510
27 586 53
27 840 796
77 300 768
69 582 426
2 472 182
92 747 420
19 350 571
15 808 722
49 814 656
58 295 78
0 57 512
76 666 228
81 915 678
73 436 546
68 497 820
67 325 636
73 704 59
45 826 580
43 307 7
91 476 61
12 369 738
7 59 472
18 599 769
57 254 204
50 227 791
73 510 147
15 455 265
15 470 232
32 178 554
34 82 19
35 939 59
20 346 305
60 920 123
33 201 778
6 226 271
68 39 200
70 451 465
79 492 382
41 656 784
18 515 585
67 482 244
82 656 510
37 178 362
17 892 158
92 711 785
8 380 505
30 412 324
89 906 583
76 741 661
54 553 358
60 232 506
19 939 672
83 110 767
54 285 49
89 786 807
84 636 340
27 414 723
64 158 182
64 500 650
32 524 103
16 631 318
37 922 278
45 302 159
86 404 822
16 776 273
24 573 120
8 866 400
30 453 698
65 593 157
8 588 560
52 873 305
23 11 422
31 643 306
18 773 138
50 101 59
72 716 504
72 583 165
32 657 30
8 634 12
97 948 221
20 447 829
18 789 287
69 726 305
34 168 412
11 180 665
58 625 791
4 121 618
23 547 333
94 75 412
51 716 105
46 394 378
69 343 199
97 766 386
44 199 720
27 533 464
43 522 78
56 880 814
90 821 129
29 819 234
76 208 624
88 279 820
45 111 717
56 214 493
36 942 226
73 433 257
70 33 318
1 322 761
80 7 752
64 497 180
53 944 363
31 58 226
63 394 486
82 174 235
63 883 811
84 265 778
5 483 61
86 504 164
77 71 232
55 824 791
39 806 201
58 476 236
30 726 43
59 41 487
34 535 660
56 702 790
1 106 517
86 151 434
30 931 296
22 94 141
56 877 55
39 472 116
55 696 635
97 882 213
91 787 520
41 42 709
87 794 216
51 364 571
60 888 101
16 928 38
68 590 651
98 660 158
73 261 500
35 473 625
99 706 671
25 515 485
68 788 771
72 462 651
8 239 802
53 645 532
80 236 368
10 595 252
70 525 5
68 550 507
97 901 53
36 586 451
35 81 580
88 324 401
70 814 772
50 653 39
19 424 814
97 859 134
54 482 584
50 736 329
40 184 682
11 75 111
53 271 657
18 618 603
61 460 700
13 325 260
90 0 761
82 58 726
43 372 159
0 336 662
64 114 244
22 613 499
23 673 52
81 538 570
41 88 127
68 442 424
85 125 711
62 372 148
19 739 551
97 879 114
46 260 825
30 692 659
75 137 821
69 481 677
71 29 225
56 362 700
12 36 548
45 795 284
1 380 386
72 904 141
71 673 35
97 288 746
84 705 751
28 791 674
99 376 492
22 309 0
10 17 154
78 745 665
53 480 14
3 133 424
96 644 101
77 184 158
6 860 571
17 701 779
1 740 589
55 943 787
0 357 18
72 103 569
83 406 455
83 434 724
5 296 521
18 401 830
32 601 800
35 764 164
27 342 614
34 133 45
74 798 162
20 20 370
58 95 365
99 680 829
77 354 13
65 803 521
50 845 353
14 946 516
40 706 666
21 343 220
85 26 247
86 194 50
96 944 256
98 22 164
30 520 757
51 81 24
12 268 742
27 387 82
7 473 708
77 759 422
0 943 766
77 871 227
71 199 701
31 34 231
9 505 662
65 926 168
86 470 336
91 881 738
94 388 350
61 795 727
47 60 210
88 510 528
41 291 720
39 340 515
73 56 644
64 724 151
15 725 546
7 550 514
78 411 270
65 143 152
1 20 479
80 931 230
12 57 323
76 327 415
77 407 487
57 90 230
4 89 361
67 406 193
11 169 783
43 705 111
27 420 13
70 23 170
15 118 108
39 673 100
46 640 121
6 413 492
82 413 763
84 360 632
94 74 81
2 311 737
90 238 58
59 104 545
14 316 821
22 541 613
83 167 103
10 358 727
87 633 649
100 25 481
57 118 200
59 880 198
100 599 489
30 204 505
2 757 141
14 247 313
81 608 665
8 883 227
79 426 36
16 73 169
18 693 616
65 355 822
76 663 129
75 831 735
2 609 265
4 381 563
32 840 479
45 334 820
9 700 775
12 283 119
1 485 315
55 785 721
56 945 829
2 43 684
45 674 139
40 260 508
99 945 213
89 903 154
33 285 565
13 633 278
40 903 674
60 133 102
43 885 352
11 513 238
15 470 650
45 764 251
62 153 445
8 852 450
60 756 139
90 357 661
69 556 397
16 839 510
90 642 787
42 12 745
99 945 472
96 271 691
82 902 252
82 456 357
27 782 525
91 318 343
5 513 574
20 740 634
21 714 579
5 894 337
16 889 183
22 371 518
33 690 204
40 923 115
84 808 419
68 312 288
95 333 767
12 444 751
6 800 62
95 146 14
35 101 472
3 805 323
59 867 155
16 522 325
35 353 185
39 409 283
87 179 350
83 724 648
29 599 185
67 941 691
80 161 667
86 31 409
77 301 486
61 621 77
14 438 768
47 591 424
2 147 673
100 278 569
28 735 764
38 12 507
39 904 163
29 357 506
63 772 530
37 170 616
46 301 647
78 358 444
81 195 379
89 889 166
41 136 370
95 97 488
50 260 495
80 308 13
100 417 263
4 788 313
9 286 565
87 392 688
47 473 372
98 106 256
38 511 690
7 7 639
29 750 694
59 273 7
47 315 389
92 819 775
17 600 44
56 655 821
45 723 341
2 804 788
19 86 635
80 399 733
10 820 100
11 95 400
69 799 767
22 580 179
88 208 270
58 717 741
66 465 604
56 166 26
85 272 828
40 313 111
86 802 94
28 386 653
91 625 642
74 625 211
99 36 441
94 652 395
9 908 598
32 901 54
45 350 569
61 530 743
1 201 37
22 741 606
92 917 773
28 432 579
48 233 668
95 135 539
86 826 586
84 834 352
28 286 640
45 403 567
5 71 642
91 317 0
19 596 126
35 125 676
56 793 86
2 6 232
5 35 620
45 557 389
22 839 813
4 152 728
75 715 807
73 135 557
31 389 694
49 836 830
83 231 434
86 460 486
1 691 472
27 353 248
45 213 827
16 479 552
6 377 20
45 703 233
39 120 606
58 458 20
41 55 496
93 820 565
6 613 613
88 773 493
81 732 8
97 212 753
79 117 288
88 139 105
95 810 550
77 208 774
61 603 660
58 942 465
75 846 202
89 737 825
24 656 41
81 121 537
23 241 170
29 948 540
52 599 812
60 415 262
93 919 48
53 122 352
25 482 709
54 229 297
19 908 778
91 717 425
65 682 245
94 768 39
76 283 797
84 310 645
100 881 272
47 360 324
53 745 162
58 542 395
54 613 54
73 270 58
72 917 575
38 583 190
51 71 745
24 868 423
12 192 619
57 171 618
25 134 284
34 309 68
68 310 331
83 230 119
10 486 492
52 185 233
86 58 538
1 338 339
18 740 53
43 393 356
63 100 663
80 30 676
50 776 783
16 370 830
0 852 183
36 6 563
50 47 419
19 841 589
3 436 53
58 727 369
45 324 398
84 416 125
78 245 264
29 571 123
50 139 561
56 96 747
86 660 105
65 392 154
39 133 674
38 78 486
95 949 414
74 216 791
6 801 283
53 287 599
42 670 322
12 481 261
76 683 457
60 898 359
93 588 780
57 39 7
30 320 225
49 375 92
25 466 519
5 238 220
80 208 762
49 724 693
41 705 103
71 914 556
98 300 740
99 106 368
35 726 112
2 456 140
65 631 17
8 126 288
98 568 769
85 303 351
93 545 394
39 684 154
70 144 250
83 656 233
1 81 655
57 776 38
81 123 340
11 472 363
71 136 69
64 931 542
85 551 647
54 57 289
37 136 314
5 229 433
22 139 61
59 67 593
3 243 426
96 609 114
88 39 479
96 25 764
15 213 585
88 114 750
57 237 283
23 242 223
21 474 603
43 386 183
86 183 229
79 319 318
21 23 814
27 934 200
31 88 27
3 813 29
16 311 376
53 572 742
87 516 830
67 254 493
57 872 595
25 477 652
25 704 738
3 861 211
5 82 413
16 723 686
76 52 235
20 9 533
39 821 455
54 256 294
1 770 358
31 97 802
56 735 218
35 745 47
62 43 152
81 821 664
47 904 254
1 24 777
93 747 17
18 275 427
97 810 163
59 426 766
71 703 697
0 153 578
40 311 291
92 929 388
71 836 464
62 898 49
53 599 92
55 47 791
65 566 598
86 572 316
66 267 403
65 19 115
71 423 639
24 82 153
56 738 242
77 441 244
9 246 782
58 775 725
18 449 416
31 288 532
26 91 543
7 379 135
22 769 203
30 435 282
76 256 686
57 263 545
75 905 243
66 240 406
75 121 733
100 99 414
70 344 325
11 131 310
7 47 478
50 208 747
57 590 93
80 435 463
99 78 83
9 869 681
6 416 164
66 245 488
3 331 398
69 33 351
16 819 815
92 139 435
92 828 275
46 214 643
5 459 818
68 929 185
35 420 663
37 542 156
78 599 819
83 846 732
88 246 511
54 512 821
36 849 19
38 175 221
62 673 534
90 197 23
75 675 306
41 771 313
90 450 281
86 523 617
35 159 341
88 926 136
10 73 454
9 278 442
93 195 263
34 911 494
72 556 301
88 681 616
37 574 245
2 365 743
81 53 570
79 232 612
95 351 557
19 287 535
60 928 739
97 747 53
100 885 824
42 402 584
3 336 709
54 445 80
70 506 305
11 447 8
14 281 342
69 202 269
25 271 656
8 282 704
9 511 375
77 939 62
90 935 282
16 899 739
33 740 676
42 499 40
84 645 794
78 175 121
68 842 16
91 457 173
66 806 9
45 135 802
26 1 666
68 323 619
92 312 477
4 934 83
27 725 338
89 353 169
6 186 687
66 51 413
40 186 484
41 948 608
55 44 611
86 797 742
12 325 206
1 759 10
53 755 300
97 175 316
51 156 578
35 10 456
89 374 15
70 204 260
72 559 7
27 398 678
28 8 307
76 23 709
58 694 270
30 138 195
34 933 386
62 199 285
89 224 136
54 278 406
47 880 655
33 707 552
77 886 97
8 773 464
50 143 813
2 495 580
36 857 326
33 855 567
81 587 183
72 7 101
96 615 812
98 3 69
55 282 76
20 165 442
78 565 448
91 612 173
52 420 215
79 684 362
85 146 366
13 257 367
14 12 82
79 191 172
36 386 340
67 494 432
25 558 67
26 861 525
58 333 115
78 775 612
49 191 436
90 748 18
24 607 730
34 714 459
26 549 117
65 881 42
91 483 134
81 299 65
26 577 821
67 881 110
16 280 166
17 916 761
33 431 430
4 204 695
55 937 706
11 93 716
34 459 770
80 381 394
93 8 636
24 754 760
71 877 300
9 622 685
84 841 635
82 170 293
30 92 829
15 37 204
100 185 41
32 303 9
92 768 462
58 6 598
100 845 218
91 82 481
53 655 617
25 306 521
51 812 640
41 240 605
44 692 54
0 497 450
60 523 529
29 342 739
13 901 606
55 695 553
62 928 39
14 547 92
84 765 46
92 52 695
8 749 780
36 270 262
64 195 175
52 117 487
37 404 577
45 630 271
93 744 213
19 217 249
41 608 460
9 113 574
93 260 114
55 132 782
60 507 210
2 222 519
94 24 43
65 112 663
95 810 408
5 918 382
28 376 310
27 576 734
60 497 826
98 377 745
17 544 231
45 940 326
92 625 478
4 186 588
13 935 586
20 96 241
98 395 24
7 232 572
54 549 389
57 897 788
94 87 791
30 268 422
92 661 476
45 115 606
81 923 636
59 731 819
89 618 37
51 5 74
5 408 119
6 447 671
90 713 494
45 916 125
96 454 187
81 751 240
32 930 300
5 162 60
82 432 163
31 287 258
8 793 824
9 824 764
100 81 496
35 222 143
96 398 388
97 565 3
35 341 753
46 684 560
49 567 496
55 651 210
37 520 24
67 672 650
71 308 158
70 389 5
84 679 583
24 1 619
81 225 166
12 802 274
65 194 155
96 833 444
33 367 407
38 552 362
52 687 686
24 635 182
86 515 618
32 934 794
74 635 131
13 138 433
48 720 41
37 86 408
45 38 151
67 524 278
63 659 333
1 172 619
96 217 210
92 188 330
95 506 113
82 880 2
15 142 680
68 641 519
58 78 64
100 730 773
95 601 435
66 578 195
43 491 612
77 823 212
60 227 233
83 3 637
92 340 672
97 936 534
85 56 355
39 793 225
10 27 580
45 743 359
80 760 495
56 843 739
24 58 665
72 445 736
60 147 345
11 553 257
92 885 817
12 154 549
74 770 263
89 920 312
41 653 99
71 594 415
80 204 817
22 294 583
26 620 146
42 811 277
1 837 346
74 259 708
76 716 637
24 36 818
0 487 240
76 380 10
10 420 600
51 373 218
86 157 627
77 600 458
66 796 792
61 179 404
0 603 576
44 60 184
44 305 579
0 321 206
69 857 589
83 400 754
60 746 742
67 560 128
37 380 652
38 775 425
35 86 492
55 831 442
34 624 264
85 413 411
41 72 40
13 269 365
58 618 397
33 537 35
27 300 547
4 862 418
15 636 133
73 648 168
97 743 639
42 94 104
52 404 739
37 81 671
26 862 566
87 660 727
29 667 446
84 677 108
19 514 262
14 58 125
40 31 481
80 703 247
88 36 241
9 892 457
6 427 570
6 485 190
94 317 330
27 355 828
58 447 77
58 143 329
19 382 707
0 61 93
15 323 783
47 549 313
79 308 10
81 200 247
81 87 140
56 214 230
25 312 594
53 927 630
75 735 386
15 144 314
48 387 477
1 864 747
28 323 591
71 821 780
84 643 447
23 544 142
94 672 578
34 282 73
9 754 51
32 531 667
57 198 536
37 677 579
39 744 152
15 157 95
86 796 746
83 521 198
51 932 566
56 175 645
91 246 101
29 918 436
9 123 162
62 574 341
81 154 807
37 140 719
64 529 425
8 819 239
29 512 588
2 528 298
16 618 506
61 784 327
60 929 100
34 135 96
14 616 411
29 316 64
12 709 661
5 145 148
59 595 544
72 772 496
44 919 527
42 780 758
22 872 639
33 703 822
53 346 396
10 444 793
17 943 491
91 306 758
22 847 479
44 545 577
60 742 809
30 494 561
25 11 409
76 590 105
38 867 168
41 549 547
63 340 492
65 766 615
50 399 295
56 19 672
67 585 533
69 105 10
43 108 17
36 45 808
54 198 230
47 894 288
16 252 741
67 457 622
57 899 717
70 407 478
27 880 566
62 760 85
50 364 785
85 322 597
31 74 723
89 15 730
81 942 747
84 474 382
93 365 347
18 68 294
51 839 18
74 33 303
48 768 228
73 605 111
52 696 606
64 759 350
47 464 78
31 131 588
58 622 32
79 911 135
47 638 830
89 313 431
47 803 372
9 753 292
25 394 823
88 157 794
35 937 723
18 685 289
22 899 771
14 546 184
98 721 285
55 46 608
92 470 488
84 82 31
22 726 493
19 707 709
52 83 742
75 704 778
84 36 341
69 78 334
29 757 506
65 754 577
52 853 75
62 785 326
61 48 310
59 412 345
73 274 137
37 647 571
38 936 252
98 34 274
57 634 421
84 406 394
20 609 372
81 318 487
27 734 478
34 462 262
61 934 193
57 417 531
1 447 815
27 847 546
67 753 368
61 446 710
64 585 248
94 763 566
38 770 149
2 594 373
91 91 673
51 56 626
21 495 801
51 165 434
66 275 315
46 270 14
17 158 56
93 175 828
85 280 818
60 683 743
59 458 646
42 444 523
73 425 144
32 459 351
45 613 747
74 761 498
16 620 639
72 45 62
49 518 51
76 364 605
28 480 98
41 945 128
90 473 179
24 947 378
25 155 493
84 310 232
45 333 602
55 297 112
98 848 266
23 571 40
10 715 786
8 877 150
81 794 641
15 247 251
14 245 589
82 739 701
44 572 749
57 912 488
52 741 772
18 603 807
88 142 559
85 325 578
39 216 719
12 898 749
99 933 128
44 871 809
94 611 206
0 710 69
99 289 189
28 351 233
96 896 644
88 726 567
56 282 313
45 888 184
31 219 491
52 591 417
26 23 177
61 744 680
3 775 166
43 701 813
95 691 727
53 261 509
35 614 74
19 145 460
61 710 382
71 881 516
25 930 302
73 944 254
91 224 668
96 903 744
94 197 327
38 206 638
17 688 159
71 905 217
85 86 757
96 693 747
99 851 122
46 450 455
83 859 412
15 479 783
37 667 683
59 864 515
31 150 702
82 332 545
82 745 165
61 353 797
24 578 385
31 834 433
15 428 241
59 267 289
7 405 135
78 302 169
29 284 244
16 124 9
42 232 567
39 271 364
51 473 118
61 347 557
70 512 726
41 387 527
65 452 758
13 220 617
34 458 518
56 589 534
40 238 500
17 253 375
11 486 679
33 671 111
26 30 36
17 929 338
95 651 727
23 502 754
79 687 314
43 169 64
33 594 8
47 317 737
52 565 252
2 882 737
92 565 691
53 532 362
20 177 798
58 249 3
86 212 629
83 220 614
38 862 484
4 193 563
16 491 437
76 321 467
79 255 322
60 338 53
42 435 503
22 657 59
64 51 201
61 88 749
4 736 745
9 473 304
72 25 709
77 838 652
10 9 805
93 758 233
98 832 429
37 196 199
74 430 357
41 277 344
20 474 188
90 4 421
67 372 524
3 727 317
3 70 2
39 130 297
18 184 460
14 184 182
63 27 507
77 627 411
87 197 225
43 463 830
23 148 428
37 397 100
11 840 242
70 109 604
7 258 223
27 844 804
61 688 302
28 223 215
55 694 340
25 269 719
6 607 794
89 722 671
48 218 379
79 657 710
49 143 313
96 243 16
93 369 438
23 438 634
48 550 138
57 196 576
45 245 419
87 309 647
99 112 585
88 103 734
21 335 487
53 181 576
51 331 483
14 203 752
74 759 724
49 195 733
5 384 343
12 771 658
30 347 76
93 788 71
23 737 565
73 834 26
53 387 19
27 525 397
79 668 74
89 430 167
85 727 294
15 489 542
27 124 453
11 217 529
55 608 710
59 281 624
37 675 716
9 83 118
43 354 485
10 533 451
60 273 751
37 670 288
10 363 266
39 234 238
96 476 416
17 474 563
46 927 678
40 625 154
92 78 0
1 68 813
85 895 622
35 463 254
37 581 417
93 300 632
21 93 761
35 889 165
35 621 61
57 765 551
38 373 554
20 917 291
13 389 510
2 533 357
15 93 341
48 609 346
23 389 300
9 814 125
4 59 670
92 225 777
69 139 461
52 121 533
96 419 281
36 376 481
3 69 442
16 226 36
66 62 697
91 925 805
61 500 560
55 647 22
93 522 664
30 329 749
24 255 770
58 134 272
66 611 124
2 311 556
29 386 110
70 652 657
2 176 425
0 317 66
30 279 565
98 416 297
36 287 351
0 401 481
44 107 69
38 376 256
36 638 487
79 548 729
8 891 699
85 238 125
9 820 577
81 99 821
41 407 390
42 585 276
64 25 782
12 3 686
45 844 379
17 769 795
48 153 119
53 568 799
53 257 737
0 15 363
100 888 819
19 692 660
63 183 97
51 719 270
96 177 604
10 663 746
4 434 40
95 123 738
83 921 338
75 214 281
3 837 454
12 267 438
53 887 733
24 86 217
18 724 129
23 881 826
58 560 181
43 296 666
65 411 569
52 22 824
11 454 221
5 436 67
10 247 155
63 695 292
78 213 624
67 614 37
18 362 542
55 581 483
65 449 590
15 406 4
90 84 240
94 454 338
69 727 555
30 802 444
71 291 472
87 43 285
13 827 689
8 940 464
61 703 522
79 567 154
33 23 563
23 736 296
19 802 737
15 60 773
8 681 804
94 627 151
66 543 728
5 112 8
52 949 221
49 79 451
56 740 777
47 737 183
4 647 312
46 496 531
72 57 198
12 889 477
30 29 489
22 910 647
76 729 554
73 475 152
76 313 372
26 372 138
10 90 374
60 611 318
14 750 78
33 300 31
81 190 796
54 582 69
41 850 126
46 38 711
54 312 733
54 653 604
36 907 678
3 580 66
80 173 163
11 658 345
83 725 791
43 524 591
95 768 349
28 174 141
93 709 720
17 175 433
16 884 462
87 628 814
30 751 641
51 321 668
8 825 722
62 180 24
60 541 809
43 303 83
31 778 396
79 217 809
43 40 255
79 693 508
22 864 37
60 134 249
15 212 449
2 405 367
36 277 468
30 381 144
17 181 454
34 427 515
69 416 276
87 612 631
95 357 590
81 96 462
9 141 371
47 645 498
97 217 829
17 609 66
12 252 420
54 11 711
18 84 508
6 811 6
47 651 404
78 225 18
65 685 689
0 162 257
94 609 511
58 772 235
89 357 566
21 376 489
60 320 255
67 925 399
71 900 686
67 514 245
47 85 101
32 35 220
1 366 370
86 813 6
42 627 717
70 898 160
99 190 204
82 765 201
16 664 317
15 157 413
46 356 810
83 809 519
31 830 196
43 212 45
93 573 646
1 664 14
87 807 122
85 456 446
56 886 320
14 25 358
92 477 632
34 600 619
88 640 548
3 834 511
51 499 13
56 700 511
62 805 262
27 465 193
60 551 313
70 25 140
45 573 114
44 272 424
36 89 117
15 227 593
38 365 329
74 809 379
89 578 47
63 31 320
55 507 586
77 849 691
54 119 79
5 949 243
81 710 282
17 427 203
45 635 665
39 42 225
23 263 193
33 444 265
23 746 60
99 897 304
60 364 236
58 324 713
77 50 397
39 531 662
51 814 33
50 730 795
46 472 2
5 533 55
84 142 240
7 453 548
71 412 814
32 875 404
86 536 715
41 885 470
48 507 590
51 153 454
86 233 195
2 635 513
7 820 32
12 262 249
14 423 287
35 255 818
54 809 223
36 211 393
37 651 109
19 398 59
81 577 219
60 825 774
2 463 725
4 491 339
21 251 476
48 292 532
98 396 745
88 387 345
87 296 303
84 16 445
77 800 31
15 376 537
100 81 167
8 740 716
50 360 549
37 812 355
73 305 217
99 769 509
2 811 293
89 679 436
85 601 109
25 603 200
79 72 207
53 739 817
32 362 364
30 682 126
63 209 387
14 44 115
53 716 306
58 672 298
61 890 781
29 881 130
24 928 389
93 775 639
30 679 726
26 88 217
68 226 648
6 368 584
23 536 211
22 513 479
40 861 772
85 409 185
17 310 40
13 794 435
73 128 219
25 781 115
62 653 9
4 499 67
9 912 103
19 77 448
76 357 305
76 441 746
51 421 696
47 232 54
82 159 150
28 665 187
33 162 478
56 496 698
70 108 493
13 603 329
85 468 368
24 496 631
43 890 542
44 147 208
49 746 547
29 697 260
97 551 212
93 682 483
73 430 141
2 537 242
56 522 791
25 71 247
47 278 1
44 809 814
45 403 4
32 692 314
48 305 682
55 4 380
85 475 196
64 516 685
83 583 239
60 436 694
79 19 288
66 237 794
66 96 25
73 890 124
67 635 632
27 199 739
40 365 648
63 512 120
48 289 513
36 590 238
34 0 164
77 310 588
70 336 96
72 733 738
38 359 722
88 897 476
12 5 505
28 538 24
90 550 810
95 711 409
54 19 729
45 290 537
29 827 452
12 797 465
51 708 336
48 392 258
52 43 122
77 778 155
32 855 128
3 533 423
28 338 473
1 854 399
77 910 366
30 149 75
63 738 390
51 216 552
5 939 1
15 306 400
1 793 7
33 64 525
74 834 683
86 742 670
40 716 117
47 555 73
40 455 718
65 395 88
66 55 796
27 883 453
96 557 241
70 119 82
47 201 244
15 63 5
11 99 462
42 912 326
83 553 224
34 643 88
31 454 545
79 240 78
8 755 640
90 348 218
98 471 180
97 770 382
93 25 807
56 179 626
31 160 405
43 306 217
8 231 629
68 177 171
92 501 41
41 615 429
33 929 602
0 854 44
92 212 376
31 875 2
3 185 541
86 221 730
42 920 290
79 930 674
14 600 517
78 720 679
69 324 260
62 840 573
94 563 190
87 775 430
62 363 705
59 940 208
53 148 566
62 155 680
54 154 376
0 20 94
51 328 451
89 827 762
71 504 221
19 649 387
69 74 709
43 457 185
94 519 503
63 15 505
5 340 825
25 687 106
31 42 782
34 947 701
50 838 23
67 513 289
31 396 242
5 431 357
38 289 790
10 459 647
54 468 519
95 460 7
18 524 219
67 213 211
18 30 687
95 427 295
6 1 423
2 402 32
32 832 238
48 757 38
41 386 88
60 525 104
82 868 371
15 674 319
52 782 127
14 503 818
57 715 392
91 601 313
23 563 670
98 409 175
98 789 316
49 518 759
95 361 496
17 104 495
99 82 678
37 667 469
92 450 192
24 732 138
35 671 467
29 164 313
62 237 782
66 835 286
66 910 55
34 825 118
84 733 814
39 423 552
51 257 196
87 564 696
18 356 288
50 399 58
13 555 432
16 723 535
82 396 30
32 818 34
33 328 776
27 757 523
78 686 752
16 590 472
82 804 213
3 688 616
12 33 212
91 566 181
64 782 693
76 20 769
52 588 21
26 819 743
15 835 638
55 545 496
93 800 13
94 111 772
82 523 774
24 279 276
53 723 194
99 425 384
88 134 523
42 90 373
56 728 754
77 794 731
0 614 122
30 213 372
74 178 324
8 633 228
54 504 198
52 366 1
9 61 724
65 712 433
41 350 354
24 763 702
55 932 815
78 466 192
35 586 406
96 216 206
77 266 87
41 142 797
23 784 704
85 458 296
25 295 296
27 836 170
6 690 68
7 761 561
83 304 645
31 255 633
96 816 269
69 484 468
58 726 459
86 192 329
31 66 540
9 529 217
77 395 453
99 914 435
95 347 595
50 547 180
14 889 556
29 329 535
5 478 823
43 286 468
88 459 705
86 150 133
10 947 391
15 686 481
62 716 502
60 235 751
65 917 479
22 276 300
61 282 353
92 195 657
51 106 677
18 925 230
8 90 525
18 865 277
83 534 708
98 130 615
14 261 206
47 283 178
77 274 793
11 668 207
27 885 254
66 943 300
36 73 390
81 352 667
70 899 135
26 204 778
8 383 167
60 686 80
27 268 511
49 574 315
63 395 427
7 875 739
70 832 511
34 8 83
50 19 410
100 26 412
0 329 312
1 275 441
64 651 479
61 936 284
97 817 732
10 836 577
28 363 242
58 335 787
88 310 144
80 808 204
91 265 129
37 289 517
90 559 88
35 557 56
41 82 701
44 776 813
74 497 438
11 536 377
51 514 465
9 763 54
70 307 790
61 189 74
61 816 744
26 511 531
0 132 24
36 826 485
84 395 118
16 450 402
55 205 427
9 458 335
78 484 428
77 853 679
46 52 21
32 567 613
94 772 680
30 259 259
17 304 496
61 791 352
1 618 282
24 426 532
97 417 47
6 545 245
47 321 377
24 711 723
63 936 248
61 939 488
100 806 179
48 811 50
64 734 609
10 382 433
48 862 27
9 873 824
71 414 566
27 328 253
55 66 26
67 698 742
98 275 187
1 411 408
86 795 719
28 387 638
13 236 703
80 777 682
88 572 115
23 258 675
67 624 603
94 27 655
16 811 221
40 922 130
46 925 619
15 719 586
93 763 671
23 81 67
7 346 275
16 886 482
95 607 420
36 751 62
80 519 537
60 80 191
94 823 564
76 586 228
95 855 357
58 685 419
19 253 347
15 120 49
72 395 187
75 647 386
99 875 140
49 441 106
11 372 616
74 635 365
57 44 480
36 223 453
17 505 251
85 540 373
66 315 270
89 141 653
49 231 593
34 200 461
71 631 72
42 467 557
83 153 455
55 870 163
2 0 225
95 519 396
45 677 169
74 722 90
75 888 763
27 502 813
17 346 554
53 242 555
5 914 12
82 588 340
53 195 259
3 923 780
29 715 519
93 1 737
75 721 805
28 482 653
84 15 515
40 480 72
76 692 556
67 8 508
85 919 570
79 618 699
74 887 269
45 46 667
69 120 485
82 660 797
52 519 459
100 285 436
68 926 812
88 580 623
12 755 177
68 475 601
67 735 338
39 574 235
10 43 53
96 156 80
16 344 807
11 948 228
59 298 415
75 494 351
89 182 660
2 285 131
99 264 590
11 55 272
46 550 627
86 624 517
62 139 648
76 568 829
90 899 415
77 76 644
19 321 24
7 176 627
77 71 705
84 229 166
83 623 142
12 478 665
50 131 565
99 79 783
35 853 492
71 563 59
16 946 385
68 946 21
5 827 702
58 876 228
3 833 806
39 620 620
86 594 438
12 733 645
0 736 423
30 244 3
4 475 457
46 838 685
54 836 220
49 918 713
38 361 463
37 438 794
30 916 680
49 92 0
9 429 760
5 222 168
66 231 330
77 868 634
1 201 635
15 214 81
24 401 306
21 268 306
56 327 20
96 692 172
42 700 593
10 913 703
46 26 1
48 582 5
36 73 441
72 314 580
79 86 471
66 269 194
0 416 819
38 905 146
8 519 157
11 457 237
83 528 820
79 377 341
2 631 55
28 367 233
55 520 793
63 660 794
20 126 381
16 379 676
16 774 264
27 624 98
36 271 500
23 490 661
38 385 290
88 307 111
12 210 423
90 104 373
73 632 713
70 719 212
21 852 124
99 356 624
28 13 318
10 481 805
77 937 474
26 632 755
47 216 687
5 191 523
10 775 813
10 616 757
35 114 799
87 113 619
13 140 81
90 306 324
44 641 617
72 395 250
33 750 717
36 794 494
93 906 802
74 892 3
37 326 94
34 782 9
3 575 579
41 267 360
7 646 749
100 87 283
74 440 236
24 833 705
19 383 824
9 929 308
85 10 780
87 131 587
51 771 538
94 656 292
59 329 662
84 235 244
57 867 28
48 844 415
7 825 793
91 794 432
79 689 428
90 343 336
2 535 34
97 335 357
12 900 248
40 162 27
55 899 321
1 682 630
55 284 210
41 132 469
16 344 493
15 722 26
51 511 368
4 689 163
28 392 240
46 76 541
97 107 286
97 294 762
2 248 540
17 46 64
4 117 16
42 173 440
83 621 397
64 603 275
22 278 296
16 139 46
92 112 598
77 0 519
45 346 146
96 562 584
58 782 497
61 693 149
69 46 35
39 0 49
72 614 646
48 256 130
25 194 395
41 76 632
25 248 52
25 54 424
91 494 264
8 181 691
94 201 124
52 240 610
37 280 343
23 172 772
68 78 460
57 408 796
26 943 585
99 813 719
45 495 347
67 368 698
86 829 409
35 578 329
41 122 237
4 915 65
98 202 306
88 528 579
78 905 103
46 340 353
11 378 221
15 894 549
24 825 599
11 783 576
56 904 45
66 763 107
28 91 747
58 365 293
66 106 594
66 42 778
87 700 633
6 151 164
35 590 209
76 558 394
32 191 162
22 448 673
77 256 24
55 912 817
48 696 620
30 200 266
33 98 812
3 219 213
25 814 823
4 73 138
62 861 358
36 594 109
46 593 246
26 266 346
0 380 682
5 760 787
54 918 81
49 1 147
90 591 763
83 795 40
57 648 232
84 906 129
29 55 774
4 681 165
93 483 305
78 148 507
94 838 366
5 269 671
9 309 709
35 717 486
100 360 138
14 801 478
14 309 37
49 765 76
44 542 807
63 220 749
63 456 825
71 325 675
19 871 124
46 335 147
17 427 253
13 456 59
74 700 85
23 690 467
29 454 619
8 20 649
67 550 532
42 454 367
41 906 660
75 108 325
18 255 459
13 510 9
85 749 34
93 274 338
86 165 805
100 498 754
98 51 572
56 473 634
12 265 125
62 349 383
34 865 274
60 903 157
26 175 583
72 71 828
83 625 354
16 32 388
39 401 704
5 550 52
62 779 131
15 162 89
0 558 369
23 615 599
16 810 198
49 69 450
12 687 459
46 246 536
42 748 285
97 829 215
52 753 165
94 841 624
70 719 303
20 80 210
24 632 608
89 742 311
57 670 240
58 626 28
39 99 827
43 371 342
55 303 781
41 908 616
16 127 830
9 311 800
72 904 650
48 877 38
86 170 692
64 354 245
51 606 606
20 253 204
62 598 406
37 647 281
42 37 4
83 42 14
72 821 65
27 28 774
22 30 569
80 104 624
93 498 341
29 76 140
17 483 583
41 281 536
23 744 151
74 102 118
10 851 443
99 402 330
5 409 288
41 377 781
64 22 565
77 591 221
3 941 393
86 609 514
69 684 93
72 691 454
60 585 785
74 165 462
25 1 539
11 740 200
57 667 204
81 597 407
97 854 374
84 288 371
69 585 532
55 590 190
33 883 243
76 75 310
8 911 585
37 514 302
5 221 429
86 431 35
78 417 54
69 258 174
49 881 334
3 318 421
17 570 692
22 334 486
31 542 693
42 510 295
10 742 141
98 563 686
41 63 430
90 578 165
99 129 370
17 906 22
3 596 342
93 635 392
67 774 150
94 585 307
32 827 572
46 581 334
94 891 532
2 257 727
35 897 719
54 943 522
69 769 348
70 453 580
59 73 261
60 339 311
77 546 317
12 130 310
14 190 170
44 414 258
58 660 561
0 603 286
77 948 445
25 241 771
70 787 463
7 855 672
39 154 530
28 424 3
74 232 653
23 44 821
55 73 700
62 281 704
45 27 347
86 495 354
39 496 207
26 95 247
47 583 112
2 17 304
14 228 462
89 734 124
40 429 295
57 306 133
20 784 501
69 739 473
51 369 93
54 729 440
60 920 46
9 54 694
62 288 287
50 305 323
62 653 716
69 210 674
98 933 170
8 285 706
29 292 94
52 849 646
70 112 326
4 220 309
79 825 513
60 391 345
99 525 13
80 150 363
53 19 4
4 52 468
42 91 17
52 672 737
92 80 310
39 491 338
94 276 96
8 580 264
50 101 84
57 1 516
11 221 725
89 520 423
60 18 758
91 671 688
58 148 798
74 528 107
25 436 103
99 232 139
33 812 380
85 16 582
16 863 527
50 848 321
5 635 816
58 509 27
81 925 689
87 613 500
28 224 121
100 235 682
46 59 440
86 268 181
52 911 14
85 737 515
4 758 477
18 680 154
90 355 653
5 1 344
4 800 675
61 4 327
23 600 328
20 788 252
26 183 749
48 861 650
56 773 554
36 687 19
53 166 781
56 247 475
13 624 139
4 231 647
28 427 173
43 473 62
10 889 511
23 130 9
40 798 597
60 170 556
63 681 379
86 633 84
18 60 491
84 739 593
64 850 387
64 281 224
58 507 654
19 55 488
75 570 345
89 608 187
40 634 250
27 381 662
19 675 668
0 264 518
43 228 17
90 49 510
45 694 371
61 441 317
49 385 330
4 833 129
42 893 762
20 634 310
41 771 281
73 782 243
63 439 668
84 587 790
49 877 325
35 803 505
59 416 688
23 115 104
12 579 28
94 409 203
0 119 558
53 60 136
48 639 60
40 516 53
27 39 173
37 926 695
34 557 663
68 582 375
0 230 649
98 179 497
51 226 306
82 494 50
7 791 602
71 427 642
92 60 539
45 728 800
83 685 159
8 605 445
13 86 457
24 100 700
20 57 373
74 811 182
47 794 161
53 513 216
20 210 161
75 423 186
54 907 558
38 321 148
76 314 582
89 502 487
9 486 531
61 400 284
1 637 284
48 789 813
52 649 600
80 138 283
0 247 215
54 138 182
62 3 400
26 15 280
8 825 75
81 65 269
0 456 608
33 843 614
57 303 812
12 389 47
55 908 436
81 806 651
82 18 137
10 358 426
11 245 357
1 689 718
19 641 343
60 491 632
86 95 687
91 782 528
67 778 250
39 92 637
26 774 256
99 774 462
21 880 359
12 309 779
39 573 44
1 49 85
76 174 552
24 686 179
27 224 437
68 572 784
63 529 493
1 104 360
45 850 499
51 23 239
65 493 475
4 232 262
1 372 476
22 624 567
40 147 463
83 400 495
71 553 347
78 423 780
92 432 537
38 919 655
16 943 125
1 684 29
65 709 208
31 18 36
1 78 5
79 124 0
20 416 393
98 721 83
17 425 10
83 551 303
74 252 7
50 910 32
94 486 241
39 940 136
56 666 2
59 181 687
32 519 506
57 839 765
23 68 771
30 793 226
1 696 480
0 1 830
62 155 225
33 645 352
50 688 94
48 463 165
71 851 317
0 192 513
11 104 447
21 709 290
24 785 11
23 316 159
53 254 788
25 706 550
84 594 542
86 85 68
17 589 276
12 597 167
43 699 824
67 510 712
16 2 141
23 90 164
78 699 707
68 474 439
28 805 796
80 107 300
99 675 774
3 69 489
57 408 603
24 876 25
95 602 113
73 284 560
77 736 566
85 556 7
63 351 678
58 704 412
57 118 172
39 57 120
27 738 85
63 569 46
56 257 455
37 4 75
39 78 282
57 316 407
32 194 245
33 280 719
43 520 284
95 927 35
53 531 308
47 45 348
80 890 446
29 466 36
96 325 262
85 789 233
88 315 355
42 407 621
87 945 21
5 603 697
25 586 635
77 639 569
80 259 540
24 496 43
65 796 268
57 47 337
77 586 509
96 26 444
59 819 553
0 208 266
71 186 406
97 238 491
2 458 413
58 597 742
51 114 240
10 580 497
99 311 605
25 426 731
57 820 643
18 450 77
85 702 809
96 570 260
14 232 564
77 599 408
58 163 706
60 115 415
77 307 33
39 178 650
100 453 432
7 97 792
65 491 395
37 934 440
92 824 68
38 429 288
23 725 513
12 324 667
70 612 828
13 114 111
84 220 98
64 494 278
46 134 124
35 945 744
44 528 635
0 378 795
54 618 230
43 48 822
92 832 182
73 159 81
49 551 723
34 924 654
1 762 713
95 745 621
79 21 824
47 734 703
3 127 91
0 289 753
17 426 480
53 822 279
26 664 452
44 666 614
38 221 302
31 388 17
78 690 269
71 891 240
60 402 815
65 331 165
95 229 786
1 882 268
31 368 111
92 113 411
2 78 176
45 564 699
10 324 808
56 884 555
65 295 547
79 151 482
11 929 23
10 582 492
25 472 610
91 90 433
61 809 495
15 437 662
59 265 487
44 259 827
5 115 535
15 546 13
76 656 679
91 848 421
44 425 816
12 188 124
28 648 558
67 501 601
54 106 146
2 792 170
12 535 251
68 780 826
78 413 655
58 812 153
68 456 54
24 448 747
21 692 496
79 481 750
98 132 120
27 592 245
96 541 518
22 519 200
44 261 751
100 713 499
19 532 331
1 868 560
6 376 456
69 11 444
31 288 535
3 317 740
91 609 538
25 278 762
72 36 25
27 311 90
96 558 684
78 106 261
34 108 634
98 890 608
58 225 281
16 739 266
69 448 31
98 4 606
11 542 572
93 640 237
32 828 671
29 388 703
71 736 337
32 94 786
72 410 640
28 710 828
9 482 340
49 53 170
21 380 400
78 217 490
85 306 688
0 583 207
9 255 586
13 306 747
93 506 328
34 488 683
0 418 719
25 488 423
15 251 757
100 81 680
48 822 365
12 698 116
80 72 193
9 721 268
53 205 333
91 382 524
19 185 588
39 671 41
100 914 602
36 435 651
10 136 261
80 265 786
55 479 277
3 232 802
30 800 402
76 700 749
22 515 612
53 483 662
75 109 546
38 535 86
51 414 226
50 633 577
65 830 428
40 316 444
17 710 713
35 508 304
74 653 446
69 112 801
46 137 479
92 897 205
59 846 452
59 76 509
18 729 421
38 508 227
85 623 655
25 33 136
55 567 707
86 830 775
4 429 416
6 906 176
39 431 113
12 357 399
57 223 200
20 309 67
31 137 277
99 584 764
48 132 337
22 857 382
69 147 69
19 700 214
62 719 33
79 291 435
30 530 596
16 906 405
86 799 698
59 52 705
90 454 446
11 585 578
64 476 492
60 342 131
29 68 173
11 732 386
21 91 222
94 704 614
37 343 734
96 689 509
6 29 513
66 686 66
97 230 63
100 104 73
91 451 644
48 543 9
38 519 687
40 642 805
43 433 146
18 748 380
78 788 356
49 873 420
75 523 591
7 723 4
12 309 780
92 580 320
66 525 11
1 54 511
43 724 432
41 296 123
7 799 55
97 606 594
19 518 440
74 86 180
8 278 362
70 488 178
69 432 433
10 852 809
55 813 527
65 194 328
24 587 535
88 319 447
94 886 665
82 831 111
45 133 635
52 942 566
53 193 703
25 907 39
36 561 570
1 105 301
16 12 311
83 307 206
65 841 317
28 56 421
66 109 755
48 627 336
90 835 315
17 299 283
68 664 409
21 199 506
85 237 690
36 220 291
6 528 188
47 531 309
32 287 824
43 835 724
62 29 247
61 810 485
48 450 539
23 104 671
76 760 499
18 260 196
29 585 15
52 669 423
44 737 12
34 828 706
43 126 300
5 343 76
60 601 13
65 510 305
51 801 118
39 794 294
32 57 535
34 215 174
51 410 803
91 797 8
54 625 440
21 378 480
79 402 199
28 406 666
38 291 513
12 306 19
76 286 110
35 775 296
23 936 367
83 550 640
63 159 288
3 587 255
42 311 71
79 911 716
97 854 611
61 520 52
38 241 607
21 198 467
82 43 180
85 449 181
42 593 558
62 562 201
34 351 196
12 158 649
55 24 88
34 490 64
8 71 781
44 878 822
70 483 663
49 292 150
37 658 222
2 439 818
98 806 328
37 310 294
8 121 503
62 72 271
44 850 317
7 765 753
19 744 135
6 476 100
56 575 317
72 927 351
2 247 233
8 48 600
29 724 810
85 351 610
68 51 186
62 642 479
2 853 623
89 465 612
26 823 266
23 799 497
24 117 239
28 398 234
71 362 472
69 771 656
93 177 424
17 612 294
90 434 163
56 679 714
27 124 798
64 548 767
65 802 425
79 887 291
98 157 392
53 180 244
36 856 101
78 54 668
63 574 510
78 585 75
9 680 359
42 336 384
11 3 482
0 379 566
61 44 226
97 367 369
37 814 566
66 38 412
61 699 672
71 241 287
78 12 392
83 908 185
6 305 3
62 782 486
15 778 351
66 56 60
44 419 437
36 513 7
27 451 678
80 628 532
48 340 494
63 489 500
74 363 60
97 669 99
36 806 294
65 798 357
84 322 611
70 282 431
79 602 350
93 845 28
51 690 514
65 1 261
63 481 8
75 154 715
14 56 580
77 522 132
25 207 260
55 541 652
56 602 200
57 310 63
25 207 477
90 623 366
32 349 806
36 150 417
94 534 310
57 542 661
27 734 815
45 920 474
10 468 87
35 665 232
15 575 678
42 795 33
56 617 382
61 680 120
97 506 389
40 399 334
99 861 597
9 931 822
68 816 160
90 911 646
90 819 745
87 783 486
72 860 784
62 468 306
11 936 147
18 144 755
26 317 194
92 22 222
34 745 193
8 839 340
41 751 552
13 416 391
43 541 564
81 834 243
82 165 652
35 172 510
100 392 577
29 807 587
9 199 625
25 762 650
58 607 313
15 47 449
87 576 28
2 681 403
68 673 483
12 251 263
3 850 377
39 523 460
54 633 446
3 149 60
41 401 626
42 947 65
62 675 761
34 476 126
43 383 446
46 63 385
38 471 227
2 455 250
83 877 360
69 912 425
72 90 320
96 939 617
9 488 245
7 19 150
25 155 260
47 107 340
50 520 683
58 842 667
92 87 512
21 360 679
93 498 213
52 584 124
27 73 339
16 665 155
59 63 708
84 274 830
71 813 62
67 582 306
59 500 824
90 653 170
9 424 811
51 179 529
90 575 243
10 567 47
41 166 311
64 372 471
57 612 651
27 22 444
86 152 762
18 126 550
97 776 426
72 377 391
82 406 468
20 819 483
85 852 619
0 437 44
55 215 791
55 27 403
45 813 351
15 233 672
4 385 3
97 684 792
42 373 273
94 146 483
85 841 153
9 347 345
72 288 732
66 847 315
69 53 383
66 789 701
64 566 601
6 556 810
52 823 217
53 13 550
50 86 682
14 802 305
75 918 574
23 588 802
80 691 59
32 332 428
56 440 629
49 630 424
67 135 223
60 691 137
76 466 425
49 527 751
46 430 292
70 459 781
52 140 374
27 551 384
28 209 280
16 846 78
15 455 135
35 911 6
78 375 582
80 464 549
76 131 656
35 446 365
13 303 305
94 53 327
7 508 308
82 263 706
100 241 739
71 779 62
90 196 419
67 607 142
35 622 757
73 82 164
6 604 407
19 110 756
2 228 768
91 373 123
8 717 44
47 810 359
33 197 792
75 256 430
26 341 787
36 734 712
90 199 186
29 735 446
33 448 540
87 570 353
91 142 601
39 358 406
6 489 449
58 874 449
72 915 190
34 482 467
38 742 378
76 170 107
81 776 554
41 571 521
18 615 167
44 337 572
36 591 503
0 657 483
13 602 161
9 219 589
9 810 493
53 366 632
94 857 420
68 947 676
94 488 696
93 895 28
19 293 523
13 386 419
66 120 371
4 844 55
57 92 451
27 317 719
97 193 796
51 24 234
25 324 689
54 844 427
63 500 727
61 371 148
26 226 446
62 933 447
21 612 42
53 0 73
67 94 562
18 278 585
43 809 136
6 859 319
20 306 244
31 296 388
3 301 596
25 930 686
32 339 222
33 719 238
26 886 299
31 200 487
38 173 457
100 299 280
62 487 792
45 323 491
3 859 646
24 899 259
19 295 248
74 839 500
30 729 233
19 545 141
63 600 78
50 2 401
82 415 391
55 755 405
56 595 341
