597 899 5888
34 86 709
7 127 143
68 45 476
15 386 447
14 434 607
74 142 85
29 576 732
54 434 624
69 293 737
24 547 229
39 332 379
43 498 760
63 401 252
61 51 246
75 14 249
68 112 398
33 256 150
11 532 767
96 316 355
17 184 520
95 38 617
7 595 475
95 4 762
9 45 735
86 250 519
29 20 447
54 537 787
98 501 183
89 580 403
83 334 747
6 378 460
75 326 678
63 527 709
10 170 754
69 243 678
62 306 18
5 183 617
47 434 373
66 554 509
14 332 726
55 17 513
24 107 490
47 8 746
63 316 572
42 357 106
14 215 581
35 171 593
95 50 468
45 419 540
3 320 146
20 284 660
92 76 626
35 282 599
25 516 156
65 458 307
16 85 470
17 223 332
65 536 366
71 300 676
20 340 388
53 187 328
61 381 61
51 588 284
29 475 587
88 45 131
3 188 784
7 113 435
57 494 880
21 230 648
75 133 722
7 219 889
99 234 867
24 130 746
64 472 789
13 61 805
3 548 330
37 292 367
89 117 417
41 515 499
35 336 230
22 203 521
67 439 57
46 465 793
4 447 673
78 299 381
82 443 134
59 451 74
24 417 64
70 46 580
10 277 284
43 143 853
23 557 803
68 149 600
90 273 746
82 22 861
72 534 254
80 14 138
66 486 103
89 6 897
19 446 272
10 444 74
96 134 486
96 41 166
78 31 749
52 177 49
52 343 480
16 452 784
40 19 625
11 171 305
99 13 759
53 499 284
55 375 454
8 267 193
3 461 701
42 496 245
15 444 270
9 573 110
31 218 303
64 526 795
29 325 806
65 35 59
6 67 785
22 117 527
59 8 743
33 9 221
0 382 705
50 596 627
95 304 328
71 267 302
18 81 517
31 266 666
75 539 780
51 274 498
73 542 774
90 410 152
84 539 72
27 168 313
96 43 203
4 399 52
11 507 29
27 422 342
74 128 510
66 589 158
6 482 141
12 588 699
13 442 420
14 312 634
66 490 225
51 489 290
37 223 452
76 443 708
86 596 533
28 417 305
7 563 647
47 472 283
98 518 658
65 541 62
16 422 375
87 300 852
98 166 350
83 335 118
4 333 863
74 232 247
81 565 209
94 252 636
43 265 890
38 356 419
8 383 410
15 328 427
92 327 179
82 354 746
92 277 5
45 412 716
5 276 843
35 521 256
43 124 599
30 588 669
13 18 67
56 25 708
27 233 872
40 137 175
8 250 530
34 117 142
76 353 780
15 67 375
61 239 49
44 498 420
62 261 629
27 290 748
0 78 769
72 360 485
58 237 855
76 171 671
79 260 12
51 298 37
59 449 546
2 236 280
0 384 215
24 201 65
31 121 365
71 58 896
28 149 157
48 581 136
12 323 454
13 185 491
47 250 891
38 32 107
18 48 891
69 0 333
33 287 824
30 110 699
16 345 28
3 177 220
52 149 680
44 43 697
58 294 375
39 485 123
85 66 461
51 590 44
64 423 448
0 339 392
60 551 43
30 82 130
39 248 672
7 183 317
87 480 893
3 156 863
93 281 48
3 336 226
9 188 330
87 399 9
65 383 395
97 453 52
27 596 664
83 15 84
82 564 612
78 390 486
46 196 881
94 321 685
28 491 776
19 357 712
25 439 284
58 147 124
76 261 427
94 558 218
36 325 562
81 386 145
45 527 821
27 498 326
0 585 678
8 31 714
16 477 362
72 98 400
64 432 710
68 479 732
84 179 356
3 373 469
25 386 279
98 490 304
29 125 571
40 39 361
81 9 260
57 415 338
67 270 234
55 577 797
71 317 427
0 108 542
39 98 415
8 37 168
97 361 344
30 18 877
18 404 57
7 15 176
31 411 312
40 449 127
14 21 731
44 534 392
74 272 205
100 260 379
14 257 817
55 293 648
30 554 32
92 178 825
85 241 784
54 384 876
28 77 824
96 468 300
37 338 596
24 170 429
32 158 159
56 557 688
50 422 443
70 344 51
87 45 303
58 124 828
86 305 300
44 236 772
28 177 246
19 190 416
6 94 712
44 515 61
84 384 840
29 513 47
83 140 706
12 552 49
71 581 647
76 215 678
79 556 472
70 368 625
42 23 585
89 281 399
79 154 842
37 357 44
45 55 326
58 279 9
92 494 582
51 487 270
30 345 824
41 383 357
24 214 792
32 391 633
73 180 177
96 89 684
84 163 333
25 109 597
39 486 245
7 188 73
36 381 815
41 544 385
11 304 450
20 437 149
23 574 171
84 152 875
0 0 317
66 507 509
64 57 229
59 225 78
55 117 467
62 204 230
57 496 223
66 41 368
33 411 670
73 473 194
38 252 782
1 595 544
78 305 169
43 169 30
75 362 732
22 456 543
67 117 209
23 172 515
57 80 781
19 2 720
35 286 198
91 581 718
21 123 497
69 335 801
59 255 294
47 359 579
96 97 674
60 454 187
93 120 495
35 433 713
89 149 451
77 326 263
24 461 560
52 33 413
93 297 776
13 431 193
34 2 823
80 317 454
27 430 623
13 383 11
9 557 731
100 71 192
41 528 710
0 357 415
14 31 565
9 492 428
14 237 671
64 384 755
35 414 171
16 424 506
14 593 25
64 589 113
91 349 707
6 577 818
91 200 91
98 214 130
87 197 291
64 382 529
16 491 614
9 43 429
60 526 44
36 311 92
15 262 653
29 428 582
20 470 77
97 83 503
36 403 727
52 202 379
38 61 108
98 154 250
48 54 405
86 55 177
4 525 815
19 593 5
56 352 179
0 91 451
59 265 232
18 587 253
85 172 665
25 114 613
6 144 659
20 227 555
5 41 42
89 117 29
33 174 411
47 477 160
5 262 809
0 510 405
0 383 189
65 546 595
24 494 598
27 71 137
72 145 475
14 277 209
20 362 161
87 76 601
15 282 427
22 320 119
59 365 334
28 298 595
63 300 726
27 183 76
14 577 106
22 18 544
20 546 563
2 81 604
27 249 552
37 468 88
90 530 236
87 66 801
48 103 156
10 441 514
76 359 185
41 564 222
46 338 104
38 423 193
90 10 509
17 292 627
53 367 806
37 348 721
15 574 621
2 231 470
29 428 90
99 135 892
54 52 427
33 97 75
63 142 30
99 511 727
55 339 369
63 320 151
19 504 499
86 459 40
21 357 653
42 88 265
42 48 125
73 319 884
98 267 169
47 45 514
58 27 441
42 454 822
39 197 234
68 475 773
39 25 399
9 468 409
34 16 467
37 435 276
20 389 175
96 258 803
69 454 869
75 372 895
80 297 155
66 476 182
24 321 367
15 472 559
45 230 769
89 214 896
9 438 581
48 13 221
36 43 363
9 585 580
75 298 198
30 485 767
39 75 183
87 547 534
61 440 741
31 182 178
93 119 154
35 242 641
90 571 756
69 313 771
47 493 317
43 404 857
73 154 128
90 199 672
51 80 789
68 1 744
63 206 530
22 8 305
89 430 783
63 51 645
13 303 219
77 118 56
61 548 232
20 538 351
63 317 200
73 459 559
9 411 415
13 376 49
80 400 4
44 478 530
62 36 242
19 583 820
48 299 478
41 557 349
0 346 425
31 217 156
49 29 432
1 231 768
80 296 808
6 477 172
59 222 637
92 181 268
58 457 306
61 366 380
9 53 66
29 569 412
20 21 454
50 596 458
28 18 816
70 42 771
82 107 775
24 162 21
43 565 636
38 268 778
79 559 311
31 452 804
13 476 310
51 300 376
94 207 79
5 117 314
2 31 57
36 390 120
72 59 616
67 122 41
55 492 331
48 6 68
48 63 584
99 325 459
17 487 382
97 112 756
59 395 824
76 500 836
2 306 132
36 431 422
46 199 860
81 529 236
82 270 844
88 467 89
3 1 386
90 584 747
93 244 222
44 214 505
84 571 232
61 73 760
27 359 526
45 303 521
69 269 741
13 145 219
31 451 554
26 490 632
11 583 400
7 391 133
92 287 478
31 570 62
26 76 653
82 541 125
98 43 287
91 109 649
33 560 158
61 203 211
95 337 216
71 495 784
29 227 507
56 275 108
67 119 83
85 516 680
90 488 208
15 337 477
37 430 511
75 184 84
81 111 158
86 27 694
85 262 655
23 299 274
36 584 877
4 488 793
25 415 198
43 4 814
31 121 704
96 569 435
98 42 808
7 594 721
50 350 709
98 368 81
10 448 857
67 368 613
80 473 30
90 342 199
13 133 219
23 101 448
92 161 587
76 59 669
18 511 154
67 240 762
84 539 263
28 261 851
69 415 25
21 459 636
39 140 283
0 423 435
46 59 839
74 240 154
88 468 69
47 249 893
55 371 595
68 344 434
0 292 644
2 81 524
51 227 723
47 73 162
63 131 351
15 330 508
43 519 201
44 486 435
54 129 505
2 132 894
100 155 517
70 153 121
31 126 243
27 135 540
73 402 270
48 512 772
47 70 412
66 127 38
50 155 276
73 534 434
72 125 598
51 106 878
3 541 850
71 8 624
55 234 570
97 427 158
85 457 555
63 198 741
43 240 723
13 204 588
55 42 607
0 344 378
42 517 452
21 451 675
20 191 817
1 596 592
51 372 475
81 80 590
92 409 650
21 163 32
76 338 349
39 185 78
5 148 491
27 516 119
96 374 571
94 429 727
76 506 238
9 141 519
55 271 793
2 277 485
10 58 419
12 1 876
49 451 163
32 156 262
76 305 388
76 347 223
0 60 0
18 129 70
69 428 605
15 192 898
84 431 858
72 269 734
69 201 553
10 393 512
67 302 107
69 79 830
73 491 658
79 335 507
99 324 157
73 388 68
15 521 252
5 459 56
98 426 757
51 168 132
29 26 513
13 107 500
72 446 337
23 57 441
19 51 423
48 586 201
48 57 171
14 215 544
70 249 385
48 124 416
68 409 793
33 292 181
8 0 334
28 511 255
9 55 635
44 556 676
64 76 504
59 507 557
75 187 520
71 230 458
52 347 490
19 141 338
38 120 347
93 58 667
29 213 426
86 86 744
27 407 9
62 577 754
6 410 44
0 463 420
88 99 146
50 218 235
99 432 463
53 412 127
61 270 434
45 109 822
98 132 285
35 333 241
22 569 183
63 331 276
45 513 247
65 79 225
16 294 789
62 24 12
23 138 886
42 468 853
92 518 96
28 91 800
10 202 547
69 505 392
93 562 50
31 325 744
26 481 14
1 52 470
30 464 604
25 158 458
46 218 504
97 67 673
39 453 615
85 387 40
65 52 73
70 480 227
82 234 320
54 241 137
62 270 188
77 494 7
49 456 896
58 357 150
86 541 230
59 56 37
4 105 843
27 569 809
89 312 869
85 203 382
2 322 873
2 387 766
37 140 622
2 463 756
46 9 521
2 196 862
62 95 775
76 39 387
90 285 96
81 528 512
21 142 432
60 337 621
41 146 812
48 70 753
8 317 661
29 131 312
21 262 129
30 440 484
71 21 502
60 502 365
98 62 279
8 352 756
31 364 380
15 464 823
54 305 206
89 164 735
34 521 639
20 310 308
33 361 12
27 246 634
8 87 292
26 3 261
100 89 22
70 505 641
15 256 131
8 485 94
53 39 531
17 8 167
74 232 45
8 478 567
98 118 707
8 491 545
36 315 675
74 93 84
76 80 530
80 487 425
28 310 747
17 445 458
47 400 361
93 121 745
99 32 156
45 566 637
75 483 860
67 111 894
93 435 882
59 468 541
22 125 462
38 198 717
73 353 711
77 540 254
28 166 56
38 485 607
18 432 865
9 125 896
76 546 318
7 37 760
100 526 205
35 533 414
67 170 418
78 584 102
66 68 312
59 41 159
32 378 58
93 367 493
30 138 868
26 123 853
63 468 333
90 567 65
40 524 78
48 507 4
24 9 542
91 125 334
51 589 571
4 132 853
76 395 159
1 426 161
48 144 576
81 530 609
5 68 286
48 306 670
58 248 397
38 107 91
23 165 452
11 544 772
16 590 281
24 345 334
9 437 788
58 20 66
75 529 417
52 35 128
68 200 271
86 231 604
45 239 502
90 316 89
50 226 481
64 254 545
25 258 119
34 76 308
81 387 713
55 505 310
76 26 710
17 49 810
63 143 585
29 398 398
94 360 819
23 235 888
18 151 536
46 68 341
10 411 75
82 303 19
14 153 404
84 220 86
79 251 748
82 467 622
40 25 756
0 418 864
69 147 566
74 213 273
64 116 419
55 103 96
59 559 780
36 565 392
98 431 466
11 132 25
69 504 345
39 579 735
94 256 811
4 113 720
67 302 535
42 28 614
39 317 671
20 318 116
35 329 451
45 368 672
8 423 382
5 302 795
2 571 856
94 310 462
89 367 818
62 204 333
92 286 442
100 351 541
72 223 326
52 329 45
74 588 186
99 380 377
61 276 547
75 73 653
60 181 464
76 225 197
51 29 502
16 327 295
49 74 206
68 529 492
49 384 258
9 207 332
87 167 803
80 377 192
68 134 706
72 475 218
72 559 0
39 422 630
57 537 136
51 163 18
17 274 732
56 215 819
71 370 829
50 64 653
73 63 638
30 22 742
14 528 166
48 46 446
44 302 156
14 7 191
52 369 674
92 320 185
22 409 460
73 247 763
95 66 891
24 27 729
81 584 10
99 467 875
47 395 535
75 332 52
16 306 859
64 219 238
84 181 197
18 483 804
92 559 894
54 574 749
94 499 444
65 508 143
77 200 261
100 141 499
45 261 523
14 497 227
74 29 295
59 494 228
71 17 537
55 521 566
67 181 747
32 444 183
9 306 25
76 322 61
2 231 272
51 4 617
33 76 437
7 383 816
5 327 308
20 398 41
36 29 562
68 197 825
90 307 605
83 155 28
64 460 85
30 146 202
77 477 781
15 185 669
70 338 828
99 458 350
75 251 194
56 402 335
22 376 248
70 265 605
22 17 600
87 379 367
93 45 850
40 379 585
36 96 871
36 105 599
9 200 112
10 211 883
17 215 772
24 13 555
75 350 166
77 405 629
72 148 303
9 432 97
28 417 871
89 221 261
80 199 251
10 339 538
71 594 547
58 448 274
28 341 37
27 244 775
5 359 492
27 332 121
1 483 673
54 593 28
58 450 190
42 508 97
58 356 679
83 228 616
27 333 278
17 288 73
95 335 197
76 531 341
35 100 61
99 370 221
67 226 717
82 99 180
40 507 108
39 67 659
87 118 239
99 584 113
32 325 533
97 291 179
5 169 614
52 566 186
63 524 542
84 92 786
78 491 846
27 395 245
24 596 828
23 312 529
79 408 26
20 238 77
92 104 213
83 315 107
62 225 630
17 377 429
14 163 407
3 165 579
81 138 114
51 247 776
26 499 817
92 514 890
92 219 177
87 226 440
82 30 94
47 267 588
29 595 249
53 269 321
34 288 679
61 440 188
39 106 588
61 512 478
85 397 502
28 580 548
31 423 723
97 131 639
72 241 202
3 210 841
92 545 677
83 127 191
80 555 64
41 196 654
19 32 353
69 211 177
59 163 484
34 60 595
48 455 352
92 229 340
76 135 666
82 223 758
13 31 106
94 483 342
76 288 665
24 47 855
52 366 709
75 217 64
99 222 228
76 563 496
91 580 752
4 543 52
57 84 61
89 90 437
3 277 33
44 266 118
22 204 466
59 109 37
49 355 811
55 464 875
86 590 867
13 241 618
43 587 787
63 313 743
28 487 299
91 319 784
47 27 574
78 462 298
8 394 631
18 493 57
35 1 615
73 551 728
64 104 603
43 176 231
97 143 354
69 313 655
90 581 671
5 82 118
35 247 690
94 58 98
100 426 847
40 316 112
69 478 820
93 509 856
4 155 774
97 295 778
60 386 757
22 374 711
55 181 549
33 418 261
91 7 242
67 282 263
50 131 578
69 485 636
96 244 30
39 490 757
95 266 516
5 510 548
11 362 337
67 546 390
25 247 826
23 262 385
54 152 553
16 232 510
96 390 31
83 566 262
65 557 16
50 323 422
33 540 382
12 255 218
84 502 12
75 542 345
3 31 776
53 161 741
14 585 686
88 87 235
74 369 627
93 37 836
89 15 278
46 263 20
7 168 643
52 188 505
77 146 639
18 140 149
44 592 609
97 332 368
4 569 432
93 433 335
60 525 647
64 224 257
15 426 456
90 583 881
18 292 598
20 572 751
76 384 196
58 374 521
20 222 395
75 440 38
42 169 184
17 307 505
77 423 696
93 278 839
40 335 213
30 412 234
78 216 147
79 17 236
11 195 892
91 241 171
20 142 429
94 445 424
30 259 508
0 239 436
6 21 159
50 88 383
90 540 498
17 449 97
5 459 39
14 222 233
85 538 284
54 179 643
5 418 267
71 254 735
68 92 524
74 520 288
72 335 618
12 251 896
80 291 575
28 538 44
62 45 65
61 132 121
42 407 178
94 159 317
60 323 438
74 123 183
50 213 149
11 444 789
36 193 401
47 492 321
71 102 399
19 273 648
0 571 225
54 313 545
22 513 819
92 5 816
24 397 88
29 136 511
95 383 581
47 39 385
9 394 397
47 27 313
40 554 265
79 62 85
43 580 536
27 265 166
19 318 335
32 297 69
98 55 295
80 346 390
66 79 471
75 463 339
31 12 57
85 394 819
68 413 411
49 400 497
72 73 244
69 589 886
53 183 145
35 313 132
61 302 816
83 300 396
9 416 806
79 362 378
32 586 13
6 59 599
41 501 179
91 149 123
58 385 765
90 84 860
31 585 447
90 335 570
75 380 81
97 281 870
17 141 529
7 269 208
74 258 719
44 569 429
78 166 766
92 576 338
96 224 142
76 538 520
16 330 694
81 559 660
29 496 230
2 221 248
5 24 883
87 518 34
48 427 861
15 505 470
73 39 261
84 115 247
74 103 632
77 125 403
40 284 78
7 267 127
57 524 752
29 363 139
32 125 497
68 326 822
32 99 756
10 439 116
54 260 712
83 225 870
60 110 748
53 490 672
32 484 241
20 315 542
92 317 43
71 281 637
50 282 86
64 206 374
4 57 699
76 19 754
69 2 544
16 501 589
6 278 833
77 366 455
18 440 497
92 65 33
79 455 207
9 50 120
67 52 579
28 559 227
1 329 356
87 66 136
19 445 406
94 316 640
79 213 284
53 281 774
12 533 816
14 477 298
0 457 824
16 264 92
11 305 100
15 332 143
30 452 284
42 78 519
60 99 130
23 534 608
72 442 20
55 72 369
14 222 833
22 263 275
95 359 624
96 388 525
6 517 78
34 294 369
36 487 228
4 28 478
24 103 288
77 437 10
54 489 89
8 201 58
27 547 888
20 439 137
11 507 53
68 588 812
15 219 652
84 527 813
9 314 246
30 497 26
85 551 690
61 299 449
40 501 895
50 118 722
12 325 589
6 173 610
24 62 212
46 354 848
34 149 349
89 291 504
31 198 635
95 185 270
18 159 654
91 343 195
2 47 107
82 147 314
99 129 484
13 67 287
11 59 273
59 85 418
0 187 666
95 370 727
36 544 618
63 274 316
75 29 229
9 107 526
69 207 640
98 294 380
10 263 675
28 384 828
25 168 305
24 42 308
78 445 518
45 331 614
59 346 371
15 171 690
76 438 560
80 325 351
69 92 351
17 353 839
58 368 629
47 189 6
19 187 495
98 515 262
58 481 795
7 426 12
15 523 455
29 293 474
73 21 362
98 490 720
44 221 612
13 318 721
21 48 592
73 511 697
42 257 179
33 44 111
25 472 845
53 184 883
43 318 762
95 392 514
24 274 351
78 295 839
82 529 548
61 321 614
2 580 563
66 581 341
47 227 859
49 470 648
20 22 435
49 176 739
66 336 269
100 515 427
40 359 228
96 144 824
54 531 49
16 337 880
23 268 196
97 221 826
95 581 213
7 333 873
2 455 403
0 23 380
46 120 98
88 460 139
86 496 29
83 334 335
69 85 273
54 12 549
100 119 773
92 525 332
8 592 482
28 401 109
14 582 896
28 386 538
41 79 609
94 474 581
96 503 328
42 368 442
46 368 256
66 302 689
6 196 199
25 222 786
37 234 359
83 46 88
85 184 297
78 457 46
4 552 530
59 360 559
26 131 563
74 419 164
17 81 264
91 549 111
89 533 249
20 6 816
14 85 656
63 9 683
73 293 728
25 100 557
37 308 112
36 164 453
79 169 775
78 158 771
48 470 745
54 586 829
52 537 21
18 57 382
45 85 860
70 366 608
98 190 260
78 472 238
89 364 645
97 112 432
4 591 579
84 25 507
54 305 383
70 451 431
26 588 596
8 220 662
45 210 97
50 510 800
67 257 451
39 99 617
87 431 787
38 209 510
72 578 774
44 83 301
2 18 161
92 498 329
23 483 4
96 343 441
2 97 267
40 206 214
7 401 664
94 384 94
19 157 860
10 232 684
75 481 87
89 51 886
22 47 299
98 352 23
25 236 359
11 412 516
55 426 664
78 199 618
17 369 115
99 42 33
42 303 172
10 453 391
41 275 623
68 556 294
8 559 409
42 393 660
26 15 424
32 469 188
94 129 844
70 412 179
3 578 524
35 183 880
20 178 166
94 299 226
92 273 749
70 355 357
79 194 314
27 297 265
80 477 503
25 24 537
41 367 471
95 455 816
14 164 568
66 508 364
79 204 607
99 51 796
19 179 632
41 104 258
17 399 234
64 302 147
52 336 350
13 368 416
50 314 768
35 497 519
63 175 859
8 193 480
94 182 784
13 322 242
35 3 370
76 304 729
3 196 415
23 262 365
55 64 819
6 417 430
40 512 898
85 37 465
90 518 511
21 51 847
74 54 148
24 592 75
50 366 759
45 386 728
16 359 652
78 311 784
22 495 326
93 298 355
17 138 72
72 116 789
78 467 754
45 521 220
67 216 251
95 36 593
78 117 743
0 289 575
8 285 473
2 364 400
18 18 34
79 114 443
10 343 166
26 277 736
82 226 772
47 467 638
49 5 732
56 426 586
46 135 188
64 199 705
11 513 164
89 413 66
99 553 175
6 74 739
98 25 210
57 190 194
20 236 117
46 109 774
41 252 833
45 302 709
41 165 514
29 457 871
50 153 435
57 541 454
77 509 614
32 253 584
34 486 470
23 365 143
33 298 807
68 230 517
38 264 509
38 411 117
17 91 647
56 39 341
22 161 470
73 403 38
43 565 169
82 126 841
71 150 809
75 465 460
59 148 834
18 83 129
69 117 104
69 468 504
59 507 640
47 365 831
99 344 96
61 483 840
86 513 611
59 71 448
61 570 157
41 562 741
98 429 821
60 119 129
34 256 819
62 561 393
27 358 474
49 200 398
31 507 408
22 402 554
3 515 842
93 301 472
60 362 469
95 593 318
56 59 88
52 71 24
60 506 176
33 450 803
98 563 167
96 336 427
81 273 255
13 463 621
8 44 510
39 194 649
50 293 378
94 577 131
46 274 851
61 105 302
55 116 722
22 449 411
30 521 343
79 139 714
63 6 558
4 142 2
99 232 181
4 187 171
73 505 563
67 585 112
88 437 265
25 533 142
100 464 706
91 322 243
75 536 875
59 511 541
90 19 31
97 325 761
22 359 162
23 126 729
67 88 170
42 97 281
99 56 82
48 509 456
26 467 753
83 348 236
75 362 581
50 8 193
55 183 127
95 542 171
69 187 568
0 478 8
86 3 888
13 100 351
80 529 611
18 83 39
9 229 169
64 61 896
61 431 616
25 411 891
80 209 201
52 74 363
89 466 483
55 53 288
3 466 560
73 369 89
19 430 57
35 475 293
2 310 483
11 372 609
7 496 847
95 20 518
56 227 478
13 81 765
54 443 507
3 331 303
61 122 569
82 417 468
26 548 617
52 403 119
13 41 414
25 398 502
10 157 736
64 343 736
65 205 443
31 150 39
8 373 246
57 329 455
68 400 293
16 16 219
40 523 457
88 142 202
85 26 792
48 335 571
9 167 892
42 585 50
51 189 685
32 201 277
94 371 248
49 520 871
9 227 441
69 217 91
64 518 863
66 509 141
54 417 338
21 143 688
32 327 779
76 588 678
17 473 661
88 445 221
2 7 220
98 138 28
83 426 342
35 371 59
11 71 453
85 585 436
64 155 692
78 560 245
84 331 368
55 568 595
92 88 12
0 390 38
12 339 71
12 102 519
45 289 177
2 44 664
63 189 156
11 53 527
67 514 624
13 590 211
36 265 556
21 360 205
10 394 630
54 376 462
50 422 885
28 186 419
27 302 631
9 36 876
32 380 351
58 272 872
53 237 822
36 225 96
87 278 598
92 201 708
5 318 620
3 145 332
15 381 590
98 246 670
60 257 393
10 438 385
75 412 141
66 223 894
87 132 105
25 246 675
30 448 670
77 92 291
33 495 88
23 305 387
61 215 418
72 153 231
82 144 645
63 553 471
56 103 393
5 432 538
26 226 138
31 431 756
19 251 817
60 275 783
35 78 550
13 207 605
0 20 406
84 413 492
28 296 650
82 213 119
22 10 714
25 364 747
26 363 708
93 284 503
28 557 281
37 373 288
36 235 694
81 292 292
80 81 28
14 293 194
73 361 256
34 554 484
50 166 480
96 183 135
48 517 85
86 25 551
41 44 484
70 465 869
64 382 442
65 64 64
39 424 140
22 81 888
64 496 265
92 238 816
29 61 637
98 92 167
14 437 302
0 534 71
7 94 199
69 290 892
53 436 896
61 435 347
30 465 365
55 327 702
72 66 638
66 165 399
10 451 24
62 506 175
71 420 281
7 18 699
57 376 110
11 430 720
76 16 117
9 477 613
50 473 395
46 517 869
6 546 528
44 27 646
30 73 496
47 497 467
8 555 842
89 537 316
83 10 819
60 440 311
9 302 83
59 384 344
55 39 723
64 118 706
79 279 671
39 401 628
1 464 708
37 211 28
85 359 82
64 334 55
59 306 289
36 44 267
53 333 389
18 115 400
73 179 100
62 459 171
34 203 53
69 130 261
3 113 762
20 108 32
76 400 411
7 320 614
79 20 85
33 180 808
9 286 239
79 568 320
33 237 412
43 590 47
67 261 509
63 408 808
88 358 750
61 263 433
41 153 465
58 462 364
1 217 633
85 149 339
43 542 688
86 596 310
57 584 126
89 488 438
5 536 444
41 519 804
95 586 352
81 157 355
62 536 286
53 453 837
33 583 271
34 527 713
58 453 231
76 394 736
80 525 411
77 50 649
19 140 806
81 42 51
85 113 206
31 165 53
71 478 680
50 513 898
25 269 805
96 550 292
69 479 411
76 181 408
0 10 74
54 480 542
31 504 588
88 97 471
26 410 116
87 545 777
28 334 756
60 138 318
31 340 347
15 275 167
62 216 845
73 237 637
6 130 824
96 316 339
66 513 466
50 317 570
52 167 544
91 1 476
37 194 881
89 52 254
38 309 691
17 516 286
22 294 468
10 581 644
45 376 275
49 513 95
54 287 176
39 15 330
38 445 632
86 581 203
10 251 13
4 19 892
82 109 758
26 514 69
20 583 236
93 583 131
12 480 98
9 3 798
11 106 23
50 412 737
5 85 410
22 130 285
33 587 665
37 288 829
28 440 9
92 145 350
47 204 25
65 300 14
89 27 420
82 159 685
60 519 524
7 552 693
35 171 243
15 357 149
53 123 614
76 249 871
6 277 546
47 505 548
9 396 37
26 454 261
26 346 668
91 396 673
84 273 674
40 202 573
88 299 218
32 264 503
13 447 174
67 234 205
66 176 541
12 13 753
38 577 388
18 387 691
47 552 563
58 240 503
29 556 150
95 169 156
32 377 721
79 546 144
1 121 53
91 477 521
3 446 644
78 223 854
85 48 576
50 239 127
8 440 673
0 201 473
74 164 574
74 368 726
65 313 560
20 144 307
33 567 533
51 313 180
38 240 28
80 46 822
55 56 692
79 32 68
69 93 200
44 188 114
99 166 75
82 593 401
69 524 433
8 161 115
19 302 85
54 374 190
46 308 821
60 108 683
79 402 841
100 51 105
39 382 113
81 8 460
94 470 455
97 99 477
8 29 22
7 330 291
40 264 282
8 17 860
81 284 533
99 504 894
7 54 423
17 47 588
71 366 486
94 36 111
83 557 598
83 490 538
67 94 818
85 144 371
93 497 758
55 451 466
73 383 419
85 191 549
58 20 712
24 533 148
63 416 101
71 9 637
96 578 327
21 94 689
66 213 549
43 172 543
66 476 827
13 75 423
5 472 831
76 255 885
41 328 820
3 210 29
14 573 117
89 319 811
61 119 703
89 430 763
34 464 53
52 314 285
9 284 695
34 430 510
93 93 34
85 43 326
11 7 499
28 211 383
44 446 402
84 522 233
15 280 557
61 22 159
83 508 535
68 416 321
88 587 674
69 495 125
23 130 448
95 70 191
19 482 63
19 208 300
100 148 146
57 379 590
71 521 0
93 332 535
93 365 281
24 315 0
29 0 658
2 289 160
6 345 279
51 10 715
53 180 38
90 105 267
14 300 26
90 160 824
89 143 215
73 132 705
84 530 360
39 378 410
38 389 654
50 76 506
37 165 303
37 476 399
71 412 441
37 362 802
1 202 834
24 538 599
35 141 797
80 150 633
52 320 21
24 403 401
44 130 885
19 57 147
91 77 713
54 393 763
26 588 335
18 529 131
23 109 753
71 181 350
79 492 255
76 451 626
91 569 0
20 503 870
21 274 121
16 525 312
7 372 596
52 289 353
98 91 658
38 320 833
0 332 67
13 196 456
14 164 647
32 356 111
16 93 803
38 488 43
85 56 752
3 490 207
98 331 788
38 447 287
26 197 221
74 191 789
31 45 135
36 370 495
97 13 585
43 221 100
32 291 880
40 153 437
70 73 579
78 16 874
16 488 94
23 64 447
25 78 260
51 267 278
75 484 870
93 226 429
29 156 377
39 35 285
94 509 326
90 572 509
26 431 464
21 17 80
84 470 762
45 577 879
23 530 478
98 245 726
0 430 810
69 307 18
12 445 575
80 537 760
37 405 428
26 144 747
87 407 78
91 433 245
34 54 566
49 292 250
94 219 622
30 10 882
34 116 394
98 306 675
91 218 399
42 116 121
85 291 654
39 195 289
81 76 533
92 212 80
21 157 376
26 172 286
2 109 616
16 413 116
62 401 604
99 479 397
41 425 401
22 449 508
45 157 810
52 238 102
10 291 655
1 163 5
53 128 415
18 488 737
68 521 377
59 20 745
1 1 396
49 289 636
80 325 705
55 595 627
56 366 799
62 465 738
28 272 616
79 176 465
44 39 75
52 153 384
74 360 339
21 128 887
32 282 632
19 119 232
45 446 505
65 226 858
9 484 46
32 501 533
16 300 800
68 534 871
10 400 237
91 56 688
8 427 250
56 555 117
34 392 302
11 233 493
36 331 751
58 573 513
72 7 109
24 196 798
53 141 89
32 522 721
61 552 252
81 552 548
86 169 699
3 596 410
35 118 524
15 505 601
14 544 274
36 557 437
84 406 597
27 12 892
96 135 294
55 385 732
97 244 155
23 379 744
20 17 105
93 382 758
67 476 636
41 321 770
17 164 113
39 23 576
40 183 848
72 97 585
70 151 382
60 398 435
96 342 19
77 309 400
10 174 497
19 411 80
63 37 500
15 196 219
29 433 819
30 147 439
30 151 465
49 13 600
22 545 552
2 437 761
3 368 201
90 569 632
40 378 795
24 262 474
75 391 96
52 465 486
41 407 529
18 451 891
63 113 425
8 335 448
29 131 49
0 90 244
32 489 784
46 179 378
2 154 809
32 114 464
65 90 754
3 515 340
56 397 292
46 212 310
43 412 15
27 477 887
89 185 194
21 338 406
84 314 78
72 283 441
41 245 631
4 129 382
9 96 699
6 469 233
22 138 391
45 322 30
2 91 497
98 318 33
29 498 137
6 106 101
87 387 294
62 418 476
48 80 424
14 92 530
95 297 28
72 459 139
54 308 898
46 342 662
79 455 751
30 400 409
79 147 97
30 333 786
39 301 345
99 261 584
42 77 567
59 278 617
75 115 764
98 261 382
55 324 398
19 71 25
22 263 181
31 145 357
23 582 758
85 215 108
94 209 215
3 69 801
77 220 379
63 238 74
27 233 20
19 440 628
83 223 805
53 570 896
14 584 231
10 265 483
20 166 305
75 500 741
93 48 693
62 43 378
5 489 462
66 566 896
87 521 61
10 247 684
14 352 173
97 535 121
32 317 391
38 431 577
60 109 143
63 236 568
79 46 704
26 343 44
18 355 756
44 556 599
87 520 518
31 270 788
11 374 523
26 257 765
3 384 395
39 56 719
99 15 425
27 34 484
52 413 33
78 467 752
14 320 524
37 365 209
89 86 168
60 256 43
0 153 148
67 594 860
30 63 378
78 182 133
18 354 100
2 549 841
89 37 850
7 456 717
9 551 549
71 175 585
97 440 613
75 67 469
8 400 772
64 25 791
11 417 894
16 551 76
84 363 115
6 230 208
9 41 776
96 203 25
52 320 383
46 176 589
75 204 27
45 442 879
94 490 545
48 416 1
63 186 842
99 581 388
31 147 246
69 4 188
100 225 501
22 265 78
33 144 145
81 83 746
38 204 398
19 590 815
82 547 349
68 208 293
17 399 640
86 104 297
38 517 478
68 392 435
53 323 834
35 229 112
2 381 446
5 28 349
36 416 82
35 11 628
29 438 725
67 23 708
0 495 269
12 296 207
83 296 218
22 336 258
54 102 838
80 569 619
0 383 678
22 145 222
19 428 107
14 184 859
23 591 647
37 365 11
96 529 209
16 378 891
76 139 175
13 21 869
100 50 503
100 78 591
39 588 624
90 205 805
50 561 810
50 585 194
48 563 863
7 425 895
74 400 336
25 336 79
100 264 591
72 303 346
79 79 669
0 286 420
12 499 577
3 73 769
84 348 878
29 3 632
49 3 879
94 198 596
42 431 249
56 40 693
43 276 196
19 581 99
7 184 626
86 212 845
79 127 85
74 229 76
44 595 324
21 90 258
71 126 114
57 265 772
39 156 382
48 412 245
33 264 650
26 375 60
13 75 788
50 469 721
56 20 743
6 231 94
69 13 898
86 446 19
17 294 486
56 328 865
57 98 704
43 276 49
75 459 445
63 465 742
32 367 882
87 96 299
52 253 83
62 262 885
96 191 35
56 510 505
23 204 170
58 23 220
31 365 70
29 357 255
40 19 467
13 403 332
32 523 147
51 355 130
100 182 51
46 414 506
93 284 476
79 479 526
55 224 618
85 318 727
75 3 84
48 454 404
70 150 560
38 324 755
53 380 590
66 38 722
91 429 190
45 493 738
6 194 442
95 53 537
61 516 469
41 43 260
87 333 550
3 1 185
34 188 881
72 7 118
38 153 601
71 318 100
74 110 78
39 505 701
83 451 493
75 215 480
4 267 57
52 565 839
8 199 547
36 522 337
28 376 273
67 489 796
76 120 280
81 147 382
61 411 233
37 291 382
19 218 637
89 79 488
9 408 685
90 56 695
18 230 757
74 464 490
34 536 103
50 376 448
88 573 721
59 178 464
41 487 132
52 368 719
29 254 816
64 426 870
27 416 619
81 508 530
59 589 887
50 532 334
80 402 766
39 475 45
50 157 618
46 330 185
12 365 483
17 73 133
99 317 363
90 125 761
13 348 660
32 89 262
4 118 685
53 316 759
21 170 536
16 521 571
10 461 61
9 46 623
88 300 619
78 23 344
43 236 225
67 466 440
27 424 267
70 233 730
99 214 194
13 25 861
87 305 676
72 540 835
72 440 180
67 205 810
88 98 635
15 595 722
32 124 166
92 233 658
30 553 413
71 139 836
79 60 523
18 246 659
5 105 173
71 48 276
33 4 267
74 383 812
80 6 466
16 305 293
1 137 164
98 461 608
83 72 886
40 436 517
30 106 868
8 93 565
82 73 173
54 458 87
89 437 525
22 311 831
70 315 157
18 16 418
50 536 249
91 337 893
42 551 400
8 7 69
48 188 621
70 244 580
15 120 596
30 291 420
65 319 171
38 22 764
95 425 555
32 520 732
31 369 425
24 165 129
31 482 532
85 490 445
26 160 575
49 425 196
80 473 323
43 209 114
6 537 877
13 407 816
91 262 114
12 457 38
76 533 613
23 307 34
24 374 437
37 361 792
59 582 305
53 451 377
35 444 231
53 212 575
30 419 167
3 319 804
14 546 693
27 166 822
92 238 530
4 396 598
14 334 18
35 328 661
52 213 499
16 304 735
40 300 17
2 468 551
33 544 346
3 431 189
15 448 55
35 6 123
42 54 481
65 174 655
78 581 394
33 579 662
25 277 72
12 284 717
46 188 576
18 67 93
70 549 208
54 97 866
38 384 470
0 390 580
61 185 481
85 592 239
80 405 756
95 595 406
77 111 293
68 541 859
8 326 481
68 533 628
48 99 154
57 10 583
81 529 616
71 515 266
32 557 95
18 348 661
79 209 153
80 466 177
83 522 320
95 12 621
57 586 885
58 314 269
6 166 42
42 323 234
86 486 730
24 227 121
55 319 237
78 159 242
26 174 121
82 369 807
57 217 757
85 35 277
53 66 664
82 514 750
95 285 505
39 285 328
92 294 778
25 17 23
2 545 4
88 104 464
1 340 318
56 531 801
57 563 401
25 182 615
15 418 257
43 186 569
1 458 616
92 406 159
80 213 812
36 458 522
6 511 11
36 404 178
74 429 815
68 369 324
92 155 671
40 146 47
76 552 196
64 467 417
71 335 176
83 349 371
88 13 49
53 276 566
100 465 506
16 21 646
28 444 71
2 57 875
50 39 149
40 228 213
22 104 146
31 226 154
34 68 363
1 579 379
44 436 338
46 439 346
35 165 134
71 416 282
24 68 448
78 590 556
73 185 896
1 55 492
92 309 844
39 548 225
60 174 546
8 567 432
23 189 275
42 407 116
40 250 897
56 145 415
0 207 206
42 493 125
33 50 882
15 50 849
78 234 309
73 417 166
2 153 589
58 413 237
88 29 79
63 388 382
28 394 644
82 460 663
13 102 86
22 522 393
100 210 701
76 245 362
96 297 106
58 161 355
12 409 175
16 50 435
38 15 797
38 324 407
65 526 651
11 562 467
91 567 50
68 26 454
51 531 67
93 308 363
34 55 339
67 389 271
86 586 532
34 381 159
54 203 281
26 435 338
100 49 36
81 161 563
27 154 61
28 292 61
91 33 408
76 218 190
31 53 396
97 141 254
16 181 494
18 144 850
88 483 202
36 225 222
54 345 246
74 383 488
34 328 568
69 9 702
48 524 254
53 14 216
16 379 859
17 187 333
81 208 207
13 153 103
78 368 95
97 457 205
79 211 722
23 352 535
74 224 869
49 520 840
37 377 501
16 121 153
47 142 427
89 407 862
24 507 538
89 594 429
26 565 712
33 262 298
62 167 11
41 540 221
19 203 465
44 77 92
77 294 360
34 513 224
96 128 629
87 441 25
55 266 138
16 312 367
58 6 570
6 53 498
83 39 356
59 134 743
73 62 367
9 560 619
69 185 256
86 129 5
67 574 87
6 573 434
68 362 263
100 241 13
59 357 738
50 314 400
25 505 885
40 276 143
56 379 224
22 439 111
15 104 237
48 510 139
28 187 363
66 106 772
12 522 871
79 372 176
20 579 780
48 151 354
5 338 473
57 94 832
68 410 721
33 324 225
47 360 627
92 149 470
48 369 541
39 398 188
36 295 585
48 343 650
5 524 388
49 43 6
94 263 595
32 496 440
70 147 488
41 410 226
43 566 377
60 44 816
98 51 778
89 347 844
10 235 426
52 199 510
82 470 740
5 262 624
35 362 246
41 371 178
10 421 58
45 138 760
40 180 89
60 431 662
48 316 184
63 337 771
10 40 573
3 236 467
89 420 647
10 569 163
30 78 407
38 521 444
54 99 736
67 446 641
16 75 698
79 202 663
100 369 865
64 67 227
51 439 772
44 541 431
97 15 831
40 236 763
61 344 183
91 98 581
69 274 16
70 476 497
41 368 239
66 445 446
57 406 4
95 392 418
52 138 387
71 575 68
96 124 480
45 558 571
77 405 556
98 436 2
20 588 150
38 535 679
58 299 3
98 327 766
10 95 165
42 37 9
9 205 353
8 493 712
26 454 503
90 525 510
77 274 113
40 557 754
75 434 555
67 81 631
19 47 476
4 32 722
12 379 843
1 391 144
39 118 576
59 468 569
94 587 311
1 47 749
83 214 612
27 475 687
52 242 843
72 584 696
20 273 108
79 582 805
5 454 152
67 334 277
80 109 302
43 528 828
20 85 238
67 303 8
39 355 558
36 49 359
80 446 739
70 495 587
14 558 106
30 343 301
72 160 835
18 324 78
67 486 486
16 41 194
92 378 299
64 80 842
4 53 416
71 292 844
67 189 391
44 175 282
38 490 581
37 399 423
63 426 573
17 373 392
64 190 775
89 48 392
5 487 278
75 169 701
30 466 128
94 174 289
0 16 425
53 147 299
37 17 869
21 575 871
28 578 608
47 550 236
74 478 896
81 149 705
24 110 483
80 277 363
88 32 886
56 6 119
86 174 284
87 491 854
84 332 190
21 378 106
10 435 671
4 538 396
63 550 788
91 102 820
44 46 696
93 336 495
18 527 669
0 519 319
98 362 522
68 575 718
11 30 555
41 17 876
26 546 671
80 185 394
32 376 543
57 330 864
13 553 751
35 473 200
13 504 610
18 19 830
85 560 189
67 316 420
97 149 568
0 408 161
2 248 606
80 592 587
94 531 512
67 280 123
20 543 842
94 489 176
59 393 892
65 435 57
64 523 721
90 262 285
55 372 651
28 245 165
31 346 355
86 63 790
20 405 390
4 122 601
78 499 852
16 592 790
25 66 83
46 382 40
19 479 322
50 129 846
6 518 65
88 183 199
68 280 522
10 36 37
0 353 132
90 581 109
32 583 713
88 131 674
86 99 239
12 273 78
97 380 28
45 289 812
36 27 400
53 83 614
46 93 730
28 475 342
22 487 744
96 17 171
49 303 574
71 308 343
60 152 616
40 93 774
92 74 437
52 543 854
99 2 127
98 461 5
68 166 368
34 131 854
80 42 15
0 123 314
51 423 618
94 452 65
100 139 884
35 38 198
44 158 856
80 263 315
11 484 6
46 557 393
67 466 211
24 501 394
73 178 136
32 539 792
56 572 463
6 322 736
76 50 269
21 246 293
68 3 461
55 533 492
55 437 133
8 371 29
22 426 332
98 433 639
70 453 142
34 310 212
54 326 172
16 121 640
76 237 760
100 227 605
11 390 30
80 104 395
52 451 368
64 554 466
11 511 532
82 336 512
92 55 64
64 460 560
18 453 105
80 334 257
83 413 499
7 36 285
46 11 319
57 33 200
12 246 793
88 499 607
38 319 307
39 92 88
84 558 876
14 276 181
8 27 182
49 432 602
11 526 857
29 358 532
71 265 291
62 539 438
87 396 862
66 373 327
59 211 392
27 388 885
17 65 146
36 347 616
63 386 21
32 377 368
46 446 777
0 453 203
61 294 639
82 355 318
61 478 821
94 256 146
79 185 762
64 173 181
95 185 91
74 525 820
77 85 318
55 182 363
58 553 521
89 396 785
78 262 261
68 76 455
12 578 353
90 4 790
68 408 782
65 443 415
96 566 294
55 104 342
83 570 78
75 439 51
49 407 30
87 39 467
84 22 366
62 342 453
4 546 866
35 47 782
36 424 656
51 93 449
33 497 281
78 25 1
7 591 196
88 378 154
69 281 461
45 425 6
31 98 104
14 83 871
7 508 672
77 428 322
59 202 168
12 217 221
3 201 440
85 541 270
77 207 768
4 450 673
18 487 725
60 444 170
1 166 376
70 481 108
81 365 598
94 194 353
8 188 499
21 275 356
94 247 336
93 137 378
95 129 811
16 406 674
57 535 239
0 281 75
35 193 792
75 161 837
38 268 2
48 321 53
37 256 560
88 202 735
1 341 146
49 485 888
82 425 282
20 490 578
2 146 17
35 94 298
89 119 322
27 367 475
40 263 583
9 162 304
19 442 724
98 455 126
85 503 52
63 66 716
26 561 503
0 45 62
12 363 548
77 18 830
45 432 303
89 245 801
2 9 866
8 246 524
95 532 884
8 514 499
57 481 763
38 376 203
46 45 613
32 207 299
59 322 515
85 361 798
15 581 632
0 475 449
72 11 827
45 328 421
73 274 423
65 41 545
69 0 293
32 150 884
34 271 65
7 177 118
2 116 804
42 175 529
81 174 387
72 332 528
21 127 662
65 121 642
78 17 148
85 214 79
33 541 577
72 565 884
24 292 143
64 339 744
64 471 222
3 238 58
59 247 184
81 247 283
39 175 547
87 226 875
33 440 524
88 33 423
56 436 111
31 590 591
35 440 824
8 367 476
46 61 93
44 422 760
32 274 472
83 386 134
50 4 366
70 556 889
18 110 453
80 115 622
63 91 841
82 336 159
76 212 870
21 135 304
24 574 311
81 321 200
35 378 371
95 253 354
6 321 738
8 282 668
37 318 404
43 473 38
85 110 467
57 469 243
42 86 374
44 62 617
42 166 294
27 3 871
84 13 117
89 544 895
37 335 268
85 503 879
66 554 797
28 119 275
7 4 353
90 59 376
0 83 863
35 460 373
85 596 419
52 368 612
31 63 581
43 110 396
6 358 45
69 355 170
20 144 491
10 546 272
48 159 139
75 267 871
64 533 742
20 114 673
10 131 880
76 166 659
89 53 151
18 332 668
80 117 483
39 322 170
49 26 214
87 330 150
34 2 563
1 112 391
12 126 109
50 346 870
21 434 143
38 207 710
85 124 328
39 540 664
72 342 838
59 320 52
54 256 248
88 227 233
20 578 564
99 346 321
61 560 565
96 539 537
28 492 152
78 343 577
4 358 845
48 199 462
32 365 883
72 487 543
28 141 641
5 38 425
12 257 876
35 591 525
20 572 340
51 408 504
31 67 30
33 157 40
62 549 460
37 417 83
11 24 89
55 182 508
20 220 18
74 387 284
15 477 573
48 173 16
27 234 250
88 590 93
92 228 771
55 2 749
1 466 661
3 506 857
19 586 617
28 57 659
36 169 503
31 555 366
39 173 759
72 338 520
16 464 163
72 455 680
84 539 205
34 33 742
97 288 742
25 115 554
100 147 887
8 517 646
91 456 43
42 178 733
1 238 370
22 423 420
28 422 813
92 271 888
43 296 827
30 306 0
63 398 273
80 141 181
36 532 674
51 288 841
0 192 257
47 355 104
5 20 19
66 305 595
73 244 327
13 446 625
55 572 519
36 204 66
41 153 186
41 527 711
65 543 773
61 113 38
16 448 401
18 556 557
60 32 701
40 409 573
58 421 586
80 75 629
92 440 649
69 187 850
97 569 747
15 353 725
25 133 660
4 221 158
87 174 440
41 261 31
41 253 561
66 418 575
78 524 13
70 401 794
46 221 641
22 588 783
54 82 644
86 143 569
41 6 57
39 270 87
17 548 352
73 394 579
25 194 7
21 503 505
76 283 190
86 528 680
40 98 34
28 139 647
41 223 312
62 70 514
56 27 449
65 80 168
30 98 485
1 296 346
90 477 679
56 92 229
58 415 50
62 60 833
61 458 376
90 297 425
47 426 23
36 200 167
28 409 40
86 232 828
16 432 672
84 283 763
3 89 408
74 31 710
17 5 289
100 300 527
27 499 671
46 572 592
21 473 418
57 51 132
44 466 325
30 499 387
95 364 96
97 131 484
36 591 611
51 456 722
69 490 423
32 473 851
78 334 778
36 254 847
15 188 546
86 345 859
19 184 305
93 526 102
58 318 235
92 98 167
87 462 894
94 377 139
27 405 449
83 204 274
84 252 540
7 519 515
22 292 880
37 110 32
36 442 403
86 400 577
61 355 796
0 481 95
13 197 45
75 257 860
58 182 264
64 575 43
73 576 327
88 586 499
60 301 188
73 457 882
71 194 813
17 199 195
62 82 309
4 279 589
68 167 885
62 116 625
73 467 188
10 483 7
19 395 57
54 326 128
95 137 272
38 7 386
19 543 429
51 204 232
8 123 494
85 487 411
96 329 617
10 305 336
93 313 654
7 484 459
4 321 195
61 592 186
94 303 516
77 403 460
33 449 332
62 53 163
45 452 125
98 422 89
59 104 600
41 49 510
65 424 483
64 189 390
55 448 187
5 340 669
83 62 388
8 37 860
26 548 281
68 520 776
6 253 795
66 282 788
10 525 75
93 321 80
3 64 366
72 333 489
96 553 107
24 126 851
2 138 791
70 60 535
63 130 727
10 221 702
10 21 769
41 423 519
90 163 662
60 232 340
45 171 701
4 48 407
46 461 156
58 167 552
21 382 824
69 282 457
75 40 464
0 61 575
54 276 693
58 223 237
56 203 5
76 473 618
26 566 106
10 162 702
47 88 658
30 142 6
1 506 642
68 348 30
8 376 836
39 260 353
63 508 828
43 334 884
76 556 121
90 286 773
38 31 450
75 110 329
38 183 301
58 375 130
85 350 70
89 101 530
27 123 834
55 585 460
63 509 786
70 179 814
91 505 164
43 580 318
58 361 72
68 561 817
40 290 355
9 80 782
83 108 719
83 208 436
65 343 337
77 95 247
25 213 461
35 416 170
85 30 868
83 98 620
5 373 353
83 233 714
10 349 607
94 6 168
3 185 785
33 477 891
53 89 555
65 343 761
74 199 407
80 415 729
76 397 158
80 167 400
23 573 408
47 509 26
100 278 151
75 313 271
94 11 688
90 478 827
76 542 264
87 183 519
75 62 643
26 128 666
64 343 862
60 14 22
59 541 367
55 126 682
98 81 558
49 474 413
36 370 733
2 333 736
51 173 229
88 391 771
44 274 375
59 275 747
62 140 535
58 558 34
63 98 761
38 316 8
44 156 330
31 59 541
70 291 371
17 502 561
9 48 306
67 252 891
54 106 787
78 529 570
20 332 182
87 170 587
27 82 656
55 526 265
16 299 778
60 259 190
87 188 707
10 234 339
73 400 555
71 7 494
87 13 701
45 408 592
82 552 348
20 521 176
22 558 66
35 488 664
33 444 174
0 189 339
71 114 176
62 494 792
27 323 803
53 28 784
66 43 307
69 44 824
14 254 843
83 148 339
54 368 290
8 555 298
31 109 346
23 393 659
67 469 512
4 232 778
96 100 420
97 407 846
24 334 881
70 433 655
8 189 739
28 507 432
74 155 65
16 594 805
95 292 816
18 242 801
11 130 530
11 226 880
12 339 472
2 516 340
18 451 44
45 79 243
1 126 196
47 82 764
27 8 710
15 130 344
39 556 652
87 548 256
90 128 578
11 146 798
90 341 503
57 143 698
76 158 592
40 284 189
25 426 729
69 337 200
3 534 770
7 271 297
77 175 369
10 503 321
87 418 542
84 88 721
20 246 310
84 518 376
42 63 652
0 117 728
84 429 156
33 199 306
46 376 313
53 495 730
40 596 555
75 69 865
2 300 690
43 468 359
36 86 119
67 510 127
26 323 765
19 178 818
80 269 209
65 566 245
48 369 805
4 353 133
37 450 498
86 136 448
37 454 73
66 489 140
69 84 562
55 235 213
80 316 396
52 155 805
11 76 130
20 184 140
35 1 805
38 411 106
95 399 387
54 533 401
1 479 489
11 148 332
87 280 370
2 99 655
44 566 507
20 22 223
97 325 129
61 1 495
31 577 623
84 4 740
25 207 859
30 282 229
48 384 431
12 391 762
74 261 527
47 537 415
49 462 324
2 86 747
1 285 538
12 18 781
99 44 453
79 88 564
42 335 32
70 533 546
76 297 362
57 335 146
82 429 768
14 317 851
13 591 121
69 258 334
9 516 17
47 86 306
90 91 259
99 202 309
17 296 24
83 379 215
65 209 611
40 492 637
64 188 381
22 565 571
32 187 258
88 185 429
89 205 795
34 447 56
85 456 192
18 418 304
27 135 683
50 359 290
77 323 140
60 313 433
51 479 380
17 579 479
49 151 315
49 302 244
82 279 607
34 280 517
53 247 299
14 150 111
64 442 735
58 44 226
49 436 735
26 367 666
0 459 482
51 470 403
55 515 459
44 508 864
48 552 145
24 372 799
45 389 851
71 472 259
67 488 755
64 339 267
31 47 239
93 255 222
74 530 532
76 554 440
88 428 883
95 549 357
70 391 97
14 240 720
57 119 723
22 373 704
33 508 710
26 245 603
6 362 2
27 509 274
32 574 879
3 64 68
52 545 12
61 389 786
86 113 359
23 65 604
92 116 75
7 221 160
14 130 762
19 369 455
99 463 586
73 594 496
20 414 831
83 399 426
40 561 137
53 201 447
69 372 141
77 583 524
44 550 575
55 37 308
61 452 285
16 353 892
51 437 605
26 114 314
16 75 483
80 411 845
61 420 97
68 485 430
44 260 806
35 238 165
51 248 521
66 303 294
68 498 798
16 86 756
25 140 252
96 110 415
94 74 587
15 514 588
89 118 617
56 315 551
17 586 520
46 490 846
61 51 728
9 392 295
40 246 792
52 338 846
41 131 751
76 480 771
56 437 174
10 446 503
34 156 569
74 583 688
40 299 552
95 61 113
67 446 687
98 339 168
47 576 878
52 61 186
96 520 881
30 569 406
32 327 509
67 45 551
48 473 862
98 254 541
71 27 223
79 470 621
69 215 224
37 489 305
56 293 638
59 530 469
3 262 759
26 397 124
94 206 884
80 211 836
43 435 301
86 484 737
16 150 80
15 374 258
52 371 158
48 479 502
46 577 450
44 468 103
87 497 788
81 440 148
86 68 715
84 56 344
91 296 47
46 49 130
22 133 332
87 132 815
9 113 830
50 155 846
74 14 229
50 321 426
38 262 787
41 593 767
41 469 121
42 262 659
90 336 788
37 157 486
98 380 48
76 283 497
23 530 391
33 231 594
98 171 778
5 360 683
67 566 771
33 13 217
64 150 655
73 503 819
50 283 744
40 462 786
41 102 157
57 585 229
77 308 530
60 403 224
74 465 192
72 371 610
6 154 671
19 352 501
79 46 426
79 45 16
12 573 764
99 448 753
60 76 325
12 203 135
10 464 67
100 241 261
81 245 20
89 0 246
76 489 895
52 207 664
29 246 438
41 353 300
46 167 112
32 315 636
98 314 219
72 469 859
54 77 843
23 532 632
78 65 816
14 56 886
55 405 79
30 123 315
1 343 474
73 250 264
14 372 168
90 29 279
89 290 48
97 318 191
65 170 419
99 315 607
44 497 411
70 490 296
54 300 261
100 486 803
9 313 388
61 300 489
79 370 78
80 453 199
49 200 26
60 594 700
2 374 7
100 455 678
69 468 53
14 408 431
70 178 44
36 175 502
2 359 431
7 260 247
57 355 704
96 127 189
50 258 832
34 362 649
35 452 92
10 315 633
21 473 374
51 570 284
75 240 441
26 164 327
73 534 721
15 265 839
48 529 460
6 419 442
6 283 224
60 164 874
35 308 389
47 272 670
13 448 179
82 421 128
77 219 451
15 327 504
4 432 761
79 537 444
53 417 811
18 97 771
31 144 489
9 567 62
44 555 848
4 400 358
46 50 107
26 400 546
55 169 781
48 323 80
80 131 651
54 542 869
88 82 546
58 590 607
51 479 878
27 260 780
92 84 508
90 465 343
77 453 861
33 193 804
6 212 479
14 479 815
67 193 300
17 102 676
96 226 585
44 357 623
72 487 94
43 178 602
81 31 102
18 56 97
51 582 28
18 407 855
32 406 594
54 184 764
86 72 440
86 501 398
90 426 295
46 305 392
64 417 40
74 485 777
44 512 544
57 209 391
26 48 64
70 316 535
74 22 811
70 580 291
25 3 206
91 143 830
27 67 183
57 263 636
7 119 724
6 557 745
57 358 582
48 511 313
19 303 10
92 345 90
1 5 49
89 476 220
90 15 30
50 131 845
37 75 863
61 544 599
18 275 373
14 457 713
44 171 158
7 189 36
19 332 642
58 107 266
38 181 324
0 100 70
50 473 69
54 524 849
53 126 449
17 560 714
58 15 593
22 496 621
55 388 435
45 497 455
5 204 678
45 547 634
5 245 372
16 549 280
26 146 354
24 25 22
8 236 138
1 306 553
46 463 490
52 268 104
24 537 564
70 318 869
21 470 48
74 436 855
78 479 65
5 287 850
12 565 592
78 161 806
49 73 600
20 55 355
5 223 180
39 170 607
63 348 475
96 590 72
54 557 463
47 464 478
88 320 257
16 232 704
1 521 609
17 459 629
65 139 239
13 254 644
10 319 603
1 544 184
37 41 418
89 507 248
99 404 515
21 459 894
35 59 898
23 276 817
56 195 842
70 540 488
90 200 789
86 94 233
32 538 71
44 551 158
97 385 320
84 552 836
28 435 114
42 484 567
8 224 776
18 214 613
81 433 544
39 164 8
92 170 597
25 68 546
97 106 524
33 235 849
94 153 211
83 565 732
40 147 407
56 140 858
59 124 867
91 284 23
42 236 644
21 344 725
39 106 286
55 113 616
99 119 861
86 381 290
12 406 466
94 345 649
1 133 213
60 200 494
53 78 749
11 281 79
47 204 372
57 301 675
43 156 796
87 536 78
10 222 362
83 507 498
94 398 369
37 474 391
18 201 389
86 218 267
10 534 189
60 144 616
9 587 807
25 360 267
29 340 706
8 326 186
72 360 351
68 492 77
29 527 590
44 31 77
44 405 681
26 12 90
30 572 455
82 154 694
30 383 88
93 196 672
42 170 118
54 417 178
18 246 342
12 424 821
24 339 342
54 323 269
7 367 135
70 356 374
51 432 576
62 304 60
19 348 330
87 70 613
74 156 288
87 483 487
19 183 104
10 438 346
76 67 813
36 137 598
15 110 392
27 68 519
99 577 28
100 318 336
45 520 58
23 120 489
40 322 46
57 533 769
81 122 54
57 206 837
25 336 507
26 532 713
100 221 302
87 201 78
33 298 398
86 464 232
12 102 281
58 526 291
74 174 675
54 552 422
30 557 826
39 471 39
84 191 326
55 247 613
43 134 750
42 155 572
94 455 303
71 236 337
61 139 478
95 518 297
52 74 725
99 116 812
60 128 687
45 87 510
11 360 837
46 198 572
96 489 367
51 127 219
40 43 382
28 185 783
52 544 27
61 151 712
98 408 139
42 404 382
77 429 30
78 147 752
67 547 484
34 55 814
89 364 412
84 375 737
32 52 26
48 328 188
80 261 602
26 302 740
39 547 827
92 210 378
97 530 842
50 475 250
89 354 99
93 554 549
20 78 442
33 327 878
63 160 805
74 480 8
84 395 741
4 334 693
70 223 575
61 210 553
18 72 869
22 68 373
86 202 191
21 28 867
65 0 342
58 131 857
72 516 397
64 292 221
89 245 484
49 163 744
71 137 59
85 428 756
18 516 135
18 313 772
78 106 89
23 184 874
44 28 73
11 437 870
92 380 596
77 503 533
94 119 661
69 75 723
75 247 216
61 299 753
80 515 712
25 271 644
75 437 99
59 60 893
6 416 582
2 214 646
64 5 503
93 295 98
60 463 338
92 463 204
27 74 330
89 88 625
66 478 849
23 383 375
43 101 351
64 315 468
67 380 46
27 432 218
42 124 469
2 413 71
90 8 894
7 457 24
21 445 403
87 421 782
27 374 368
21 402 622
73 310 520
86 465 635
54 486 21
61 305 68
94 452 472
98 345 668
94 40 531
71 494 696
99 402 407
39 250 653
27 364 556
29 245 122
87 361 1
30 233 873
7 80 493
60 289 625
54 416 249
71 374 813
56 405 83
30 209 161
55 189 541
55 17 91
45 173 338
97 499 314
51 455 311
33 593 90
80 131 33
65 404 771
70 254 401
51 591 118
18 382 667
8 279 392
8 485 574
51 238 559
62 343 79
80 63 614
7 256 542
91 368 535
55 232 635
61 198 738
24 592 494
75 127 206
88 499 278
40 209 474
27 401 888
66 505 604
27 521 879
42 593 893
98 541 472
2 484 455
48 274 366
54 361 225
31 447 649
55 555 45
50 558 612
19 78 426
46 362 850
28 410 441
46 539 117
6 362 32
97 111 47
16 333 107
42 38 863
36 211 639
5 553 238
10 293 105
93 447 854
26 460 19
93 385 710
63 165 578
15 246 405
80 413 390
36 438 729
97 60 277
64 97 39
28 386 312
63 371 852
48 356 65
44 297 451
92 135 629
4 573 693
29 107 8
1 509 789
87 103 812
89 4 459
2 570 254
65 26 125
47 0 594
26 555 866
47 227 410
33 190 608
72 394 737
10 475 369
33 488 734
60 183 641
41 554 611
3 174 390
28 150 657
24 454 566
76 290 467
65 350 38
78 238 716
55 147 579
12 128 97
79 91 192
91 244 754
8 518 878
10 515 86
37 177 154
1 275 713
39 169 430
30 394 304
11 326 484
50 37 546
100 561 725
90 282 774
78 264 564
52 310 258
66 292 271
79 259 76
37 465 145
24 246 141
96 543 892
49 406 367
5 435 102
65 543 608
74 273 680
82 185 700
79 525 369
74 272 849
73 263 56
40 219 633
70 476 653
59 341 699
77 96 74
82 124 458
51 370 856
66 55 643
60 2 269
0 138 426
21 436 178
45 272 165
49 148 470
16 102 693
73 418 493
44 153 172
66 76 813
18 226 822
35 525 267
74 126 828
32 417 726
7 508 491
31 112 224
92 544 728
19 549 881
38 217 709
13 416 877
88 532 666
42 535 175
27 162 398
59 136 542
82 128 508
10 222 558
19 186 451
15 466 321
21 81 557
72 398 144
17 466 387
78 439 95
83 445 836
39 284 252
23 112 529
1 226 316
51 40 378
11 332 75
95 309 297
17 260 38
28 529 404
3 176 276
3 15 521
45 255 685
48 5 349
8 262 35
21 557 823
98 278 181
54 138 631
74 360 714
37 12 560
47 247 102
29 532 549
68 303 704
49 53 836
52 285 809
65 169 786
39 465 603
7 355 573
14 61 0
87 35 507
55 550 634
82 207 177
83 315 171
96 9 516
95 505 485
62 283 314
43 73 165
48 424 761
6 485 380
81 564 459
88 424 549
47 159 456
78 373 604
19 280 762
25 296 402
52 270 589
35 498 443
89 304 790
83 254 290
0 192 726
35 300 775
88 364 130
80 252 878
44 281 360
50 428 294
15 15 559
21 88 653
10 286 338
31 445 160
27 494 214
39 189 504
84 41 108
88 512 2
20 396 880
62 390 871
95 502 742
27 581 896
81 308 68
83 578 76
87 23 415
11 284 204
73 568 695
19 479 428
58 332 239
0 323 523
65 393 17
41 224 268
11 4 308
85 51 600
19 300 706
56 22 620
92 512 263
88 281 89
70 423 750
10 297 292
30 15 482
54 289 275
97 363 490
91 150 697
16 547 836
60 539 883
49 510 14
88 5 626
88 245 665
70 146 21
49 429 897
18 7 526
60 6 315
76 302 189
51 505 788
91 582 727
78 478 310
18 386 152
24 16 305
24 113 405
87 61 236
18 345 308
92 561 151
50 592 771
60 357 740
15 197 423
16 102 845
12 465 276
16 60 501
31 586 715
77 595 386
41 518 3
50 101 49
99 461 339
58 332 214
45 514 572
39 408 407
51 313 596
48 493 419
52 349 413
41 182 262
16 509 583
19 322 612
13 447 344
86 133 544
91 300 597
80 70 76
8 198 674
72 329 514
85 470 687
28 325 692
26 296 632
24 571 825
35 482 181
58 390 897
23 328 304
41 159 563
18 504 41
59 32 360
67 508 368
44 263 278
0 453 439
81 182 596
75 138 854
73 62 656
52 570 293
80 446 37
49 386 484
86 19 99
35 436 134
17 357 599
52 583 39
25 486 117
61 464 865
30 115 374
5 495 9
59 484 335
70 548 435
18 579 230
2 355 765
36 61 574
87 505 427
36 440 665
16 99 779
92 112 653
14 338 137
27 509 308
34 154 345
15 42 343
6 13 570
57 252 95
81 307 570
60 328 354
6 516 696
37 335 161
87 405 349
62 293 153
15 282 289
34 378 682
38 210 139
97 242 41
14 263 85
76 98 187
1 411 2
46 531 366
32 46 843
85 538 876
94 319 759
37 130 401
37 352 317
42 446 750
77 255 726
90 335 265
67 297 131
73 48 175
36 211 313
43 546 862
24 550 341
19 161 172
75 523 798
40 439 886
61 320 636
49 10 636
100 421 146
15 180 543
56 353 47
57 329 596
95 75 809
78 172 318
64 162 612
64 119 581
30 59 266
40 509 632
79 273 273
56 259 714
8 513 538
99 580 588
33 474 596
55 246 426
62 282 574
69 348 173
69 241 586
69 486 295
5 14 863
22 577 94
52 239 387
13 245 586
50 38 292
94 433 694
96 82 157
32 489 153
11 92 373
67 592 420
64 345 379
29 448 100
19 99 91
96 237 613
22 126 244
80 563 403
32 585 78
96 441 380
24 196 239
76 25 300
27 521 636
34 550 206
39 478 682
90 413 628
72 193 578
97 591 120
30 89 123
64 445 4
90 39 288
37 8 26
29 185 602
2 397 177
81 77 232
26 374 331
0 537 759
31 53 624
69 476 542
31 403 196
90 218 54
53 422 706
57 370 516
35 496 196
82 91 482
25 218 55
25 402 307
47 433 174
71 41 580
52 161 827
36 242 203
45 234 373
55 249 277
92 227 523
31 441 553
84 210 801
3 537 355
49 346 847
8 221 823
68 212 498
94 259 128
62 342 213
36 217 259
88 68 797
33 465 156
37 112 448
97 373 431
52 84 140
2 334 143
58 255 771
90 31 633
34 368 178
72 162 828
21 451 429
45 569 415
71 240 275
32 396 68
5 459 590
68 432 290
60 93 134
58 394 509
37 131 128
55 147 833
15 250 55
48 255 676
72 580 145
39 18 745
51 100 833
80 229 348
30 263 331
97 136 399
50 17 176
29 408 178
5 51 503
65 299 80
88 26 109
20 272 672
33 113 415
85 522 202
90 575 777
56 414 571
56 589 588
39 126 587
35 571 565
83 375 563
22 67 692
56 584 577
61 167 609
94 567 875
61 421 719
80 394 206
25 448 185
73 166 415
48 563 138
2 28 213
11 245 125
3 298 231
79 161 228
20 508 171
38 193 240
62 60 96
29 105 680
23 306 642
56 356 462
42 64 607
20 34 810
31 154 821
95 532 103
4 175 164
74 92 860
7 355 12
13 561 529
68 259 517
94 499 383
86 334 787
94 392 853
98 136 841
39 24 447
100 152 45
29 193 680
2 127 114
7 345 352
47 393 572
29 391 454
26 127 546
61 221 533
45 214 301
33 154 256
41 151 722
0 407 614
97 241 319
59 479 53
22 233 237
35 244 638
18 548 465
97 198 695
17 193 752
6 396 319
21 173 342
37 502 98
97 591 814
46 448 296
3 510 816
16 467 469
5 594 865
67 121 292
12 405 260
76 525 444
32 536 723
30 234 66
47 120 70
30 227 639
57 558 827
55 57 502
81 264 59
45 179 418
16 286 251
23 132 833
28 284 822
18 288 355
38 258 661
35 159 158
81 282 751
31 265 731
69 216 721
6 140 542
81 447 692
80 92 281
36 232 786
21 229 523
83 162 609
28 209 370
1 557 276
43 412 702
70 14 443
48 292 510
33 266 455
75 187 396
29 403 483
14 200 461
66 11 468
60 349 256
63 92 324
67 206 866
83 557 70
81 201 409
55 397 659
18 559 808
78 367 599
92 57 521
79 116 739
73 127 290
37 173 743
79 84 2
54 384 892
95 256 583
80 250 610
97 272 238
65 51 698
47 135 451
44 315 659
73 175 86
49 169 350
42 422 445
12 228 518
81 565 527
91 110 831
68 35 684
35 596 685
82 188 742
48 556 141
19 234 603
18 224 713
98 341 80
83 481 299
19 316 648
8 360 135
23 416 572
16 88 521
97 307 516
38 383 199
0 82 576
74 427 412
21 162 31
47 97 453
38 358 384
90 322 671
46 185 830
36 238 21
98 574 82
43 143 827
78 399 75
76 562 324
93 181 471
80 174 678
78 278 418
10 466 150
69 113 891
100 153 155
4 433 410
46 218 823
26 416 157
18 56 630
49 456 736
76 233 576
33 111 372
99 219 257
70 502 753
40 596 539
3 126 248
54 31 717
56 169 12
51 480 741
18 197 824
74 52 884
85 33 9
6 290 196
22 464 664
11 500 653
53 473 759
52 114 88
24 164 329
65 46 717
59 384 882
3 189 182
94 387 277
93 75 166
42 374 761
79 280 681
23 323 574
83 81 330
54 392 0
4 309 591
2 154 95
49 355 251
10 58 755
85 178 459
21 129 733
34 346 169
71 420 159
11 123 190
27 257 796
42 426 247
48 54 779
81 302 813
60 385 757
55 390 806
69 497 252
46 544 136
86 504 567
50 14 482
47 9 173
9 61 565
48 41 255
66 184 290
88 208 544
31 192 449
30 399 250
51 324 328
3 239 597
60 4 725
11 92 294
86 567 128
29 66 547
10 375 851
35 189 251
40 261 859
34 249 442
90 332 567
6 408 158
79 375 535
48 412 340
69 575 238
56 369 432
23 371 343
23 264 193
82 311 501
20 239 289
7 340 41
13 295 544
52 509 16
95 474 821
53 101 578
95 460 389
77 309 12
42 498 19
93 362 233
55 115 454
7 257 792
8 24 569
61 303 635
93 428 826
27 68 281
89 521 438
39 432 849
46 142 115
49 570 125
49 309 199
14 489 818
71 377 872
31 120 261
18 584 72
24 461 178
25 180 137
20 494 136
2 547 621
81 38 161
88 438 746
30 385 10
36 211 220
9 107 28
74 472 389
76 19 55
25 509 89
11 282 683
65 361 526
8 313 495
74 449 682
97 255 535
62 230 407
94 379 388
54 527 627
92 462 425
57 585 120
52 82 60
91 167 498
73 337 727
58 422 379
43 496 504
31 242 303
6 219 611
81 565 281
8 170 700
41 146 499
91 500 736
56 516 459
20 75 497
89 564 746
47 416 767
100 134 664
94 512 704
13 564 255
30 454 718
28 380 313
72 301 145
53 367 160
29 5 667
77 321 389
68 558 815
77 477 631
30 204 365
76 519 831
54 326 832
31 406 748
92 497 309
23 516 22
35 559 266
87 283 737
67 566 529
58 245 420
54 413 848
69 535 379
7 428 226
54 466 388
100 472 10
85 547 55
87 243 169
96 70 511
8 341 639
13 142 382
2 55 206
23 178 316
22 94 457
74 219 719
79 140 877
86 407 347
89 143 44
28 61 205
79 244 50
77 359 768
48 359 71
11 262 220
55 186 384
56 428 727
30 318 736
77 67 156
77 460 524
99 243 733
81 593 337
3 59 0
41 484 896
64 93 377
87 276 655
56 596 203
11 566 376
18 381 467
79 172 91
24 101 194
82 523 161
77 448 561
83 291 50
41 536 201
71 568 273
74 396 43
2 389 245
87 249 433
90 237 576
43 420 412
65 169 860
24 128 695
87 453 32
33 453 435
47 486 741
62 294 367
59 299 628
21 253 306
59 63 331
32 486 637
5 366 129
81 55 567
51 10 711
92 356 574
59 487 646
87 139 152
48 552 361
46 508 650
92 568 156
17 274 495
36 6 701
76 85 292
76 15 308
30 584 535
25 479 191
93 570 504
69 58 454
51 144 690
76 495 653
57 380 247
33 192 484
23 394 298
65 265 477
45 362 109
83 462 24
23 82 528
37 434 49
21 224 750
65 486 465
94 379 112
97 563 858
58 451 853
1 267 395
3 479 847
44 406 241
77 123 29
97 143 147
76 167 624
82 158 695
91 176 203
7 1 226
47 430 444
55 423 791
77 359 841
62 406 82
100 70 66
43 276 570
13 106 639
80 156 253
24 97 220
47 56 892
47 338 579
95 340 72
79 43 234
5 357 736
37 198 744
5 572 50
41 595 337
17 248 629
56 327 424
95 398 300
24 100 55
25 75 308
59 69 820
77 165 185
83 465 243
82 365 636
12 38 579
92 218 171
14 437 206
77 502 686
18 583 779
19 169 869
99 53 552
18 471 744
67 345 872
0 417 395
1 563 306
58 462 369
33 4 697
28 504 765
100 113 538
71 324 466
69 127 774
32 475 867
92 329 129
7 347 671
57 222 404
29 60 554
48 398 136
94 105 529
15 389 202
84 376 204
46 397 599
41 25 729
13 14 277
34 355 428
67 466 77
81 175 29
61 269 305
1 135 321
93 35 536
16 208 83
40 116 799
23 149 389
16 69 412
56 238 80
18 232 885
42 222 669
41 88 221
48 531 702
56 335 862
58 314 557
13 378 724
58 146 454
15 521 888
57 450 796
72 253 427
20 137 203
16 300 185
45 527 471
25 272 779
67 108 645
62 314 119
81 576 565
46 481 881
10 234 394
64 573 283
24 87 407
38 277 563
76 328 453
51 496 619
26 123 47
72 223 668
62 165 869
81 589 519
95 218 547
27 262 176
10 301 891
24 250 280
51 515 675
39 250 796
73 353 364
62 49 55
48 122 343
39 329 774
37 99 863
63 312 345
32 339 166
25 237 201
99 573 243
44 229 439
94 147 611
23 337 579
31 576 797
86 146 189
19 582 577
89 596 579
50 140 640
10 39 702
8 177 351
85 95 694
56 47 813
33 146 441
20 508 310
71 456 442
89 327 799
20 403 265
60 288 561
84 52 32
7 359 134
57 268 718
43 96 447
80 417 695
33 355 472
8 95 765
18 104 653
62 14 477
80 250 324
60 589 160
50 440 207
96 356 626
0 553 739
11 440 572
63 421 54
69 400 297
34 390 866
47 31 304
14 490 283
45 531 767
72 2 384
28 535 280
46 508 471
15 182 803
83 483 894
65 87 155
86 581 639
97 305 596
60 505 867
58 124 635
65 504 446
45 191 533
35 26 720
36 577 814
48 327 414
88 56 561
31 83 311
16 135 800
39 155 548
84 131 281
49 470 308
85 438 656
82 35 551
58 323 620
46 86 147
33 208 31
92 133 276
26 370 808
51 291 177
41 19 387
41 423 709
54 341 322
68 128 707
79 227 391
51 130 60
57 451 109
35 279 168
9 233 334
56 271 519
32 100 226
55 494 811
45 575 277
65 411 645
37 520 743
9 44 867
89 427 801
1 443 478
1 313 116
64 149 448
85 306 725
23 538 646
1 319 709
13 300 483
99 98 406
100 315 574
58 474 259
74 390 270
27 35 665
34 46 76
79 410 93
38 420 864
15 514 322
28 451 405
34 401 25
61 588 295
92 395 721
95 436 853
89 69 212
55 199 327
67 347 585
21 177 40
7 381 763
54 555 126
54 343 665
40 483 16
41 559 196
40 251 468
80 460 419
41 563 313
11 522 690
61 160 286
62 537 753
64 540 577
23 157 583
68 85 626
58 254 527
77 203 581
82 507 16
81 584 790
50 319 169
64 346 316
14 152 496
21 525 896
24 135 790
35 324 559
56 307 391
55 402 867
8 254 849
90 162 33
56 423 296
77 497 649
83 313 519
50 69 18
70 131 182
32 57 395
18 242 881
47 391 637
15 379 545
21 520 793
0 538 180
86 168 291
42 467 870
63 251 449
56 183 482
92 433 270
93 44 427
26 201 486
53 61 386
13 114 333
46 497 391
16 111 292
34 211 181
68 356 482
82 428 782
81 300 644
59 313 210
3 543 536
4 596 147
63 568 594
43 204 235
62 373 886
7 477 446
53 385 529
36 187 641
21 191 443
25 337 76
5 384 183
21 248 589
19 342 770
17 404 189
5 130 499
70 19 522
55 543 108
77 135 652
65 584 44
93 30 284
6 396 415
82 259 494
11 169 486
42 346 117
53 131 873
71 19 487
66 19 177
77 432 789
77 286 358
94 387 405
57 15 427
7 88 631
19 413 21
16 264 15
45 64 332
17 182 189
92 474 520
62 444 665
0 531 21
32 72 511
68 175 537
3 134 594
72 283 275
21 418 893
97 293 418
28 539 376
88 184 137
37 373 146
41 171 521
74 86 521
75 570 286
27 99 534
46 480 674
97 591 98
62 287 203
37 543 315
25 338 758
3 411 41
8 591 422
25 248 343
37 306 483
62 529 11
13 195 298
33 27 52
0 188 109
19 460 552
46 139 632
37 565 783
5 563 860
83 303 87
32 418 247
8 401 193
89 562 42
63 298 101
6 480 492
54 338 59
5 424 737
82 110 301
12 232 504
82 539 454
38 397 824
61 202 776
31 374 6
100 31 190
65 118 406
35 123 838
0 98 143
51 350 23
48 575 392
17 90 539
5 134 876
49 249 37
76 501 78
37 146 198
37 278 404
82 501 416
81 390 372
13 485 127
63 176 435
69 176 404
18 67 803
0 177 418
65 297 495
75 517 150
70 315 608
53 153 76
71 166 732
67 467 22
53 34 811
59 14 703
52 457 692
51 594 489
53 1 394
71 245 592
67 472 54
19 350 806
45 225 767
42 443 643
84 473 604
88 95 201
14 313 574
53 127 510
57 33 500
35 320 705
0 497 778
71 120 527
45 163 379
62 491 417
88 371 127
68 389 410
37 5 711
14 370 380
70 180 638
91 156 126
96 223 365
91 378 224
0 509 206
76 321 93
71 151 619
60 248 283
57 512 743
45 416 64
13 473 817
99 411 741
4 126 613
59 103 695
29 164 722
30 275 106
1 108 506
56 13 712
7 558 148
51 158 99
2 32 766
79 167 704
17 245 633
18 402 666
96 80 113
79 203 598
30 330 739
51 24 289
1 492 538
14 390 98
9 366 181
5 519 646
90 594 353
28 137 691
14 288 98
18 141 426
21 52 373
24 411 538
32 8 722
15 206 288
10 256 37
49 497 72
8 100 661
1 415 497
17 431 209
11 587 97
74 367 613
32 222 438
91 561 307
39 390 20
24 166 485
85 259 860
53 423 386
11 574 803
77 54 87
42 120 238
99 255 380
96 308 152
99 185 305
69 114 797
80 193 146
20 98 547
80 237 895
29 369 827
92 462 861
78 335 749
41 390 445
22 369 616
61 560 55
69 276 507
8 491 740
86 135 664
92 63 321
34 287 71
6 5 261
7 588 381
68 57 180
13 144 176
73 406 211
12 273 575
85 269 131
9 464 440
57 488 298
86 172 747
43 85 590
92 358 668
65 47 379
31 289 285
98 548 441
35 493 200
83 447 717
69 333 2
96 335 202
92 513 733
73 122 446
37 73 687
14 153 43
35 129 222
92 34 110
83 580 383
13 305 495
33 348 257
91 396 571
62 207 798
86 147 850
55 106 10
62 553 142
22 161 473
85 274 536
92 379 331
16 393 272
30 126 758
31 38 438
100 434 604
68 301 169
10 535 390
100 321 125
50 66 688
20 452 875
49 319 161
20 272 731
93 115 411
47 183 877
74 334 96
81 27 769
1 576 889
28 99 453
16 216 684
18 246 511
13 105 246
3 440 129
62 526 109
54 168 700
41 355 615
69 529 258
31 184 15
47 587 322
31 144 838
32 138 796
5 562 674
76 151 870
33 434 668
25 388 872
93 562 343
62 214 81
31 277 511
38 542 78
21 81 514
76 324 762
7 288 179
38 247 534
82 586 646
95 541 756
62 429 583
80 538 366
87 78 290
4 3 823
50 482 810
3 378 343
99 107 211
68 77 128
46 200 569
72 31 755
44 141 168
50 348 297
16 566 439
9 291 651
25 389 14
17 356 445
21 124 291
37 40 145
12 475 555
62 24 695
