42 49 320
11 41 41
87 7 2
22 27 27
87 33 44
79 19 8
0 38 4
57 25 6
86 9 2
97 6 40
15 24 16
79 11 25
57 20 28
5 16 8
91 15 38
48 41 13
82 18 13
90 27 22
36 5 45
91 1 12
2 14 38
60 38 34
52 11 9
6 40 20
20 14 13
11 18 9
16 37 30
28 3 34
50 21 20
21 30 42
94 35 31
45 27 5
30 38 30
86 37 47
31 22 24
96 8 21
57 19 6
77 13 2
87 25 19
15 20 15
33 34 43
11 5 41
79 23 41
14 7 24
69 1 17
84 9 48
95 24 48
84 10 22
1 16 44
45 7 32
87 10 4
32 38 3
55 0 45
76 24 25
39 37 25
4 24 36
39 12 2
8 20 11
26 35 45
38 25 38
16 18 11
35 31 23
20 35 42
64 28 32
6 15 14
54 24 8
82 6 12
80 40 12
18 32 16
18 38 1
14 9 10
94 18 5
80 29 16
86 34 15
91 8 25
54 0 6
99 6 20
87 29 10
19 4 25
98 33 45
1 16 33
55 28 16
34 2 31
65 1 28
25 39 17
75 22 37
97 19 24
49 31 38
23 25 7
47 11 32
66 17 30
39 37 19
5 9 9
84 31 36
47 0 31
26 24 9
95 30 46
36 2 45
27 41 17
72 18 15
64 31 28
11 12 6
17 18 37
57 25 32
39 31 7
42 11 16
32 41 27
77 3 24
79 23 20
17 29 39
14 38 5
38 7 41
56 30 33
99 31 48
2 37 41
94 30 30
92 10 30
49 25 26
29 18 45
89 27 4
99 23 46
74 23 39
31 14 44
3 25 22
23 34 41
56 12 40
30 37 29
5 25 3
90 17 38
26 21 1
12 26 31
97 18 14
97 4 10
86 4 38
23 41 1
2 40 7
33 8 37
37 35 21
34 25 18
60 8 35
96 2 2
48 9 33
71 35 25
96 40 21
4 0 34
95 15 6
1 11 42
78 28 23
68 34 46
47 33 0
83 38 29
62 23 19
88 27 26
78 38 21
50 30 27
56 23 16
94 7 44
54 39 47
99 38 7
0 34 0
10 26 8
13 36 43
93 27 18
24 5 8
44 39 23
42 26 36
38 33 27
79 19 37
93 33 20
86 10 7
20 39 26
60 6 33
31 20 23
31 22 5
72 40 48
98 0 28
77 7 0
34 21 42
63 27 36
65 1 31
13 21 45
12 4 40
80 14 19
6 19 14
13 27 32
40 17 15
98 0 43
14 35 22
50 19 3
31 7 46
92 25 39
29 40 22
78 10 20
23 33 9
3 38 46
42 27 16
18 37 28
97 22 36
100 20 21
8 25 44
41 3 15
30 22 44
16 15 16
48 39 32
99 11 47
62 34 21
36 36 40
98 35 20
96 22 4
80 21 3
14 19 0
72 14 1
62 3 2
16 0 2
25 12 4
81 28 9
43 23 35
5 35 5
71 41 46
79 0 39
25 39 27
14 38 23
93 3 39
93 3 4
24 4 1
68 36 31
63 32 0
59 19 23
93 12 15
76 2 7
25 34 23
60 22 14
21 11 46
19 38 17
83 16 40
9 8 29
56 10 27
38 8 14
5 31 43
71 1 43
99 37 22
81 30 41
35 1 5
46 35 14
73 4 0
41 3 17
68 13 43
95 9 44
81 35 30
6 32 5
65 1 3
92 0 3
8 33 4
58 12 30
76 10 46
24 28 7
39 18 17
86 12 0
27 36 13
48 29 9
1 39 20
78 41 4
74 37 4
9 25 35
9 39 48
58 12 42
66 33 6
7 20 10
13 37 46
72 16 10
46 6 6
86 11 5
95 9 35
59 23 7
60 13 15
11 24 37
25 24 40
20 17 27
91 4 22
46 35 23
92 10 6
85 40 13
30 36 7
81 18 2
23 8 28
5 8 5
48 27 43
55 40 34
62 10 43
48 36 24
19 24 12
55 37 18
34 6 14
97 34 32
82 12 7
54 39 36
59 6 2
69 9 31
45 8 40
72 18 24
89 11 28
50 7 27
1 26 37
8 16 42
93 12 11
51 23 30
52 7 19
63 18 19
52 35 7
33 20 33
15 5 32
5 18 40
4 7 25
46 19 22
52 15 35
60 33 35
4 18 42
74 20 27
38 26 32
86 33 36
1 3 14
