162 248 3684
26 147 37
14 147 55
87 76 77
18 68 97
43 89 119
76 151 43
38 128 141
19 97 187
29 16 231
29 88 60
21 65 209
97 24 146
24 16 49
97 157 52
19 102 50
49 133 125
77 111 47
58 72 215
36 57 37
92 53 162
82 75 169
71 119 91
76 82 133
11 10 215
90 53 60
22 42 108
80 54 197
63 125 152
61 117 129
16 159 181
58 82 79
57 123 114
10 9 244
23 7 174
29 136 202
8 140 132
65 91 95
51 140 79
24 60 0
33 160 189
68 15 147
0 114 236
3 99 219
36 107 220
59 7 242
93 98 93
66 0 63
98 132 154
72 97 122
39 74 200
16 23 5
35 53 64
61 136 12
39 52 222
92 105 204
1 12 99
76 7 6
90 11 76
92 128 196
12 103 178
90 64 49
2 32 180
40 94 47
100 133 164
61 35 181
78 131 63
16 148 175
45 73 202
66 97 150
94 29 22
64 140 47
99 117 125
69 136 24
59 63 20
34 37 227
32 62 130
36 87 82
35 61 49
54 14 198
96 96 169
65 130 74
72 30 81
14 32 60
91 5 99
44 6 117
29 161 76
28 146 151
7 72 204
71 128 172
79 33 95
63 145 127
85 161 92
33 36 243
56 62 62
27 70 2
49 10 3
32 160 35
75 43 174
46 130 224
67 101 6
59 154 148
59 127 77
96 30 241
65 77 100
34 11 230
75 116 181
28 113 150
94 116 81
1 38 76
78 142 33
33 152 189
41 120 111
98 145 156
42 125 208
58 95 79
58 60 66
94 148 192
15 14 203
20 111 49
10 59 130
14 12 15
100 40 45
47 106 140
95 93 143
38 110 235
31 135 74
94 134 156
29 64 190
81 127 0
100 39 1
55 107 97
29 41 22
40 16 136
7 61 213
21 2 65
7 44 73
79 85 133
89 8 128
14 120 66
45 84 66
85 127 190
38 76 0
57 82 172
26 85 186
35 6 146
11 52 206
5 114 88
53 99 37
47 157 160
65 1 170
19 159 40
57 122 76
57 80 28
84 82 69
75 117 66
18 63 240
81 6 246
5 31 124
66 21 189
67 109 148
22 145 15
34 86 247
26 147 163
24 111 31
80 137 58
24 111 195
36 54 129
43 158 221
29 67 216
91 0 137
91 90 32
34 19 165
45 124 95
43 82 134
36 29 181
43 64 127
14 5 153
88 69 106
20 133 101
100 20 38
72 22 91
1 72 65
85 8 20
84 57 119
5 158 10
29 116 41
42 42 54
74 100 120
0 116 28
95 92 125
51 52 13
58 101 178
64 72 66
19 95 185
53 10 139
12 119 115
61 61 26
36 158 59
5 86 90
34 79 129
34 100 10
93 16 64
87 147 241
8 103 231
55 23 80
72 151 184
78 129 238
50 123 26
94 118 66
11 121 139
33 113 46
5 108 108
46 22 87
84 138 204
82 127 192
62 39 218
13 74 72
68 55 66
0 106 123
60 30 168
74 87 23
1 24 184
26 35 120
14 72 18
75 118 178
58 135 111
68 10 100
30 94 149
45 131 156
0 116 147
41 67 74
27 95 99
29 12 226
35 15 40
14 141 142
52 127 31
28 36 227
61 4 101
18 89 152
12 23 15
28 145 209
27 107 22
40 29 127
36 151 67
95 13 84
58 144 36
54 107 215
48 61 161
17 110 119
31 44 100
4 59 220
95 94 142
44 82 90
14 58 50
5 70 181
4 109 84
15 54 192
81 32 85
36 121 122
35 150 219
0 105 152
81 145 179
29 50 36
63 25 169
40 142 61
12 53 157
87 158 99
48 156 109
72 5 133
79 112 195
47 82 127
38 95 108
48 97 217
41 17 55
77 34 223
2 153 212
6 25 68
55 115 30
66 44 180
21 78 219
43 64 67
45 107 104
74 149 11
49 13 6
56 9 64
69 69 189
86 142 112
43 77 75
31 133 56
19 73 137
88 135 205
91 102 167
34 150 5
37 119 5
57 32 37
41 95 137
36 28 76
57 17 94
55 44 208
88 148 146
1 106 233
18 27 41
22 53 211
13 150 119
77 17 81
28 63 12
7 132 85
44 62 116
2 47 207
52 151 230
99 139 101
29 65 190
27 91 84
20 30 64
30 63 47
73 51 151
38 116 51
80 113 3
68 91 165
24 7 183
10 157 68
44 100 207
93 30 50
73 125 9
65 150 50
77 138 226
100 151 27
100 119 79
39 9 100
31 125 112
15 139 7
100 8 200
80 21 201
97 84 54
100 68 98
59 119 245
53 77 105
31 23 186
96 58 240
2 85 144
12 58 201
91 90 129
66 130 56
9 4 163
98 161 213
79 38 221
6 14 101
30 106 119
97 19 1
3 127 123
92 137 40
88 46 93
2 139 74
57 110 24
2 17 42
43 81 156
35 54 6
10 141 135
99 102 215
24 12 208
34 123 209
90 64 74
77 13 40
46 64 19
92 63 112
41 109 112
48 11 38
88 4 57
92 132 24
23 129 233
50 104 206
78 24 148
37 66 123
3 147 184
69 16 141
59 40 104
82 54 107
49 96 241
73 16 146
56 51 118
100 109 216
44 40 141
56 76 107
36 124 131
79 20 240
18 112 201
73 157 102
38 134 202
20 99 18
86 68 81
69 3 174
85 136 22
31 0 140
57 3 226
80 157 175
66 28 1
87 19 176
67 152 95
25 3 219
87 147 153
90 144 41
81 32 173
97 59 139
66 111 120
59 101 22
92 22 170
94 15 97
91 138 154
30 56 197
27 136 31
76 141 139
84 122 218
28 5 48
10 129 186
13 157 36
23 48 153
32 134 135
0 22 51
5 96 140
56 133 36
57 153 11
45 119 144
76 131 151
27 137 148
54 1 42
57 94 202
75 153 146
80 131 139
75 51 69
35 65 40
22 129 123
40 102 46
9 106 91
5 16 126
12 114 21
74 45 152
51 110 202
16 2 229
55 80 138
86 63 128
25 85 12
22 96 96
64 72 8
40 55 135
87 61 209
62 18 201
10 144 218
88 9 189
50 137 31
98 11 121
71 55 31
41 30 46
45 47 20
35 71 182
92 89 172
77 113 31
41 144 235
58 19 235
2 149 144
86 35 221
40 52 106
67 101 145
66 128 152
2 152 244
77 74 5
22 24 168
15 159 131
78 33 182
89 106 144
68 116 39
38 130 107
95 108 120
79 142 176
37 126 239
91 78 77
68 115 5
44 92 188
84 102 49
21 5 17
14 119 203
8 122 100
13 146 134
90 57 17
67 38 160
0 131 244
90 14 51
78 139 57
77 0 170
6 155 182
13 60 214
44 52 77
44 71 241
10 54 205
74 112 102
17 117 50
5 124 53
93 40 219
93 3 59
19 6 240
49 148 4
7 143 142
52 80 38
42 160 247
58 99 41
60 28 167
43 65 113
12 150 220
91 100 134
63 30 87
94 140 222
86 0 57
28 155 129
18 90 59
81 76 3
83 41 156
69 113 71
29 129 169
76 156 158
14 126 66
45 156 50
51 13 57
81 69 107
8 156 159
48 79 225
44 16 13
77 101 181
11 41 98
43 118 124
19 116 22
33 123 56
31 73 235
71 17 243
32 109 19
43 144 72
8 139 61
16 17 216
45 119 61
63 65 125
38 56 109
65 17 60
42 103 204
88 73 219
74 155 71
88 135 164
31 74 231
90 42 135
82 84 212
85 61 128
43 77 131
29 142 206
57 48 92
53 112 4
36 39 4
91 139 173
69 20 112
11 82 129
40 95 69
28 32 168
82 11 182
16 46 27
25 140 236
37 27 3
13 114 99
88 87 201
35 122 133
81 62 120
60 70 160
67 157 131
50 52 137
74 140 83
61 79 21
97 56 34
1 7 124
37 137 168
51 95 158
62 52 79
43 53 105
13 47 127
16 56 88
36 147 197
7 14 202
67 50 130
100 111 167
39 53 126
4 151 149
1 137 236
20 98 32
20 38 67
25 90 168
3 9 85
51 47 42
97 4 111
42 37 58
11 102 77
98 23 146
17 142 126
63 72 121
8 157 187
7 117 246
8 67 140
41 105 243
68 81 10
48 38 198
92 72 210
77 75 231
31 102 152
91 108 110
96 93 27
63 4 10
25 68 237
83 103 200
60 158 211
70 120 191
96 114 35
28 152 24
34 136 70
56 154 147
91 3 58
85 2 79
31 29 101
14 19 107
31 121 217
53 144 203
32 22 136
13 24 132
66 17 232
85 160 7
11 13 176
25 47 57
25 34 125
27 120 180
64 118 245
62 45 81
15 104 217
2 93 218
54 86 56
99 46 139
90 107 193
48 159 93
86 121 230
84 150 99
72 79 192
21 148 43
40 2 242
27 135 152
81 119 145
60 44 142
3 90 68
33 56 29
23 143 182
39 159 207
17 88 170
98 8 160
77 83 215
0 6 159
22 14 5
98 156 17
96 28 185
17 143 235
84 110 149
80 121 38
8 106 155
27 42 171
69 152 64
28 74 190
33 122 87
88 11 143
0 127 56
37 46 65
90 77 78
87 101 103
74 21 51
78 44 169
53 22 209
50 144 80
25 93 75
34 78 127
93 32 230
12 131 143
18 157 16
39 113 72
57 74 182
23 62 224
50 31 177
54 149 29
76 6 198
22 144 212
43 151 226
14 78 173
71 49 11
81 11 14
43 85 70
67 124 127
3 105 240
9 138 78
68 95 219
56 10 231
59 53 119
52 120 169
30 18 105
30 54 143
97 150 176
60 8 186
24 36 42
95 155 88
6 108 84
91 138 129
16 134 123
83 42 224
57 150 135
18 33 136
25 137 237
70 32 154
89 26 220
99 66 50
30 117 149
3 98 197
36 26 189
35 43 100
84 158 102
24 107 48
70 134 194
92 108 162
4 67 18
11 69 159
40 113 107
25 74 56
58 88 174
39 159 122
5 45 137
56 152 183
46 29 196
42 84 119
24 106 39
82 50 29
7 116 75
48 112 190
25 30 22
38 54 58
83 141 33
46 31 236
78 150 233
52 99 87
11 46 210
52 60 141
33 102 172
8 79 173
13 72 39
91 113 194
60 130 211
53 158 216
65 13 118
100 60 7
82 50 236
74 137 6
92 48 97
68 159 30
80 12 37
5 21 199
47 135 234
21 145 155
63 79 184
56 64 205
78 53 143
54 156 99
30 88 232
6 116 160
55 7 93
24 98 160
15 55 52
31 79 65
24 128 174
6 5 114
71 3 173
9 60 22
45 161 243
25 27 212
35 69 92
51 36 87
33 20 10
51 105 84
35 64 130
41 129 231
93 38 161
36 121 104
39 134 144
68 65 116
91 119 83
76 122 141
6 158 118
53 133 28
48 63 160
71 23 169
89 29 9
23 99 243
75 7 167
73 23 243
59 24 153
70 68 24
46 40 36
49 153 175
51 152 179
50 138 192
72 87 147
50 71 44
78 1 182
27 160 168
48 135 214
23 74 157
27 10 226
63 87 44
74 94 105
51 25 113
65 149 198
47 0 119
51 97 231
24 148 186
33 102 171
68 106 176
41 18 158
48 7 13
3 92 58
53 93 62
80 127 216
79 84 14
7 63 109
37 153 118
7 11 169
67 32 236
15 99 90
79 98 39
52 26 17
61 32 197
43 96 21
69 33 246
36 58 80
78 30 214
75 30 245
36 154 76
7 11 103
94 113 112
73 35 161
15 29 136
94 58 81
18 133 208
37 32 92
56 113 49
13 11 8
1 135 22
54 58 90
17 82 149
11 126 87
58 103 58
48 116 55
39 105 35
27 96 240
44 155 232
83 41 23
50 2 95
79 157 236
71 0 176
14 41 143
33 95 184
22 58 32
82 1 125
25 73 160
46 30 225
34 51 160
24 96 52
70 46 149
80 42 103
84 95 176
27 113 186
7 149 179
54 102 136
9 18 226
34 61 153
27 3 97
29 101 239
30 60 155
54 14 91
79 151 62
1 95 199
58 94 10
42 39 97
73 110 98
79 70 213
11 32 9
63 155 46
24 123 60
33 122 244
73 79 130
2 111 95
72 137 25
9 161 114
82 153 69
27 86 115
33 85 37
37 87 245
45 55 139
90 153 47
68 154 166
95 150 195
13 11 146
19 33 108
45 39 198
59 76 231
97 92 228
60 85 163
70 59 150
70 158 103
40 47 195
0 89 165
45 109 209
61 68 105
81 37 48
75 17 35
68 106 156
4 97 192
6 91 231
38 114 205
58 77 170
70 70 40
92 83 39
90 128 156
61 3 66
98 58 152
11 13 121
17 62 153
80 8 58
78 7 14
63 32 224
7 92 47
50 88 15
85 119 72
36 152 142
29 3 79
38 144 46
73 79 118
32 44 194
33 78 20
2 34 94
46 97 123
30 131 149
87 38 18
91 26 219
14 160 102
53 35 164
91 92 17
17 6 231
90 5 235
2 145 207
2 142 58
45 161 110
76 22 202
53 128 150
37 99 160
38 124 7
9 105 186
67 139 85
49 136 212
76 89 134
57 30 166
39 116 227
87 35 133
46 43 65
66 147 145
71 62 181
62 80 82
55 21 211
58 77 166
4 73 40
67 25 43
25 28 135
56 67 145
39 128 26
30 84 96
95 25 164
0 1 55
89 12 231
95 28 18
60 89 203
15 78 137
3 12 85
68 6 222
77 102 101
18 29 90
3 132 243
5 74 58
87 20 197
74 147 73
34 130 162
41 75 211
93 82 216
29 135 104
73 108 59
5 161 231
81 145 103
33 24 222
27 37 52
67 25 174
69 39 245
14 55 99
6 72 11
92 35 242
86 58 96
77 88 205
66 117 154
79 14 191
68 51 91
89 111 66
22 53 163
27 118 209
38 118 13
69 160 135
44 24 46
59 45 125
93 0 60
44 81 124
97 4 120
69 104 236
100 51 88
53 69 15
68 115 190
75 57 8
22 119 130
67 120 225
89 136 52
45 67 61
88 15 126
12 100 70
87 156 154
90 108 60
98 131 125
2 84 73
56 125 127
32 25 219
44 112 148
79 62 49
13 161 55
57 151 243
23 136 118
28 27 64
15 156 172
94 15 20
44 109 221
86 84 8
89 127 195
90 149 195
30 100 40
92 141 195
71 46 108
94 154 122
4 138 1
51 148 185
88 26 52
18 45 153
62 133 123
35 76 4
37 159 62
16 116 4
50 103 230
20 6 160
26 140 23
81 129 30
26 5 71
1 51 78
8 132 189
8 55 116
50 131 198
44 10 88
95 106 247
17 75 189
50 73 102
100 102 232
6 27 219
87 85 51
56 6 213
50 143 62
63 28 106
91 36 51
90 60 191
48 116 47
93 16 206
81 17 185
57 140 44
62 29 54
52 63 202
99 49 163
85 44 172
57 151 34
40 43 48
60 74 29
62 114 158
49 151 148
10 133 83
58 135 119
17 97 105
21 44 52
94 14 238
74 25 189
74 80 84
35 8 8
74 0 202
32 131 123
64 4 160
51 115 188
99 100 79
91 50 13
70 74 16
28 105 237
4 40 194
79 41 86
56 10 137
44 21 126
49 96 66
11 31 32
23 157 42
83 66 35
31 84 22
50 6 2
99 119 19
48 73 126
1 83 35
3 55 46
60 123 118
89 77 70
20 64 103
63 24 30
23 70 81
24 26 216
48 156 120
100 72 216
49 52 51
50 79 69
28 118 168
67 148 55
75 71 125
64 59 3
49 37 8
40 94 177
81 67 172
97 123 103
38 9 144
41 122 22
85 53 241
74 38 127
99 49 1
29 160 110
54 144 56
26 34 40
1 58 43
12 98 228
45 94 120
36 8 189
68 120 131
8 95 229
47 78 241
67 79 100
52 126 171
62 67 12
27 52 69
92 5 192
31 141 215
27 30 27
10 52 65
54 63 144
33 157 120
65 26 211
51 112 167
60 160 61
69 7 10
10 107 181
6 29 142
69 88 206
28 92 171
96 91 69
96 46 118
34 152 180
35 25 137
21 83 90
5 134 213
2 22 45
0 5 38
34 2 176
100 148 70
40 83 217
24 118 85
78 47 52
69 157 110
57 141 137
70 15 53
65 92 220
94 6 27
68 98 127
99 39 174
61 13 244
54 143 187
77 109 192
15 145 163
80 126 119
99 118 22
86 109 151
40 62 245
5 6 58
3 152 123
41 38 174
70 59 184
51 13 73
54 125 167
89 89 4
85 52 2
22 31 189
7 7 210
12 7 87
90 110 22
63 94 172
61 128 222
9 48 40
68 104 218
8 144 186
19 142 91
75 69 65
5 72 55
69 91 104
25 42 190
97 24 210
70 53 43
33 121 48
72 122 170
13 101 37
8 2 25
34 152 247
68 17 65
54 141 80
34 30 167
10 97 208
78 75 120
24 39 156
81 101 53
42 136 224
54 132 125
19 118 183
11 103 246
53 136 189
5 80 101
10 140 154
77 47 85
58 69 104
98 10 45
76 92 214
100 86 76
86 157 149
41 75 161
43 134 223
67 106 62
37 129 37
41 13 20
1 5 22
2 101 16
77 71 17
9 114 19
20 61 229
6 101 101
56 115 54
54 11 147
84 47 121
3 131 136
40 111 13
56 61 18
61 51 137
89 103 151
27 25 82
63 17 131
16 40 21
89 59 23
51 144 73
74 19 182
29 14 11
13 112 158
53 100 37
96 12 184
7 125 206
72 0 186
30 69 2
30 61 192
70 145 86
88 160 6
67 98 97
5 84 226
46 130 160
52 72 220
41 49 47
99 34 104
15 113 84
30 155 61
16 107 152
30 107 126
76 80 139
34 36 232
11 152 32
5 115 245
71 160 190
15 142 72
31 1 169
53 12 171
67 140 151
74 146 176
89 68 199
61 61 25
78 126 12
79 69 185
23 86 199
76 59 210
47 9 242
98 101 82
9 156 62
18 132 111
85 123 96
29 7 58
98 14 2
86 104 138
46 94 212
57 109 109
58 7 108
32 141 222
71 49 246
40 120 29
63 141 204
75 109 95
53 92 203
2 159 161
70 111 187
97 41 30
46 122 109
86 17 168
11 17 96
57 146 219
79 52 31
74 30 52
45 80 169
42 134 84
63 23 57
88 119 227
79 27 220
75 131 85
32 137 207
11 29 69
6 41 122
33 72 24
46 123 239
80 85 35
71 49 23
0 143 213
28 20 164
90 51 238
57 151 111
66 161 16
21 128 191
80 29 41
55 98 117
11 74 148
76 41 40
49 74 134
51 51 231
86 12 22
90 71 36
64 102 125
39 2 116
16 69 75
32 96 69
84 92 154
14 88 240
88 118 227
26 161 215
52 129 245
15 159 73
63 136 41
41 122 29
92 36 27
53 74 235
39 83 226
0 115 183
13 27 120
44 121 20
14 13 81
77 71 139
70 27 18
11 82 115
67 113 228
82 104 64
99 48 210
83 130 173
87 18 77
59 156 10
17 2 96
84 41 89
72 56 36
31 90 27
32 12 217
69 100 58
0 158 51
50 157 193
18 5 164
89 127 12
67 91 237
34 85 23
68 94 193
1 41 51
56 63 168
37 146 102
35 130 116
54 64 162
64 131 128
72 45 175
3 45 196
1 109 117
25 85 22
71 63 86
98 117 176
50 24 24
43 58 120
24 10 55
19 11 138
27 37 190
11 25 25
85 53 174
59 2 22
46 102 146
82 72 234
49 95 201
85 100 170
7 41 170
41 20 84
90 104 81
5 122 196
6 140 161
7 28 208
94 120 243
71 56 228
62 141 82
18 67 169
77 20 66
22 44 128
42 34 118
41 133 75
90 83 190
79 16 30
28 1 31
2 40 215
59 112 209
14 91 152
92 133 11
49 53 70
92 81 72
48 96 53
35 118 96
85 28 197
12 121 218
79 72 153
2 58 214
23 120 185
60 2 246
21 102 227
93 86 237
46 131 141
36 109 92
86 108 235
10 53 154
80 71 61
55 112 200
26 145 186
96 60 107
66 64 37
34 22 197
20 101 168
89 22 89
53 109 226
59 127 141
56 23 135
51 145 220
30 125 244
67 151 89
87 82 47
46 77 14
67 86 41
58 8 154
40 67 13
4 154 151
30 19 39
92 42 165
46 65 89
1 160 208
45 133 197
43 87 11
79 117 158
13 120 98
70 100 30
52 121 43
97 142 230
2 46 49
33 114 94
36 18 44
4 121 0
61 6 100
87 129 190
87 138 46
33 139 35
57 19 118
36 72 179
18 16 61
7 93 179
78 24 237
37 98 173
14 9 39
19 157 208
24 61 152
99 35 106
82 159 77
56 34 228
26 107 172
1 86 45
50 66 113
9 139 164
39 3 15
66 76 145
33 91 236
94 16 44
49 58 192
84 154 23
80 153 67
61 25 194
27 67 247
0 152 45
32 83 170
59 69 22
49 9 178
1 2 41
39 39 193
28 11 75
17 134 46
43 65 24
4 47 115
3 137 218
62 101 161
91 81 149
93 11 125
99 16 32
33 49 184
86 148 87
36 34 232
14 28 68
85 67 154
20 126 62
89 110 212
11 7 107
97 103 237
99 149 132
47 125 31
41 30 143
42 21 68
21 25 92
60 5 154
75 123 130
67 48 41
80 94 136
3 111 93
15 12 68
67 79 68
44 125 65
86 138 100
79 21 116
64 161 138
86 45 104
31 32 120
20 113 85
40 8 51
44 66 150
41 43 202
96 87 139
95 142 88
63 85 50
96 132 21
13 153 155
69 10 104
43 116 44
83 67 155
70 19 213
67 20 231
44 115 244
17 14 130
69 103 78
84 2 177
70 142 211
58 82 106
25 112 175
98 35 232
10 42 240
99 3 211
65 79 30
4 107 6
84 107 247
86 115 204
100 100 78
61 86 193
90 71 247
50 88 161
76 102 105
30 159 167
51 4 113
86 114 67
77 94 160
90 155 179
91 40 30
62 146 128
13 108 173
93 154 124
89 113 17
18 123 241
24 7 100
73 75 78
15 59 243
97 34 206
39 157 58
72 39 106
62 37 111
64 111 164
76 2 76
48 0 37
100 3 81
73 16 167
90 109 107
71 55 75
1 52 87
46 10 32
55 118 92
45 69 184
24 150 227
11 82 29
99 145 178
49 159 16
75 57 163
88 82 28
37 19 225
57 67 66
42 26 66
80 161 233
4 142 129
86 2 80
7 4 158
16 38 185
22 100 247
13 134 96
64 90 113
50 148 67
64 79 107
9 113 185
81 134 85
25 77 110
68 61 146
71 107 149
49 58 55
42 77 215
76 118 240
91 24 172
73 133 177
42 161 232
14 80 3
32 28 17
75 133 219
91 136 193
80 118 214
14 38 188
85 138 158
46 108 16
0 40 213
45 89 143
78 25 200
94 124 198
65 32 26
67 102 184
75 9 20
58 100 208
38 104 204
41 102 40
15 149 85
4 41 130
55 8 136
45 150 232
70 23 90
75 2 115
54 88 114
99 29 239
18 60 84
42 59 46
86 136 191
88 66 149
20 80 34
32 81 130
57 45 180
44 90 187
49 77 15
93 100 164
48 158 112
83 145 79
35 66 45
10 42 105
45 48 28
31 82 113
56 6 3
40 154 117
1 74 111
54 82 155
70 69 191
13 133 72
88 29 6
14 141 220
71 104 178
7 156 156
11 53 96
22 124 158
67 123 167
13 123 25
29 24 7
22 108 163
55 116 243
14 19 194
84 20 91
79 62 217
35 39 38
49 120 128
77 27 174
49 159 101
55 148 122
87 152 215
65 5 182
8 150 189
59 95 50
18 43 103
40 60 192
70 31 92
24 7 173
94 77 111
89 50 195
11 40 247
11 11 163
11 47 174
64 50 172
96 29 167
55 13 34
37 84 99
22 24 159
3 126 58
61 80 94
92 60 72
11 131 195
47 32 23
34 112 55
11 159 50
99 110 0
51 88 93
80 93 237
97 99 150
3 54 131
37 121 56
30 110 211
37 57 20
26 77 129
61 115 186
60 36 17
12 42 179
12 70 216
29 6 228
39 1 179
78 25 19
44 149 82
95 1 106
98 25 40
38 33 193
67 40 148
0 129 193
62 121 196
15 137 105
4 17 83
71 15 31
96 159 112
19 117 213
59 53 114
11 39 95
81 99 172
32 106 42
32 130 145
84 100 148
92 88 41
46 59 197
31 48 158
89 122 164
91 155 30
51 11 221
65 87 172
95 93 8
59 100 76
89 100 156
21 88 20
28 126 227
4 13 232
86 161 130
6 123 200
67 128 182
4 90 111
37 86 62
53 18 37
38 63 201
71 126 229
90 40 97
33 63 62
55 158 15
83 149 208
93 33 219
43 134 243
11 122 157
4 56 70
100 18 147
2 85 67
21 147 244
78 71 28
9 86 1
51 117 241
83 137 76
49 40 156
47 89 223
34 122 191
75 88 182
22 90 80
76 135 141
36 130 30
32 48 82
44 1 13
64 76 11
82 108 146
71 117 187
69 86 77
7 54 70
24 12 105
69 26 38
60 1 101
47 101 156
35 11 112
11 3 147
35 125 140
90 5 125
41 156 102
82 122 12
19 83 175
9 89 234
76 40 96
8 122 33
58 37 54
58 86 91
20 107 99
29 52 101
76 34 235
100 15 65
92 104 49
9 16 21
8 157 157
64 39 107
42 37 236
40 124 178
37 11 80
92 81 123
41 109 79
57 75 172
63 33 208
67 24 83
5 149 100
80 12 162
85 148 180
83 42 62
64 105 227
33 48 79
21 82 107
84 90 29
89 68 36
35 25 151
19 119 177
10 21 144
14 7 111
100 90 164
47 59 96
12 54 61
54 26 18
10 119 159
7 157 32
33 66 27
8 131 83
53 149 202
89 102 147
26 110 65
30 72 100
1 140 196
98 6 110
72 0 59
39 109 85
76 76 43
86 157 235
72 123 231
86 80 23
27 119 234
29 148 91
88 68 205
34 50 93
51 123 247
61 99 190
24 140 88
76 97 113
83 103 117
32 118 136
16 7 233
20 36 101
42 45 208
9 136 42
22 7 91
55 94 156
7 65 195
80 37 120
88 72 116
21 122 95
99 155 176
98 106 154
5 67 0
14 85 208
97 64 6
12 160 120
100 23 26
64 78 155
78 149 140
48 56 171
14 105 66
16 59 112
0 66 192
8 71 201
66 136 198
11 133 10
21 76 247
46 143 46
4 30 72
81 39 232
4 152 67
79 74 120
25 119 90
27 11 1
71 36 47
60 131 73
53 93 224
15 23 33
65 98 243
88 69 112
87 89 123
52 127 3
88 107 71
5 37 223
7 43 111
84 102 182
73 127 76
31 0 171
48 127 32
94 33 87
42 11 62
15 128 114
59 82 55
50 4 15
74 43 126
20 3 35
95 73 27
35 119 209
71 102 57
18 71 229
31 120 217
31 152 138
6 155 25
6 42 116
13 121 85
7 50 59
78 22 3
70 6 88
67 76 87
1 24 212
58 46 115
78 15 68
18 76 221
20 142 49
52 44 2
10 109 185
29 64 238
44 152 39
6 87 90
97 34 46
95 76 70
25 47 9
4 152 115
44 68 55
21 77 101
1 12 205
88 77 212
68 132 63
89 102 143
43 127 64
41 84 165
92 124 144
89 5 98
5 12 52
26 121 30
73 0 138
84 91 245
47 118 231
47 156 9
91 128 110
0 12 201
97 141 127
12 48 215
54 127 193
69 141 72
9 88 219
94 21 48
65 68 163
100 27 193
88 124 69
97 53 198
52 71 214
32 26 29
90 85 62
49 12 176
96 44 38
20 112 70
37 65 123
19 160 236
74 75 226
48 65 95
12 153 236
36 148 88
47 92 162
22 143 189
21 99 156
96 70 235
45 92 223
5 45 139
18 118 139
57 28 56
77 47 150
3 14 215
28 20 15
77 112 137
56 123 110
65 129 22
7 44 72
75 108 177
69 130 85
48 46 89
98 128 67
70 52 104
76 13 132
49 94 45
65 84 27
88 91 9
35 39 11
20 141 10
30 161 247
0 144 239
1 155 55
95 9 4
18 9 87
63 61 61
68 71 163
79 55 43
30 89 215
6 2 10
81 7 52
87 155 180
24 92 140
86 33 17
0 14 185
66 16 29
46 81 52
76 111 135
28 143 50
38 151 102
27 75 239
76 61 17
19 47 46
21 92 150
13 145 32
31 67 20
45 130 209
82 52 38
55 31 229
88 143 139
6 78 154
89 33 157
76 108 178
91 8 90
91 112 98
90 139 162
53 141 237
77 39 221
38 151 32
63 50 39
6 23 145
51 127 57
94 123 100
96 103 235
24 91 186
72 18 211
30 112 227
19 96 217
11 148 205
96 106 239
81 148 31
11 118 83
87 78 50
100 28 115
4 43 145
58 100 20
55 67 2
50 141 11
30 93 10
98 122 43
40 71 117
16 138 234
86 0 34
42 145 175
17 52 193
93 144 222
97 111 48
74 24 68
47 48 150
90 40 105
61 104 228
78 84 205
45 35 66
28 11 12
16 149 163
64 51 154
31 59 182
71 157 209
36 40 65
44 104 23
99 91 128
90 73 222
38 9 141
72 89 220
39 135 35
49 127 103
98 0 98
20 154 222
60 62 235
75 159 106
26 13 109
51 128 144
88 119 99
84 43 78
70 157 223
58 144 176
15 135 92
49 123 181
76 151 68
54 124 6
75 8 193
99 19 21
17 4 217
54 47 194
4 37 115
20 128 147
17 105 167
58 53 231
14 102 3
11 133 157
96 69 72
87 84 56
70 112 135
76 83 118
35 159 78
1 47 86
53 155 11
44 144 206
27 97 185
42 133 40
16 1 222
5 24 120
71 136 2
75 96 91
89 62 196
67 148 170
62 133 194
24 44 17
76 41 84
55 89 23
86 103 199
30 145 152
47 58 17
90 9 157
99 30 8
72 0 46
7 33 143
93 92 194
90 5 177
52 55 40
41 82 220
44 2 107
67 24 127
54 21 95
58 42 209
83 125 6
33 123 151
80 126 96
79 56 198
79 22 116
13 36 8
96 2 216
0 65 147
17 114 243
31 30 161
47 157 221
98 144 149
23 98 75
71 0 190
20 114 36
51 34 4
57 13 179
35 21 188
42 77 217
55 82 242
64 141 216
71 127 96
46 155 107
75 106 174
65 73 60
36 69 143
58 37 234
64 47 212
25 74 62
66 125 32
42 8 9
73 83 109
48 28 236
56 142 233
10 101 90
4 99 220
58 12 73
100 150 58
18 84 232
80 44 159
77 12 144
72 128 101
56 121 101
64 108 121
21 4 121
27 116 101
4 52 196
23 28 128
81 87 135
1 27 68
42 57 28
3 35 200
48 11 214
67 78 124
98 23 176
64 57 145
85 26 178
88 7 28
38 67 51
99 97 146
39 99 119
37 139 194
66 12 79
84 106 227
39 50 118
62 129 246
12 139 13
40 106 200
82 130 24
28 35 6
31 117 210
44 3 116
28 119 133
95 5 3
96 155 214
31 107 1
95 23 23
98 143 201
46 10 209
47 146 57
8 119 74
93 83 134
76 134 178
15 4 41
53 141 163
60 122 60
68 54 179
34 16 156
10 136 171
100 136 17
2 86 170
77 46 157
9 22 0
92 76 154
52 151 42
39 33 186
89 152 61
36 20 65
79 115 116
0 131 121
75 117 211
18 102 137
42 10 190
88 20 154
89 107 41
99 71 76
98 73 237
65 101 57
80 86 54
54 147 88
68 117 85
46 139 141
63 22 76
58 119 147
90 145 201
90 71 98
18 97 112
59 79 182
9 82 26
5 19 189
41 76 32
46 11 200
30 153 243
24 18 150
5 23 105
68 74 52
59 2 105
18 101 191
89 67 37
86 104 117
77 24 235
50 97 3
22 137 13
41 44 241
29 137 141
77 120 175
83 146 212
58 76 139
46 158 62
43 123 31
36 58 78
61 28 55
31 137 192
71 31 144
37 104 194
6 157 71
8 29 209
46 108 94
96 57 87
87 103 130
68 89 36
16 150 1
26 123 218
8 47 0
91 96 117
27 25 42
31 68 185
7 61 126
41 133 37
68 21 147
38 145 2
68 94 78
56 30 243
32 87 62
100 138 209
50 61 131
30 115 50
72 78 232
80 5 156
51 28 89
76 43 168
20 2 237
1 136 16
17 89 99
87 95 225
94 117 68
70 48 201
17 77 121
66 104 54
38 64 184
59 121 237
85 105 71
46 81 224
96 98 84
96 94 150
31 112 192
47 51 135
3 114 226
63 98 158
0 161 93
40 35 81
80 32 19
56 37 129
41 99 224
57 139 196
71 3 229
67 34 16
2 111 67
56 42 55
24 133 120
42 116 144
70 109 176
72 9 166
29 30 114
60 105 61
71 138 29
14 40 128
36 8 4
55 33 207
95 82 174
50 54 88
24 120 173
79 18 127
36 7 44
26 55 175
46 128 188
83 35 63
42 106 149
89 129 110
8 117 24
71 27 161
33 40 237
78 91 159
10 24 91
16 41 82
9 154 224
1 32 50
34 14 116
7 42 126
22 106 14
38 20 53
63 120 189
17 51 185
79 102 62
95 92 160
55 146 234
32 79 76
70 116 9
18 134 80
29 105 54
56 23 116
54 114 244
35 28 204
93 159 169
73 141 29
41 0 91
82 91 184
19 33 161
6 118 163
37 54 126
40 95 82
99 41 120
26 57 138
94 79 186
65 99 51
24 7 195
18 121 181
5 44 120
100 157 23
38 103 202
97 62 195
16 107 171
91 68 186
11 63 192
40 102 127
51 9 147
29 130 246
3 109 44
66 96 111
10 38 147
2 54 83
55 139 131
95 95 181
10 86 44
64 153 227
80 161 164
12 65 72
4 44 151
22 94 0
63 109 120
98 137 204
6 26 209
44 103 48
46 49 66
76 143 69
24 115 117
57 8 6
9 119 184
22 13 50
52 28 133
87 17 20
97 74 123
4 26 113
39 21 35
74 30 89
60 79 42
54 97 242
14 100 29
87 76 122
68 101 88
54 105 219
49 90 57
90 120 79
26 32 66
40 53 243
54 51 84
28 137 235
69 63 170
86 57 213
0 107 17
99 22 37
47 40 95
90 124 182
83 154 103
99 88 155
95 132 69
38 65 64
85 106 47
94 89 184
46 97 234
68 158 54
65 158 55
54 106 148
45 148 126
23 114 137
9 94 200
34 34 208
22 128 159
53 145 198
10 26 202
58 109 234
42 75 227
34 32 129
4 94 145
90 0 149
36 31 28
99 8 63
2 104 186
8 18 182
94 42 34
28 44 202
42 55 191
91 26 6
33 93 227
6 148 18
20 44 19
74 147 25
1 22 225
75 101 86
32 157 147
96 140 106
51 126 208
50 101 41
13 82 206
8 76 10
72 109 181
40 152 214
22 21 203
23 72 193
76 105 137
40 83 2
67 14 225
66 65 171
18 48 193
67 13 104
53 4 222
23 22 228
15 103 221
7 84 34
20 53 115
48 78 110
80 127 53
41 21 123
15 93 0
68 160 157
74 120 22
33 53 173
84 23 235
66 52 155
38 29 55
68 82 102
84 34 234
20 161 195
15 98 98
57 160 165
12 109 78
74 2 16
89 72 31
10 80 119
4 88 153
61 121 188
87 112 107
11 91 20
26 70 59
5 102 115
84 43 187
26 46 191
52 7 153
100 39 164
71 84 129
74 143 27
87 33 124
41 94 30
93 151 197
73 15 142
46 20 13
16 0 113
71 50 75
5 64 5
47 28 177
5 60 170
27 144 112
81 49 114
28 107 30
88 53 121
70 108 39
68 13 74
12 38 131
25 130 33
75 23 25
100 1 148
58 40 48
31 122 116
3 85 109
45 13 26
57 130 65
41 46 73
11 138 49
21 47 31
8 111 200
42 140 64
12 29 62
67 107 45
74 141 158
45 117 51
23 144 241
52 133 97
3 50 235
59 60 97
6 28 26
16 88 149
4 104 34
36 79 235
27 25 245
99 102 67
14 137 154
85 117 153
65 26 170
5 8 220
98 96 205
22 7 42
50 103 65
55 68 26
77 155 142
54 89 121
35 151 19
89 18 244
55 27 73
90 55 72
91 29 236
80 146 37
98 39 127
54 125 143
48 7 112
9 7 67
38 38 56
11 20 4
17 84 216
62 8 100
78 59 153
70 143 77
4 3 36
52 46 33
15 27 206
100 28 189
57 160 42
26 0 31
5 4 155
74 79 77
70 5 72
69 88 44
94 32 181
73 120 15
84 3 117
26 72 9
51 52 213
56 68 113
39 77 50
0 15 113
40 141 196
19 95 96
73 158 209
65 22 82
33 140 33
30 28 54
49 127 68
85 161 43
14 38 85
52 60 81
30 143 98
59 161 228
91 157 90
85 38 36
93 45 99
74 67 144
51 20 175
78 104 67
7 128 46
80 160 131
56 155 68
59 158 207
78 123 169
20 121 57
18 21 169
32 49 171
96 115 200
8 110 165
25 30 170
96 60 122
86 73 9
43 152 58
32 52 225
33 48 240
45 14 138
55 120 163
27 93 46
27 139 138
6 35 240
37 104 141
89 63 4
18 136 62
78 132 1
96 6 173
90 86 20
91 64 81
92 38 222
32 68 85
84 105 101
41 114 23
64 96 146
26 30 189
83 85 18
11 28 66
23 73 36
91 110 57
59 152 20
58 122 62
25 73 145
49 140 104
4 155 213
67 121 216
15 137 21
94 99 82
96 68 71
17 83 97
86 117 27
35 56 178
28 148 158
71 104 27
75 6 89
8 31 136
81 53 54
38 65 179
73 17 220
15 57 219
2 134 137
27 91 0
76 24 204
14 8 103
0 108 137
29 75 103
52 59 12
68 117 222
71 37 74
25 56 113
38 103 107
80 50 123
43 153 23
42 123 242
26 64 39
20 39 202
28 130 1
34 23 12
99 80 228
86 110 145
63 106 147
49 81 51
79 120 104
31 85 167
90 8 178
50 137 195
18 33 168
34 145 96
4 58 138
72 34 141
35 58 182
63 140 244
88 70 173
100 121 214
92 27 165
63 125 76
69 148 38
95 51 5
11 4 44
85 83 76
24 140 101
39 143 13
81 124 223
67 83 132
84 117 55
42 150 109
93 97 89
54 140 55
67 53 193
58 126 90
69 146 77
48 46 21
95 82 65
8 45 214
79 113 58
35 36 112
42 121 10
34 107 125
10 83 79
88 14 182
70 61 191
2 153 112
70 36 69
25 31 12
89 141 67
14 47 243
45 99 187
66 81 168
94 63 245
87 87 95
74 66 87
91 82 142
70 6 15
79 47 99
83 60 117
16 144 113
45 54 180
41 133 138
4 72 115
71 17 84
57 77 5
18 20 135
65 137 24
7 34 184
36 120 179
39 72 180
32 37 213
14 146 7
33 41 20
83 55 192
84 103 35
78 4 119
92 18 78
12 11 88
5 80 79
43 55 108
2 105 199
2 115 100
65 22 244
72 114 155
82 120 88
24 9 183
52 33 56
47 94 127
81 154 78
53 51 12
59 13 29
24 127 106
27 150 212
71 150 94
55 33 116
35 18 145
59 20 235
94 5 233
11 139 3
44 54 16
73 66 37
51 56 224
73 53 129
17 26 235
4 127 197
93 122 120
46 22 68
65 112 77
51 83 244
66 41 144
96 105 163
11 71 48
61 6 68
32 22 173
2 120 113
91 93 79
3 55 13
67 81 84
27 47 242
96 126 124
33 108 212
40 149 247
3 156 162
52 153 199
32 88 21
63 107 57
90 77 224
99 127 180
42 54 113
44 63 19
46 146 237
53 150 244
19 94 211
59 30 144
85 18 74
35 31 140
31 34 91
32 154 245
97 142 119
2 116 205
21 71 103
46 1 132
15 115 0
52 30 48
32 107 10
17 56 207
90 133 65
15 159 46
20 111 7
70 149 35
22 122 49
46 93 198
37 72 231
74 14 234
85 16 168
97 87 114
0 92 199
97 89 168
21 86 80
74 92 107
15 157 35
92 150 82
67 97 25
73 143 236
14 39 83
92 46 247
77 94 116
33 152 96
90 33 171
59 136 152
69 29 115
39 75 198
59 151 136
28 26 138
89 34 137
94 157 19
71 114 39
31 53 178
76 120 236
76 116 230
16 80 50
84 60 157
19 107 133
79 130 139
35 63 163
2 106 178
73 49 32
3 97 118
7 26 78
52 110 133
43 144 99
81 122 80
42 96 83
75 42 104
92 128 57
0 139 89
40 111 107
60 150 198
20 55 201
25 158 200
54 101 137
88 78 216
94 53 228
66 31 23
35 108 198
56 33 176
77 44 182
77 38 243
1 136 77
26 15 58
82 153 141
42 146 75
77 21 237
44 35 247
35 5 124
6 11 87
80 127 144
8 22 97
69 84 85
82 54 153
59 95 117
92 64 139
91 130 60
15 19 229
43 57 238
20 92 98
69 127 191
32 86 222
19 22 53
5 15 244
28 13 150
81 3 99
32 109 75
95 131 133
48 103 124
5 120 232
73 115 142
0 109 61
16 107 141
70 34 246
65 143 227
77 146 157
73 73 130
48 147 180
26 11 35
52 80 192
99 77 148
7 25 106
85 149 81
99 113 168
78 161 41
56 26 8
19 115 121
30 67 195
29 64 100
72 60 32
0 109 191
30 63 55
26 60 219
7 83 86
79 107 157
88 14 187
4 120 238
27 56 118
15 158 93
88 120 149
19 35 231
58 117 121
70 2 203
43 14 34
97 111 219
82 56 201
60 65 53
17 48 52
79 70 50
45 141 162
1 32 83
100 135 222
61 145 31
81 13 62
27 97 2
94 125 34
61 27 56
87 141 165
96 157 100
80 14 98
85 16 227
65 157 76
66 57 97
12 136 188
44 28 13
10 92 148
21 104 143
74 78 9
93 87 57
75 71 154
53 85 71
68 65 90
87 49 57
30 14 43
21 43 188
96 41 58
29 65 106
94 110 10
83 76 131
21 134 0
57 65 228
48 33 172
37 6 49
75 31 221
64 130 34
1 71 71
64 62 247
22 64 79
76 40 163
10 126 209
14 124 180
63 93 174
50 155 245
1 46 174
14 160 70
5 134 186
9 76 73
43 56 235
62 85 197
80 23 76
89 75 219
26 89 198
47 2 7
66 37 157
66 6 195
82 16 17
46 129 7
98 23 242
35 32 136
5 121 194
57 29 207
5 33 84
50 25 71
83 54 204
86 71 197
24 82 70
67 129 74
22 63 242
43 97 92
74 5 175
2 49 2
75 137 247
38 98 15
59 18 168
38 29 97
73 8 130
53 78 105
81 158 94
49 23 98
70 0 32
40 14 163
62 51 229
78 15 223
0 148 196
14 33 233
52 144 231
83 30 45
45 34 210
56 154 201
40 12 102
96 76 192
89 23 167
61 133 166
63 86 85
41 31 115
0 55 19
72 36 29
10 155 1
51 149 7
60 139 37
78 39 32
37 109 43
18 25 177
43 55 205
37 56 161
14 54 141
15 1 67
78 16 200
12 106 100
83 119 78
45 106 34
16 91 124
62 33 205
30 108 9
78 55 124
7 148 164
77 78 150
52 77 162
50 133 247
22 40 72
61 24 48
8 33 184
58 157 164
61 38 10
17 58 141
29 62 231
81 134 10
7 160 147
66 24 25
0 30 236
40 68 104
4 28 242
53 14 7
3 79 227
84 116 231
64 124 19
1 12 140
73 139 5
86 95 221
22 142 93
27 56 115
54 39 230
31 106 58
42 10 43
92 152 176
8 83 105
52 149 157
3 79 179
14 89 142
90 28 74
65 105 70
84 82 51
61 61 66
35 23 154
57 103 233
0 24 93
49 19 122
99 5 53
82 111 124
39 141 151
85 6 192
85 68 145
32 159 100
10 117 151
38 44 9
11 76 195
35 30 141
49 78 198
73 16 107
58 58 155
42 117 122
48 89 161
1 45 11
14 30 133
65 118 131
67 17 112
47 46 7
4 120 165
53 46 211
66 120 38
68 137 213
10 39 103
99 114 231
13 94 23
27 142 246
46 142 110
71 149 34
89 47 240
52 62 198
80 99 238
73 64 63
7 34 20
98 38 237
46 158 175
85 35 36
76 51 145
40 89 240
12 38 209
1 144 215
40 49 209
15 157 84
30 94 58
43 31 185
42 133 126
98 105 166
3 159 107
24 131 36
24 104 227
46 86 240
87 130 166
63 155 13
84 116 240
97 47 208
22 143 152
30 114 86
9 112 82
10 107 182
70 126 78
87 116 117
27 59 245
26 137 115
94 152 133
72 76 25
88 123 240
44 37 170
89 147 127
53 47 48
26 153 217
45 55 188
96 60 168
44 68 82
25 17 158
23 73 119
61 66 20
89 83 179
52 68 74
1 146 90
30 6 4
36 34 52
9 7 29
19 145 202
30 11 176
99 46 219
37 75 3
39 94 213
3 64 220
85 146 117
87 10 134
81 2 199
76 10 25
22 81 5
46 118 31
9 95 123
64 31 162
48 159 135
23 68 58
25 136 109
97 88 48
27 153 126
68 125 33
79 105 224
71 80 69
68 22 192
44 140 159
7 98 207
7 22 220
10 87 224
58 115 231
70 17 196
51 129 120
48 100 136
92 129 148
17 157 41
25 145 54
74 36 150
5 106 133
28 65 84
94 112 65
1 158 232
30 38 124
79 31 247
93 75 208
74 24 126
30 104 103
18 46 239
58 29 61
50 42 131
39 14 132
7 142 80
93 9 78
74 73 234
36 99 157
73 136 101
58 141 5
54 127 58
72 129 90
5 92 83
28 111 99
6 93 160
41 51 242
79 37 14
79 89 212
72 16 128
25 80 200
63 104 130
71 5 101
88 54 232
98 79 4
19 69 206
6 44 113
40 9 142
40 19 91
99 64 236
69 119 12
5 151 221
54 7 211
27 9 234
52 60 20
58 97 138
79 154 227
88 22 134
2 159 243
92 152 129
69 12 121
97 108 247
14 3 201
24 55 36
31 123 19
30 90 244
65 50 168
39 101 149
66 45 0
96 55 110
95 47 175
96 119 211
35 152 28
39 145 102
11 60 217
47 64 8
99 38 213
18 151 64
47 65 166
96 152 231
76 110 124
3 113 142
66 16 208
89 121 1
20 105 82
2 8 19
89 34 154
86 113 166
72 109 167
81 17 28
62 84 154
77 125 84
20 150 185
52 64 102
78 133 48
25 64 41
46 105 95
87 161 160
50 95 38
53 37 133
56 33 129
22 76 80
49 36 1
59 127 111
31 27 237
70 143 127
59 127 145
86 95 122
29 68 212
83 32 152
28 129 105
12 30 150
77 137 205
95 88 226
39 137 169
23 89 219
38 26 184
7 131 110
44 143 74
48 160 197
81 28 192
13 128 238
40 63 105
73 127 132
93 52 60
14 25 114
14 155 137
96 39 10
67 157 66
91 84 105
21 136 66
47 91 243
2 161 123
63 8 156
27 115 127
24 147 96
82 78 45
54 136 210
17 92 205
63 137 102
80 114 191
60 102 8
70 23 86
63 24 5
53 159 209
51 157 148
99 42 120
72 148 76
83 99 36
65 1 202
37 75 134
3 85 94
74 150 55
7 147 216
52 123 211
0 53 52
13 112 169
80 84 126
94 55 195
70 53 148
49 112 178
97 54 1
89 79 38
66 8 101
97 119 57
35 5 8
25 141 8
10 81 63
17 7 228
25 33 68
57 58 129
34 81 109
81 52 184
41 77 63
88 105 148
54 41 213
39 161 218
60 1 38
16 68 115
15 72 89
93 48 6
74 133 137
81 152 234
83 32 178
87 1 141
52 31 149
75 59 206
67 25 217
81 157 191
1 48 237
2 42 73
90 86 130
99 65 169
82 123 204
49 89 132
4 21 170
58 21 69
89 138 197
32 145 242
98 63 180
12 23 42
44 5 50
80 75 62
95 42 101
61 159 160
79 69 80
81 140 186
50 128 19
95 94 65
73 108 40
6 22 195
14 16 26
32 51 157
62 105 62
18 70 56
0 16 50
69 147 196
65 7 227
100 117 145
18 115 226
93 10 219
53 21 79
41 119 224
33 148 133
59 127 125
10 133 42
77 123 27
2 67 25
32 87 240
21 8 52
45 63 11
19 126 6
45 83 198
90 33 154
38 64 7
93 5 65
23 154 87
18 66 200
74 84 12
72 141 224
89 98 13
37 128 169
84 129 78
55 73 7
33 136 176
0 95 81
7 133 9
67 24 133
57 9 149
6 33 18
6 15 84
98 59 240
60 109 172
27 41 187
54 12 82
44 54 209
8 9 155
61 128 120
86 63 176
45 159 140
21 74 46
11 101 89
83 112 17
26 3 105
54 64 38
55 128 40
92 98 126
20 124 192
24 85 15
68 1 206
34 65 193
53 101 197
95 102 45
23 29 150
27 59 39
80 65 97
41 134 22
68 159 134
11 155 167
75 135 209
30 65 120
48 104 125
84 76 82
69 138 35
11 0 122
19 123 168
5 122 180
3 112 128
46 24 116
34 81 53
88 50 2
52 145 52
12 55 80
93 29 158
36 34 201
40 21 165
39 147 97
96 138 99
92 108 86
53 117 87
23 91 57
65 142 77
87 24 180
13 22 44
54 118 118
22 76 162
77 119 200
10 90 63
1 60 24
15 37 116
38 106 3
86 139 27
61 153 160
13 118 224
12 1 188
44 37 206
45 7 200
97 138 224
61 148 5
14 77 228
91 83 207
39 75 50
6 44 45
8 70 45
70 57 175
62 17 48
46 121 245
97 14 206
81 137 223
90 96 115
60 69 195
5 127 2
60 49 198
79 7 207
20 118 29
89 18 128
10 107 118
87 159 147
36 81 12
56 51 190
42 120 21
37 86 97
73 74 169
89 43 141
89 127 189
54 66 228
3 74 185
71 92 202
90 89 24
85 54 182
51 113 190
54 57 230
