43 46 463
52 0 29
58 2 25
78 14 41
47 11 22
71 26 43
53 17 45
37 2 2
51 29 28
4 38 1
98 3 10
95 23 7
52 18 7
53 6 8
87 29 45
49 20 5
70 4 35
65 28 30
25 18 41
47 24 17
74 42 25
74 14 44
51 19 29
39 41 25
10 42 24
31 11 12
93 13 36
39 15 15
40 3 9
21 22 28
23 36 14
39 15 29
83 0 10
84 24 8
22 25 21
98 13 24
46 12 8
80 14 30
41 11 40
26 22 8
57 9 29
59 14 37
15 14 5
40 11 10
49 41 41
27 10 5
78 27 39
51 2 8
0 16 33
86 32 14
74 10 31
71 24 3
64 7 12
78 13 16
6 26 13
79 40 8
3 20 4
1 19 36
58 40 16
97 23 35
89 16 31
52 11 6
93 15 45
12 33 37
36 10 44
8 23 8
83 5 9
71 3 11
0 24 45
43 33 42
43 19 20
56 4 2
35 13 19
56 17 17
52 42 11
76 20 17
78 25 0
29 24 1
49 33 6
79 3 5
36 32 40
50 28 26
12 6 45
25 2 5
50 8 14
7 5 15
9 7 24
34 22 17
78 41 29
26 36 20
19 21 45
23 21 25
96 30 40
63 0 37
62 36 3
13 16 25
26 25 2
37 31 40
94 37 38
86 16 19
92 29 36
6 9 6
30 1 12
96 34 38
91 20 39
49 35 11
16 38 3
52 5 13
10 34 44
28 15 26
52 1 8
75 33 30
85 32 33
61 13 44
85 9 28
74 42 7
59 28 9
65 13 45
68 13 6
34 10 15
2 32 36
58 0 16
100 21 29
36 0 34
59 18 38
37 8 17
36 16 10
80 18 45
53 18 32
62 19 25
13 32 21
3 25 19
59 35 6
26 3 14
51 31 25
15 39 33
47 28 6
94 27 3
28 41 4
24 19 18
5 41 43
92 32 9
41 31 38
22 28 39
31 29 42
19 33 27
4 4 3
60 8 44
86 4 23
35 15 13
4 0 7
24 23 16
98 1 3
30 40 35
14 32 0
41 27 18
33 15 35
98 27 15
0 4 33
62 15 19
97 10 2
27 1 20
57 5 11
31 6 1
53 21 36
76 9 24
50 34 11
11 10 0
83 27 19
11 17 38
84 28 38
91 29 35
96 9 10
96 32 8
94 31 24
94 37 13
1 19 39
10 20 21
28 5 25
46 15 7
70 33 4
0 24 37
17 37 23
15 28 40
6 33 0
94 41 42
68 19 34
8 18 13
79 35 34
99 29 13
30 2 16
56 7 2
59 37 19
30 15 24
73 14 10
67 18 17
59 27 8
93 12 30
62 34 12
7 1 35
37 14 33
78 40 21
6 34 16
64 21 22
88 40 2
44 23 28
19 0 15
22 25 14
5 34 36
95 32 10
37 23 12
97 22 6
27 12 38
32 33 34
10 41 6
99 4 21
70 14 43
83 1 18
88 23 34
24 38 2
69 33 18
97 30 29
50 3 38
81 6 11
77 4 31
75 34 32
58 41 30
57 28 31
72 36 0
10 36 25
97 21 6
66 16 28
69 42 38
94 33 31
51 29 16
62 26 32
31 42 10
8 35 22
12 2 26
3 42 45
19 40 41
76 21 13
61 13 15
39 17 9
74 34 31
51 9 3
18 16 12
62 29 23
38 16 13
27 23 3
66 33 10
1 5 10
27 35 32
78 16 40
55 24 15
55 27 24
13 31 42
81 39 29
79 17 20
21 38 40
71 2 43
55 22 45
15 33 24
5 39 24
63 5 35
42 0 8
73 7 3
68 20 23
8 7 39
20 34 34
35 38 14
3 42 2
26 37 26
1 10 43
80 1 25
50 11 32
21 8 29
12 42 1
12 39 35
52 34 25
28 13 30
77 14 18
3 26 12
72 10 38
50 34 21
96 5 33
92 17 2
22 11 18
11 12 41
20 30 24
7 8 24
63 13 37
24 24 10
0 34 3
19 31 43
82 12 14
13 14 4
45 35 14
6 19 33
60 14 24
53 31 6
80 14 39
5 30 4
93 29 34
48 1 44
29 33 5
56 5 30
30 30 15
8 41 13
52 33 35
70 3 3
45 22 43
28 40 30
93 32 29
52 24 19
31 42 16
41 10 13
38 6 22
72 25 7
37 10 27
32 35 10
25 6 39
42 18 4
21 42 35
22 6 10
4 41 36
71 37 18
26 33 9
83 5 29
68 29 40
82 14 13
100 9 13
9 21 26
8 3 31
90 24 20
89 31 2
36 2 24
77 13 25
23 25 4
93 14 17
38 25 45
28 41 14
99 9 40
55 3 42
46 2 0
55 17 27
11 8 34
18 17 3
6 29 9
90 26 40
35 6 33
98 1 4
43 33 41
27 33 13
87 23 19
46 14 29
27 17 21
39 20 45
25 9 20
79 20 24
52 27 34
51 3 43
36 16 1
71 18 26
89 9 31
50 19 26
50 17 19
3 32 2
88 2 20
65 1 21
87 27 12
23 15 38
0 15 22
88 23 22
81 20 2
15 9 25
79 2 42
71 28 43
97 38 4
26 31 39
61 7 30
93 7 17
75 6 18
91 42 29
62 20 37
47 29 14
6 17 40
20 25 30
29 8 39
57 3 23
23 38 7
64 6 44
85 21 17
54 4 45
58 36 8
83 38 19
16 23 42
66 27 13
95 17 11
90 20 19
31 0 33
63 16 39
24 20 6
17 11 21
95 7 35
41 40 14
94 26 5
9 1 6
31 1 27
1 15 44
90 24 0
1 11 5
94 14 45
55 21 19
30 29 32
1 12 40
22 16 43
30 29 37
56 0 36
10 9 19
73 42 27
15 34 24
74 36 45
30 11 26
100 22 13
89 3 2
82 42 30
25 7 13
6 18 12
10 26 14
41 30 9
61 27 30
53 39 28
2 30 20
46 4 12
90 8 45
5 2 19
39 17 23
2 38 5
72 38 22
100 8 15
53 4 43
95 17 1
23 8 38
83 27 26
55 5 5
42 33 44
62 23 18
59 2 30
33 5 44
47 6 23
87 4 37
100 19 9
3 6 30
11 25 27
56 40 24
12 21 42
64 20 14
74 14 9
28 10 45
86 25 31
77 39 30
52 18 33
16 7 20
