40 47 334
12 34 31
62 20 37
86 15 30
90 22 36
42 11 36
37 18 25
48 34 22
23 5 40
17 26 42
75 4 46
76 20 39
78 33 28
91 4 1
99 36 5
91 29 38
22 14 13
48 36 6
81 32 2
76 0 11
86 22 31
80 37 5
51 14 14
11 20 11
76 4 16
25 0 0
66 39 18
24 12 6
42 31 43
56 15 10
82 25 15
26 31 19
41 27 11
50 11 17
70 12 22
35 32 11
23 13 39
29 10 25
89 18 40
39 33 0
87 10 16
36 15 35
29 25 46
75 5 5
68 13 44
70 37 18
70 16 26
88 5 16
14 17 25
53 32 38
41 38 12
14 14 26
78 33 19
92 33 33
61 28 2
4 26 7
99 30 17
51 4 6
12 33 3
70 25 8
82 4 33
88 32 12
12 38 26
28 34 27
21 6 26
80 0 9
2 35 40
56 1 5
21 20 1
84 12 30
94 31 7
52 15 23
23 2 36
25 33 31
83 7 8
15 28 22
94 5 4
33 37 2
48 31 0
62 24 38
38 23 10
4 19 36
82 32 21
8 16 46
71 32 24
83 2 7
5 38 13
37 2 33
33 16 0
2 30 41
68 8 35
19 33 23
49 24 11
80 15 32
56 19 37
40 20 29
6 2 16
6 8 41
65 11 21
54 35 24
57 29 15
91 27 24
12 16 19
76 6 38
0 5 20
70 32 13
32 35 39
74 15 40
12 31 15
97 24 23
35 0 39
67 31 26
57 38 32
44 10 34
50 1 18
62 29 46
66 1 42
22 34 13
64 19 23
49 35 27
44 7 42
2 22 35
59 39 32
28 18 42
50 16 7
66 5 29
83 26 14
96 11 33
14 2 44
95 0 46
74 16 9
98 7 2
17 26 17
28 35 16
45 37 16
74 1 22
8 12 26
31 17 4
93 3 40
96 31 16
48 23 30
44 18 3
67 17 16
29 2 42
81 38 29
83 19 18
78 1 7
31 38 0
51 26 40
100 10 4
18 0 4
38 8 3
92 38 43
4 4 39
26 33 27
65 14 27
61 15 9
94 20 23
51 0 1
76 11 23
32 21 18
14 11 46
4 7 29
88 20 2
43 4 22
58 3 7
41 2 43
88 16 45
6 13 1
76 34 12
97 1 29
32 29 25
24 23 16
90 24 21
36 19 12
54 21 39
68 8 29
67 7 0
33 1 14
51 37 17
38 13 19
17 38 23
98 7 24
41 27 28
64 25 25
85 8 13
40 20 32
11 19 44
35 1 37
53 36 18
18 8 25
48 18 33
70 9 38
24 28 4
6 23 34
24 11 38
94 30 2
75 6 13
21 3 24
35 28 25
44 6 4
53 30 9
41 7 5
87 13 2
71 32 7
55 8 0
81 14 35
78 14 15
84 27 39
66 14 33
18 21 33
62 23 45
62 35 42
16 8 15
87 12 43
80 28 26
42 7 38
74 15 7
58 27 40
92 5 42
41 26 9
89 10 12
52 1 44
23 35 17
91 30 1
50 17 6
92 21 44
4 30 43
48 23 36
10 5 32
59 31 10
66 27 38
100 12 0
97 4 7
27 0 10
93 27 30
87 33 2
62 38 21
77 3 15
30 21 28
18 25 35
65 32 32
87 20 43
54 6 11
24 27 10
68 2 19
94 8 6
61 39 21
40 29 28
92 17 1
90 6 2
87 14 18
25 15 42
35 6 46
69 13 22
64 6 37
83 7 23
8 0 27
18 15 37
47 0 19
30 1 30
69 32 37
25 32 25
94 33 16
74 19 38
87 7 11
100 12 33
44 39 33
6 17 18
53 35 2
34 8 22
51 26 29
53 31 36
4 22 41
30 0 37
53 28 27
5 29 42
56 14 23
94 12 20
21 36 13
8 8 23
67 14 29
96 35 3
79 16 13
40 38 42
96 28 38
13 17 29
43 3 46
39 16 8
60 36 33
69 11 39
97 36 38
24 6 19
36 27 42
55 15 13
64 22 12
50 11 28
41 0 31
94 25 16
9 32 35
45 29 44
42 9 32
96 39 4
81 38 5
96 39 42
91 11 26
38 17 12
93 17 8
62 5 14
86 8 20
53 23 14
62 9 41
96 27 6
6 38 25
67 37 43
47 31 33
20 6 27
2 4 21
82 31 4
14 21 20
68 32 6
48 13 32
83 25 38
59 8 11
78 18 34
19 11 10
40 21 40
27 35 21
55 0 17
70 10 13
15 34 24
5 30 3
70 15 2
41 7 25
72 2 35
