699 629 6987
46 192 216
23 64 331
81 48 566
15 394 58
53 147 168
75 90 44
78 51 202
20 679 69
3 235 133
69 657 247
50 255 170
68 581 82
45 539 550
61 696 619
8 413 375
2 247 579
1 575 151
82 650 112
15 223 99
38 262 259
67 262 582
81 312 93
82 86 63
8 167 26
19 82 421
47 685 148
12 491 23
49 315 228
11 38 341
19 349 226
76 280 537
80 677 61
63 242 314
59 197 121
55 100 389
36 684 155
28 600 590
30 123 498
15 651 327
90 286 503
32 48 458
53 462 377
42 14 106
0 368 278
57 10 604
48 573 20
34 313 474
16 134 60
31 222 569
38 268 443
30 610 578
87 268 467
25 375 604
6 226 411
30 697 485
83 550 340
16 386 32
87 597 392
86 31 234
35 425 266
8 573 593
12 549 329
4 147 153
100 153 457
69 198 470
64 676 269
83 39 434
78 156 598
5 207 55
29 582 312
67 650 556
17 469 365
64 15 449
81 273 200
88 114 173
3 371 124
64 629 380
4 72 294
83 4 94
28 207 119
45 471 509
93 572 316
29 653 155
15 496 12
11 390 165
73 226 45
69 529 9
74 242 112
17 601 538
1 134 24
87 328 494
53 81 74
38 554 321
60 661 441
4 616 362
36 577 24
62 36 610
76 121 112
95 500 364
60 301 596
63 51 313
75 482 180
35 430 304
78 517 506
10 551 207
22 57 435
8 661 215
47 309 554
4 534 246
44 144 539
36 551 416
68 398 552
41 86 383
96 303 211
78 477 268
68 608 541
16 108 591
0 633 275
67 257 265
6 640 428
42 92 299
81 9 402
98 579 560
76 456 395
9 41 285
0 585 231
71 645 147
24 265 68
23 130 169
77 170 573
17 563 287
83 471 422
87 691 375
77 302 273
11 299 334
44 657 545
19 229 240
10 626 609
25 136 180
11 574 607
46 97 64
73 667 108
17 483 136
71 610 276
20 546 51
16 510 459
55 639 352
51 307 471
93 204 374
66 643 375
74 458 608
10 561 244
7 113 411
17 475 537
98 90 125
27 432 22
90 195 152
82 322 233
47 199 415
41 306 243
10 18 301
72 4 232
68 173 233
35 469 627
98 568 250
86 226 307
75 139 529
35 155 587
22 204 605
18 322 53
92 657 180
61 298 615
10 68 169
48 400 391
78 630 54
3 550 187
31 109 26
10 243 202
33 638 320
99 464 139
28 539 254
100 694 401
24 491 41
37 462 10
7 385 226
60 611 515
82 642 356
77 542 439
49 351 583
97 116 106
81 151 325
93 293 440
71 60 550
15 490 475
34 650 555
78 630 471
81 560 438
49 153 595
97 127 251
10 418 156
56 35 315
47 136 48
73 532 428
89 310 143
33 253 533
60 167 208
80 523 564
60 499 422
17 468 322
27 108 412
50 536 573
58 292 493
84 176 436
66 244 228
86 693 600
0 224 542
6 445 145
3 368 172
68 269 527
27 5 412
17 145 363
74 377 114
50 76 453
40 162 41
72 309 340
1 652 120
22 1 473
8 19 549
47 73 197
82 440 269
77 96 276
27 51 36
35 429 81
52 306 587
70 575 526
75 38 71
3 121 85
54 202 258
55 43 10
84 270 352
12 349 141
59 527 367
92 616 13
100 403 442
8 121 395
31 496 478
90 480 367
85 590 115
9 489 207
76 520 404
51 16 469
33 530 182
58 490 528
2 626 156
20 34 514
39 541 438
36 354 291
50 564 349
4 177 76
25 232 420
57 432 185
66 194 510
49 186 220
67 511 593
77 505 177
56 303 580
20 469 23
23 42 332
25 483 523
78 311 190
12 463 341
68 218 49
8 110 604
60 22 338
0 46 538
75 308 408
55 224 13
94 677 491
60 293 423
25 86 412
26 363 299
28 74 288
15 189 44
7 118 230
97 16 72
35 516 614
87 169 446
41 518 152
1 253 303
73 476 166
22 611 253
48 625 593
7 593 331
35 460 130
5 649 39
72 216 69
40 495 448
17 254 497
7 657 447
70 637 179
34 670 349
65 353 464
31 269 404
75 150 387
40 284 197
39 4 193
51 222 122
55 698 50
1 624 301
93 568 257
98 321 530
14 539 21
83 67 142
3 633 306
90 468 456
69 182 412
5 653 343
68 651 45
20 602 185
86 620 355
70 350 117
82 639 95
40 607 618
17 45 217
12 290 62
24 101 602
48 223 214
21 335 439
48 573 305
9 354 21
16 497 464
5 25 597
2 574 399
74 587 597
0 391 414
69 302 470
67 152 529
90 91 431
61 611 4
36 467 581
64 83 454
13 406 574
15 63 547
1 139 350
5 612 53
73 679 118
100 386 216
65 75 385
19 332 132
28 67 544
32 269 290
53 553 271
24 502 501
66 622 73
59 100 156
36 87 263
32 60 557
31 506 350
52 368 623
1 481 271
29 673 624
61 577 195
1 596 479
58 63 263
3 576 608
4 461 411
80 195 159
58 43 514
48 517 374
61 684 520
61 400 478
27 230 77
77 556 318
57 628 182
78 198 90
48 130 555
37 87 481
52 392 183
90 188 490
39 567 441
65 521 540
61 168 8
34 333 223
4 297 343
41 26 275
77 1 423
23 444 41
87 614 201
68 45 464
62 144 75
38 266 39
29 399 230
60 423 279
52 6 564
59 283 302
98 92 0
62 494 374
34 697 346
8 658 464
55 145 349
57 621 141
29 268 1
89 681 519
86 355 412
94 320 424
73 523 445
69 32 249
80 435 84
55 248 163
51 230 416
33 30 565
37 612 282
91 284 162
75 472 189
17 419 280
75 148 420
82 63 46
82 246 296
19 669 458
96 115 281
28 107 612
80 403 260
50 679 191
5 548 354
4 207 11
97 625 549
68 370 33
94 317 201
56 651 156
28 224 207
59 252 353
81 175 441
69 649 53
36 69 77
42 103 251
50 648 413
7 300 382
0 46 181
62 261 219
43 688 160
33 49 426
45 409 353
7 441 367
44 468 509
27 66 234
53 109 511
70 117 214
22 249 463
83 117 44
31 255 159
0 577 236
25 163 54
48 413 50
21 494 323
69 59 444
70 88 315
33 86 588
26 81 147
53 218 172
19 70 137
98 183 462
92 698 166
12 168 171
29 180 500
99 526 371
73 398 620
92 322 579
28 203 459
98 493 417
19 132 307
55 616 602
67 325 580
44 5 369
22 376 67
24 503 597
7 236 534
80 254 453
66 70 202
62 632 606
70 439 195
53 274 15
15 324 533
26 283 175
55 240 290
99 271 346
44 376 620
19 41 454
97 16 290
87 306 454
10 257 198
30 646 132
32 332 272
89 13 349
48 359 312
15 648 307
99 627 442
37 615 582
64 613 55
100 315 515
21 590 527
67 673 258
15 258 227
34 442 301
30 433 467
70 263 46
10 461 519
90 341 235
95 606 499
95 175 181
54 563 88
49 38 173
57 186 546
61 542 264
96 512 213
13 26 508
54 325 114
3 100 116
50 304 303
68 307 480
47 219 272
64 275 271
49 627 298
89 488 127
83 194 568
77 564 219
50 691 493
51 694 592
34 559 591
32 204 27
91 298 119
72 270 161
84 424 22
27 696 446
0 472 134
16 548 620
19 399 627
14 415 33
38 562 296
22 636 7
7 599 546
94 107 620
81 462 439
15 647 52
30 242 58
36 136 207
32 696 72
34 473 539
43 663 422
16 203 399
80 515 609
57 551 77
15 541 137
56 338 402
100 281 32
97 632 169
0 331 323
13 388 74
80 593 51
62 184 408
80 50 408
70 101 83
99 517 10
76 585 601
92 40 385
9 247 93
0 285 122
51 584 209
18 618 26
88 273 73
28 257 259
31 402 428
8 142 333
75 604 38
69 27 529
90 33 511
66 531 53
8 407 374
71 367 456
75 452 327
46 501 24
6 412 614
99 640 8
52 194 167
97 605 352
98 267 42
95 9 91
78 337 479
71 377 319
37 21 570
33 608 604
11 198 281
38 277 382
83 576 233
74 446 113
40 495 560
62 183 523
89 555 465
77 315 96
74 307 227
24 115 338
11 37 251
12 120 133
10 65 619
76 570 108
19 596 291
19 71 334
40 546 550
39 674 234
77 504 300
2 139 32
76 469 51
23 495 589
39 306 360
84 612 360
39 540 511
18 22 464
60 526 74
44 673 281
76 168 338
90 657 198
42 651 540
23 569 26
36 455 106
59 485 208
34 205 520
74 369 403
86 422 502
56 292 494
99 268 228
66 305 444
11 82 122
9 262 241
20 177 267
98 185 518
66 542 135
98 607 460
18 226 189
47 55 287
95 638 446
6 585 204
16 698 386
75 22 358
67 227 592
40 222 180
61 73 241
50 618 519
49 265 604
14 253 583
5 398 24
47 129 280
37 215 571
69 129 136
47 311 101
56 7 621
4 621 45
64 624 609
54 395 292
2 652 361
60 483 186
30 189 377
50 418 504
32 402 596
45 516 26
90 477 15
6 557 312
100 432 356
81 675 602
18 252 284
93 280 608
16 636 490
80 482 335
9 426 366
30 239 382
5 659 344
64 168 471
75 184 122
79 41 628
38 455 87
46 596 303
90 34 374
92 245 273
82 270 179
78 465 487
66 525 168
21 285 374
31 199 535
65 70 198
88 539 586
25 222 33
18 107 608
93 373 302
95 413 562
58 600 264
40 439 149
96 311 19
47 393 196
19 496 82
86 583 537
79 509 300
55 237 523
13 55 55
25 361 213
93 479 284
55 179 70
63 255 169
60 584 294
95 605 474
54 105 102
53 524 524
78 541 518
38 671 48
88 455 381
58 559 583
67 464 225
75 607 539
55 209 279
86 340 537
6 377 292
65 30 522
0 156 572
81 568 30
90 355 61
67 406 187
90 241 576
11 194 67
35 527 559
53 209 229
64 659 181
30 692 621
88 283 388
23 383 140
84 680 507
37 468 239
22 617 595
84 535 188
36 318 429
66 627 604
65 662 336
33 233 534
57 236 163
19 686 470
1 155 240
4 413 358
54 254 152
93 152 102
71 657 619
34 524 106
7 119 128
40 207 454
17 543 296
96 670 469
35 298 153
21 261 252
19 444 269
33 585 223
37 14 221
71 30 176
63 582 165
28 542 198
18 400 628
98 231 364
18 151 301
1 491 144
100 18 63
76 666 191
17 601 147
95 124 1
85 553 177
97 213 180
75 265 504
23 225 575
56 569 595
90 70 377
46 95 609
13 464 451
96 54 9
18 373 622
90 501 229
66 381 70
92 273 382
51 173 430
60 251 615
99 87 604
9 554 261
28 414 263
84 261 411
12 151 506
25 542 428
24 490 339
94 674 508
13 20 179
59 693 535
60 654 84
41 560 17
41 246 158
85 648 312
76 119 68
80 619 473
13 230 232
6 546 159
85 596 212
36 301 311
29 368 418
73 582 588
34 125 111
50 162 261
48 436 132
35 315 295
29 39 565
91 186 429
3 336 209
41 658 537
34 102 318
28 174 431
34 16 179
52 184 15
45 607 279
88 195 84
79 5 328
29 395 100
63 495 262
49 202 18
99 79 37
44 444 108
9 223 545
61 674 449
96 216 197
27 316 447
92 295 167
46 50 502
80 584 496
19 392 361
6 290 383
99 441 220
60 229 336
57 94 160
65 277 301
77 48 441
64 71 269
19 441 54
88 658 371
65 87 328
33 654 143
33 139 508
97 404 476
23 549 225
73 239 462
45 688 76
62 68 322
31 368 13
62 545 54
93 32 564
50 131 205
93 641 566
50 106 422
24 177 574
39 239 315
37 206 398
35 178 557
20 340 539
79 87 338
97 646 603
57 685 277
98 453 81
43 583 427
31 222 352
71 440 553
91 44 409
17 257 38
60 340 71
69 264 310
93 43 58
86 102 408
11 572 120
56 258 543
85 170 280
49 454 167
80 224 405
3 291 502
85 227 267
73 18 622
45 106 425
65 196 294
77 681 399
2 155 88
3 638 264
19 174 353
76 411 457
14 337 409
84 66 391
73 435 253
57 87 537
10 544 53
17 211 450
60 575 165
58 642 279
40 329 385
27 564 397
33 194 423
89 462 460
62 414 29
28 124 290
31 164 512
0 536 473
83 268 591
17 13 243
18 474 142
71 249 233
71 128 557
52 347 258
17 240 497
52 492 610
11 233 318
4 376 427
9 639 526
58 440 176
56 601 571
84 467 578
15 680 383
98 391 347
14 229 188
97 589 373
97 415 513
16 333 313
99 687 4
70 430 594
73 305 172
6 601 199
17 490 377
95 351 609
19 174 243
82 261 71
39 305 470
34 450 38
32 674 481
5 397 267
38 226 589
16 616 554
33 149 399
38 217 240
95 567 443
45 491 239
81 218 511
79 627 146
54 382 175
84 47 350
17 423 615
77 557 150
72 334 336
62 277 63
93 356 419
51 438 90
67 458 206
89 485 335
78 144 606
1 180 158
24 680 565
38 467 598
36 91 594
92 87 342
67 488 579
14 180 34
94 192 23
40 507 333
94 556 127
84 326 23
35 164 366
88 576 8
91 33 344
4 557 543
52 615 243
21 650 355
97 197 451
24 386 360
72 287 480
34 157 615
53 462 469
55 680 233
81 697 401
6 8 600
21 543 573
98 395 303
16 611 567
87 225 507
35 273 393
99 414 572
83 317 277
39 669 340
71 218 91
92 256 400
24 506 399
28 419 536
84 534 228
13 16 445
22 383 160
67 628 11
8 631 368
71 591 400
81 363 33
85 322 226
21 690 604
4 454 379
99 414 349
60 391 355
21 485 350
82 389 50
46 112 546
79 85 159
8 116 230
63 185 78
74 264 345
84 637 23
58 438 209
90 379 294
2 475 242
99 575 368
24 578 422
51 278 153
13 571 30
5 496 108
55 606 436
97 414 225
3 61 350
73 588 122
33 688 556
85 268 134
41 59 414
15 131 224
87 239 174
39 567 337
76 218 152
15 245 306
0 546 332
13 92 258
36 410 373
88 571 169
5 266 425
26 291 501
51 669 554
100 57 129
54 410 547
37 510 437
98 302 85
0 420 463
11 697 307
100 181 108
99 525 105
54 153 1
90 444 447
70 647 469
7 398 433
59 159 577
65 590 602
39 468 425
0 590 358
26 28 581
17 619 275
79 271 590
72 180 68
14 164 408
66 114 141
85 565 449
21 574 396
1 608 15
30 143 475
13 663 432
31 356 48
36 442 587
36 426 595
75 590 533
72 364 523
55 0 577
47 169 442
44 249 74
57 345 596
2 252 606
10 571 620
59 35 525
83 133 206
34 313 308
73 488 460
11 526 215
29 237 85
25 473 96
100 301 115
2 597 108
24 289 133
58 509 597
23 426 546
30 405 396
11 628 466
14 494 345
77 474 403
75 380 104
74 657 47
17 380 203
59 676 400
67 612 31
37 365 276
79 268 584
57 639 239
65 676 456
15 549 246
75 612 181
33 111 414
39 154 374
93 403 394
87 129 414
88 432 308
89 597 265
55 260 459
73 521 148
99 589 458
43 559 155
33 460 325
19 621 188
93 129 513
81 61 465
47 50 609
44 99 375
72 85 77
78 296 322
27 360 280
57 204 466
76 48 284
61 488 619
69 479 73
25 57 413
24 692 411
90 171 153
43 293 38
59 150 358
58 447 56
36 630 193
54 651 157
75 498 170
89 189 211
14 418 169
84 354 154
77 22 473
78 452 76
98 36 336
29 299 235
90 100 273
38 673 559
50 614 576
46 284 269
23 196 226
9 670 323
60 381 10
5 631 99
90 322 43
62 164 586
43 283 309
72 106 196
85 478 247
79 615 440
0 513 604
9 303 446
92 662 310
42 315 73
96 555 576
20 249 294
33 618 10
84 69 592
58 362 227
92 71 581
64 97 557
15 53 484
37 688 619
9 54 190
12 94 153
27 629 390
98 436 383
6 288 314
60 360 98
25 359 574
9 199 542
5 630 568
48 36 249
83 515 145
83 239 563
74 276 59
99 406 267
51 632 388
24 682 238
11 156 456
49 35 30
36 492 541
81 117 263
96 26 320
8 69 347
84 372 244
97 406 94
81 156 424
53 165 247
98 64 557
8 61 32
93 11 370
43 621 614
65 334 369
41 177 296
98 617 281
28 540 80
72 274 326
73 145 116
0 575 375
24 694 430
12 473 9
91 564 572
33 575 451
7 210 3
8 45 193
32 414 94
47 462 414
64 189 376
26 604 242
83 540 483
74 91 573
78 248 192
45 691 123
85 638 424
9 412 553
94 296 546
98 483 128
18 550 477
19 274 453
86 670 182
59 112 372
62 293 235
56 405 515
27 368 74
90 7 417
83 483 318
27 609 256
64 245 257
100 665 339
75 447 502
59 147 263
53 244 497
49 433 325
36 546 284
83 237 585
30 514 82
10 514 551
63 281 502
74 257 551
96 30 378
75 586 139
80 677 447
81 302 385
38 219 263
15 641 252
6 471 252
38 308 570
32 122 91
43 150 154
54 573 580
81 678 108
98 581 506
89 296 431
97 218 197
70 100 163
70 492 424
78 292 366
89 21 420
70 247 157
48 627 29
41 59 171
80 360 234
77 680 13
48 264 42
51 132 95
43 26 296
92 2 213
51 388 224
49 630 173
56 256 366
3 177 157
61 116 2
64 575 593
55 176 418
37 653 608
78 11 534
5 188 194
84 20 304
46 418 530
18 340 248
89 139 355
35 266 269
100 538 134
19 621 361
44 612 543
14 552 167
39 407 347
58 241 259
8 569 294
15 125 154
37 569 411
22 481 373
100 522 588
13 498 340
10 359 357
26 10 486
92 406 160
40 220 424
4 429 155
69 362 234
40 528 203
82 109 125
56 416 394
98 584 407
51 480 544
82 364 527
54 349 169
48 154 353
48 240 521
45 130 279
81 366 486
48 587 303
67 507 433
51 606 439
44 488 465
26 503 180
44 550 311
61 633 205
61 357 126
85 510 305
64 40 4
76 593 391
66 174 116
95 533 434
20 459 121
77 438 527
31 539 411
44 290 576
59 475 163
44 24 54
82 187 557
12 400 627
21 186 612
92 125 454
96 685 5
78 651 607
36 400 530
98 0 148
77 369 541
56 162 316
46 295 387
40 82 58
100 344 210
88 153 214
56 336 626
91 10 536
60 82 242
34 291 263
94 13 153
23 421 29
89 639 142
94 442 41
67 682 316
70 265 612
55 126 533
53 4 246
12 667 540
73 109 452
96 257 539
80 163 139
0 267 220
56 686 539
58 57 83
78 301 337
5 577 546
68 532 495
38 335 601
14 458 356
100 528 141
25 544 104
97 492 545
56 383 211
55 474 550
39 383 390
61 306 467
66 428 341
53 362 46
99 130 370
14 524 577
53 492 496
87 643 253
53 112 332
13 202 415
9 412 48
19 157 0
92 11 206
92 319 577
53 29 540
39 493 94
4 513 440
27 629 329
52 374 498
34 159 449
42 596 162
100 183 511
67 374 451
81 182 219
69 332 342
2 569 620
44 533 126
36 671 199
62 315 38
80 162 387
45 516 19
87 609 511
84 634 63
95 179 149
40 295 470
73 647 289
7 438 436
18 49 83
90 122 47
99 662 100
29 574 404
29 522 439
4 269 599
72 192 36
77 298 298
25 9 44
12 475 69
13 41 185
6 632 203
84 30 541
20 668 597
79 396 127
32 95 433
27 101 554
57 462 199
34 605 614
67 244 517
76 443 73
64 393 288
21 633 266
5 544 265
16 575 225
50 471 596
0 651 255
39 450 23
9 367 511
14 79 479
62 191 245
61 336 588
38 24 11
80 449 303
75 672 134
50 494 343
48 192 388
18 516 457
12 478 237
80 252 578
93 640 301
77 174 196
82 625 116
38 432 122
94 63 453
64 114 427
11 233 481
97 212 84
70 233 118
74 522 419
87 403 410
13 683 129
64 395 42
59 582 506
59 166 29
56 662 358
76 673 562
70 647 550
67 293 124
46 392 28
66 543 480
67 158 237
3 632 228
57 327 477
46 498 164
32 185 262
44 607 183
61 645 204
29 230 362
63 151 582
36 482 52
79 10 158
51 40 354
3 9 34
25 615 393
31 642 50
25 650 207
23 681 52
24 681 440
19 55 10
55 408 42
22 10 17
25 494 306
14 313 392
55 582 564
29 598 212
30 37 249
59 660 462
2 183 162
4 118 342
28 509 276
22 335 164
10 570 336
3 166 388
41 56 377
8 504 326
55 247 186
55 63 539
51 63 315
55 558 413
84 573 42
2 502 94
33 543 503
26 418 225
92 444 131
41 359 621
83 629 274
1 503 415
68 520 165
38 23 577
61 154 248
22 130 349
73 418 248
52 558 137
0 517 494
86 245 330
2 217 227
87 588 187
35 414 482
36 149 258
31 208 256
82 150 340
64 210 464
30 48 267
88 432 30
20 70 305
71 430 127
48 39 498
39 433 513
12 596 0
80 637 110
75 9 483
69 419 166
88 172 430
82 540 549
69 187 498
37 300 476
99 484 122
76 237 566
84 223 20
21 317 136
84 146 586
4 122 212
35 643 402
61 369 507
24 407 344
35 54 228
68 441 253
1 263 608
36 562 6
21 345 100
91 467 556
81 525 270
75 40 107
4 448 299
16 529 57
75 539 611
73 492 448
43 61 466
82 109 464
20 387 154
32 574 423
78 16 585
20 347 456
65 610 552
50 520 566
79 687 222
37 451 368
91 497 596
93 294 302
66 3 491
70 527 147
93 501 108
80 492 221
13 681 171
7 579 120
45 472 536
81 86 401
93 657 348
63 293 71
71 420 16
99 681 496
51 110 444
74 49 96
27 416 562
57 432 114
21 184 358
9 5 371
81 247 258
86 9 5
67 152 448
32 236 526
97 527 65
33 180 200
46 623 197
39 337 566
60 613 299
41 615 236
12 385 571
69 273 254
39 346 120
39 522 405
5 485 240
92 120 110
94 352 251
1 351 320
98 675 220
62 138 595
55 11 166
69 181 221
90 388 596
51 384 454
44 570 538
57 144 260
44 312 151
78 276 590
5 580 285
32 133 312
59 483 431
61 589 364
70 402 325
34 641 48
41 355 469
32 89 507
84 51 301
99 49 130
22 332 41
75 324 251
98 540 382
66 38 147
37 152 97
48 686 21
53 261 502
41 594 291
78 12 383
4 674 365
89 344 593
90 168 90
53 617 302
23 533 91
50 433 245
42 122 332
83 146 247
41 308 323
1 572 322
70 127 366
87 117 48
19 443 60
20 409 75
53 368 367
1 233 149
32 279 258
15 82 381
0 650 26
18 229 575
88 191 508
79 201 11
49 335 276
28 398 533
56 411 513
84 179 428
49 288 140
51 539 401
62 589 496
62 386 73
85 222 184
20 648 258
65 289 195
51 264 308
59 463 516
16 642 248
84 513 609
57 270 561
67 307 135
27 679 448
4 25 288
48 185 91
61 206 488
56 600 77
23 238 266
50 479 137
50 652 301
18 478 12
71 575 312
74 429 338
66 34 115
60 56 586
58 577 51
28 478 490
7 571 291
3 386 590
93 472 236
15 187 60
48 487 534
5 408 609
59 213 228
65 11 316
92 272 21
59 243 585
15 441 306
66 173 453
41 684 79
93 287 492
84 465 89
29 43 110
93 690 51
51 327 433
14 16 460
33 362 507
56 210 16
11 686 506
16 450 557
6 226 68
32 116 340
6 458 506
33 346 575
97 446 60
34 587 59
18 454 133
100 454 493
25 651 424
79 383 466
69 462 15
97 639 619
26 94 181
22 134 393
23 1 339
25 289 330
63 630 187
87 374 474
63 422 435
90 506 478
0 29 220
43 43 371
19 440 387
62 406 6
43 269 16
55 155 592
52 691 333
81 65 292
49 140 563
73 638 151
84 277 86
62 201 137
96 530 397
12 257 185
67 348 74
98 671 416
96 158 122
64 81 209
8 354 566
94 520 374
60 588 177
84 188 369
16 149 95
88 591 363
65 656 307
63 219 372
82 140 613
31 649 134
55 362 197
92 500 154
85 39 373
53 201 576
38 236 524
11 357 65
40 5 304
63 248 111
73 557 422
100 453 589
15 426 123
12 641 585
65 656 464
20 129 434
5 631 101
50 441 195
33 63 553
97 116 175
37 472 173
34 533 363
30 490 499
62 639 206
19 411 603
31 212 252
6 299 150
1 161 224
98 627 19
62 611 69
91 398 83
31 672 473
13 279 401
0 597 369
10 443 465
60 557 343
60 666 537
60 555 6
32 339 354
3 102 121
23 98 176
72 344 152
23 391 452
79 535 310
17 19 616
28 348 248
23 616 190
63 351 516
5 695 151
85 523 99
8 512 591
64 146 99
24 602 431
98 170 201
24 29 19
82 170 184
27 89 612
39 647 210
33 519 535
100 247 66
13 472 542
71 30 165
93 120 557
58 685 358
37 627 391
0 541 73
57 194 288
48 448 247
27 687 41
75 65 587
31 550 501
69 477 386
7 16 472
66 649 320
73 51 555
70 221 134
68 551 410
97 658 306
23 226 53
97 220 426
53 554 441
96 292 575
1 242 64
67 287 379
26 632 80
99 440 214
94 641 554
90 436 524
68 278 170
44 486 231
96 618 326
70 593 573
6 298 502
83 296 497
75 388 284
37 28 24
80 270 346
2 385 547
82 652 359
19 264 583
94 460 492
0 588 256
100 386 330
38 329 585
56 371 551
45 465 241
99 550 235
76 506 472
86 339 484
34 404 605
10 70 593
87 638 158
77 230 396
5 618 455
9 75 245
80 627 401
92 345 288
9 354 12
19 332 255
52 392 98
6 249 563
46 414 476
70 351 489
66 217 330
5 414 307
62 512 554
66 15 282
76 671 362
78 91 362
41 573 12
48 424 620
71 695 309
21 274 433
47 696 412
4 490 131
11 543 94
14 607 301
91 391 304
76 355 572
97 495 134
67 599 463
53 269 272
19 659 560
74 319 156
40 0 9
58 165 433
76 98 398
2 455 73
65 581 33
77 684 288
52 12 22
43 471 278
25 419 251
30 332 192
58 264 245
34 451 177
61 48 219
59 43 440
53 274 388
74 234 458
19 422 461
55 473 447
71 187 418
61 288 367
64 215 133
30 352 322
83 159 425
25 563 584
15 481 59
51 632 545
40 517 42
40 674 313
39 312 127
60 243 346
37 284 590
23 6 65
0 588 75
89 280 139
58 206 409
54 502 109
46 415 203
46 512 107
30 189 28
83 431 376
78 340 250
59 296 612
66 317 479
18 127 117
25 687 120
8 4 210
49 92 512
69 264 180
77 105 59
14 317 384
85 290 471
93 58 366
70 100 385
39 651 519
90 518 471
53 383 548
28 145 103
86 246 151
84 658 172
37 182 266
1 316 502
72 79 433
52 256 238
28 500 40
67 24 396
33 578 435
97 238 144
97 217 438
87 115 269
43 90 336
81 390 430
77 197 186
4 661 276
6 635 115
60 272 441
56 634 160
57 224 535
98 421 219
45 456 61
54 437 296
94 617 621
62 655 61
40 234 252
66 484 617
17 594 520
90 507 185
23 186 610
24 659 320
8 345 194
78 309 320
69 404 345
76 659 626
84 168 587
94 225 400
80 432 26
53 531 549
78 101 383
95 687 47
78 646 599
65 485 305
90 510 83
65 418 77
58 511 385
79 276 115
4 87 61
48 375 273
92 450 535
32 548 142
2 635 65
52 398 330
57 88 557
7 587 211
13 34 486
78 558 101
46 336 618
81 464 53
85 352 392
45 413 539
100 396 228
8 176 147
25 136 291
15 369 304
32 111 137
51 223 84
74 663 280
59 293 384
70 501 570
94 167 594
19 604 215
71 318 415
12 222 480
42 273 484
43 189 122
81 603 3
29 206 334
62 481 292
39 409 24
0 93 391
0 11 335
4 592 409
78 35 612
68 504 494
19 682 141
50 486 129
46 508 536
75 223 42
51 452 49
12 559 287
43 525 136
18 183 61
56 323 140
46 598 573
65 75 325
61 156 461
73 645 62
10 239 409
36 397 443
11 287 312
100 317 455
15 27 524
79 240 325
36 352 353
28 145 191
64 621 206
2 461 369
67 260 2
29 695 547
15 284 574
40 97 168
69 83 333
85 423 281
17 169 527
30 141 37
52 162 87
4 104 381
48 666 131
21 614 184
61 413 10
68 14 213
20 560 372
43 117 556
4 574 400
14 198 163
58 190 287
16 276 602
29 539 256
11 501 138
18 101 194
24 135 583
14 194 104
56 454 320
56 583 282
49 172 77
3 451 450
21 296 19
65 491 232
90 659 525
80 648 559
91 465 287
80 223 528
52 45 43
93 612 417
18 631 219
33 472 513
63 492 534
27 612 147
11 169 22
10 555 56
16 530 336
74 303 55
55 239 147
46 259 578
5 180 92
25 417 525
17 687 613
70 606 452
57 233 256
3 648 339
29 151 216
0 503 362
12 396 192
42 522 224
8 589 152
74 269 193
73 510 333
20 535 410
89 329 132
51 497 161
0 648 82
65 677 440
100 645 110
82 435 112
63 91 2
17 185 219
68 391 499
76 189 106
79 490 264
10 589 140
2 325 200
22 437 3
79 79 498
3 118 100
27 628 264
62 303 484
11 610 154
90 333 2
67 185 148
75 367 577
35 265 305
74 625 64
14 101 248
30 475 355
42 90 60
80 400 57
25 512 63
20 113 519
94 629 572
63 422 318
29 86 296
74 545 379
81 274 541
12 273 595
5 595 306
94 188 223
22 405 306
42 90 356
37 374 561
8 404 179
80 52 585
82 244 16
26 293 139
39 327 268
29 636 396
10 453 155
72 653 619
30 293 16
81 69 118
44 408 340
36 273 327
5 28 314
81 381 303
56 644 63
50 448 621
41 333 123
45 48 303
82 524 250
36 424 557
79 36 15
58 262 395
41 32 449
41 493 555
93 532 293
32 481 163
100 427 383
96 637 344
40 4 305
81 698 146
84 602 386
11 307 574
96 282 46
56 271 280
44 349 243
14 128 448
50 26 552
53 490 217
19 617 335
43 136 40
50 559 348
52 344 69
22 382 219
71 278 428
58 392 233
31 274 479
22 196 470
93 322 283
43 165 623
90 225 440
22 405 145
7 65 535
74 511 333
81 126 369
63 2 71
23 512 209
37 171 5
94 383 181
38 410 247
88 473 392
79 332 401
61 594 457
48 586 91
85 300 520
29 642 443
38 318 89
37 675 27
45 46 165
11 479 598
91 326 48
90 256 421
83 647 349
75 294 362
50 623 462
0 187 504
58 271 28
32 596 42
92 518 445
19 578 444
16 348 508
39 6 353
42 44 43
30 608 50
88 151 591
1 389 68
100 647 2
23 227 241
41 632 165
69 522 426
60 631 382
49 647 176
27 394 565
24 290 596
62 213 486
53 529 623
11 411 623
48 515 537
98 598 383
1 44 186
22 603 89
17 308 78
24 454 476
71 355 63
79 599 5
27 121 11
56 299 516
20 343 234
7 105 540
53 577 381
87 40 530
66 72 449
66 94 498
19 466 147
3 570 9
21 416 589
17 191 101
65 34 277
54 34 347
84 222 200
91 101 206
40 346 486
88 645 564
99 329 362
69 65 238
48 673 64
99 205 272
25 622 447
24 511 506
55 186 585
25 637 413
61 630 400
72 328 626
23 684 119
6 478 14
28 388 478
33 650 498
42 327 527
59 269 64
19 456 91
90 193 405
76 246 371
22 14 105
40 548 166
9 112 133
83 176 411
33 21 285
73 229 81
35 83 487
87 649 343
33 5 603
54 391 276
93 649 77
81 510 611
30 483 16
6 469 5
74 415 117
97 223 173
52 692 563
90 295 54
34 560 444
57 521 559
32 270 247
20 62 217
26 220 62
42 448 187
65 619 354
65 487 215
59 344 12
87 237 189
24 515 96
47 607 31
8 401 392
7 197 587
4 88 130
78 123 60
2 491 336
56 359 56
25 338 462
57 420 440
19 240 482
5 44 25
29 64 198
81 544 358
63 465 216
58 64 234
40 523 91
52 207 80
32 555 32
6 498 426
92 329 359
89 443 171
85 165 566
6 543 387
34 254 486
59 487 467
85 4 367
63 381 553
55 8 401
69 77 68
75 7 285
14 309 242
36 142 98
8 330 511
54 544 390
33 257 482
82 25 26
87 410 106
15 563 583
73 271 438
95 255 393
30 32 222
44 72 562
25 69 289
2 132 534
12 623 564
24 134 150
26 169 400
79 88 15
49 377 21
64 340 625
64 606 11
96 501 242
70 687 130
36 362 236
94 82 309
68 604 522
75 496 104
19 126 133
83 83 355
79 372 97
16 213 610
71 90 71
12 441 295
34 415 515
15 420 387
40 154 606
65 108 330
68 661 593
65 529 505
33 402 582
12 348 296
80 452 12
31 156 552
20 623 585
25 692 184
72 578 130
87 287 68
78 370 583
77 379 393
38 317 513
93 404 300
67 486 7
18 192 35
53 553 555
22 323 482
31 98 617
19 4 95
27 281 127
100 650 458
21 100 446
46 67 109
38 406 79
34 11 45
54 297 169
81 41 360
1 567 567
89 243 433
19 25 535
40 16 485
55 516 8
30 662 188
74 303 219
88 551 329
1 506 345
57 319 19
55 299 519
69 488 603
78 297 299
33 336 341
22 158 620
91 470 127
91 458 201
46 43 429
54 116 457
12 602 32
17 467 459
25 72 288
30 674 547
38 606 396
21 555 225
8 574 614
17 481 486
15 689 472
92 246 139
10 549 539
81 445 495
55 536 574
96 250 176
45 434 354
37 436 605
82 485 601
60 21 253
27 97 255
97 684 471
3 484 198
34 629 540
85 263 507
51 41 308
37 554 254
17 404 466
96 231 173
4 488 625
96 212 334
70 569 258
54 321 577
73 122 263
14 281 165
41 574 453
79 567 279
71 578 379
10 251 429
99 19 518
44 229 129
91 405 2
72 240 334
57 412 121
2 517 197
92 508 146
90 288 299
5 627 394
41 578 240
21 349 379
88 511 607
42 680 318
31 507 25
73 299 421
34 589 290
6 494 253
78 29 419
90 52 599
6 51 154
15 604 515
18 285 438
33 630 254
9 609 294
47 98 86
4 334 627
36 9 67
14 156 540
70 428 58
38 296 101
52 649 571
98 667 59
87 617 386
9 15 124
85 397 579
19 545 403
59 610 44
11 455 463
33 194 389
17 476 213
41 183 99
23 493 38
52 25 375
2 439 10
68 612 405
23 233 53
93 314 563
2 147 197
13 185 526
65 207 253
67 219 313
5 21 511
42 404 26
7 553 464
34 604 252
84 295 498
71 124 356
14 586 505
13 157 223
7 135 1
35 3 83
19 62 472
8 396 416
11 648 454
90 188 403
39 184 128
54 611 599
66 73 469
36 642 427
72 527 379
5 646 396
62 25 154
51 293 78
36 430 284
9 165 484
23 234 491
13 482 284
85 247 533
46 434 276
55 24 10
51 560 304
52 198 384
31 59 266
27 696 252
55 345 56
65 515 414
29 639 132
53 103 403
95 149 614
42 409 446
8 108 82
55 287 265
96 119 573
17 377 548
61 240 51
78 286 615
26 446 196
6 345 165
43 204 602
79 34 302
84 389 148
22 263 536
31 500 177
67 60 347
7 196 365
87 258 136
14 387 22
25 194 394
48 324 287
70 524 583
21 406 149
49 560 197
90 21 580
58 432 327
37 617 57
39 431 165
54 410 132
54 91 261
97 443 346
38 607 209
52 636 341
83 658 528
5 130 306
99 58 428
37 459 352
41 161 194
74 385 272
92 494 462
50 456 308
8 440 300
34 511 438
98 531 97
16 97 91
26 244 450
42 460 120
58 244 136
51 288 86
66 200 249
74 597 122
27 253 591
37 27 128
98 485 207
41 468 73
36 293 591
21 27 609
80 416 491
6 35 16
63 424 227
56 33 148
33 8 117
66 24 69
55 222 244
30 529 172
0 342 300
38 326 117
70 1 233
99 55 497
66 73 160
46 449 265
67 416 622
32 120 279
61 8 229
16 669 141
83 682 257
3 48 567
16 609 264
86 251 464
5 175 223
49 29 21
37 252 231
3 433 548
40 248 553
85 224 551
54 330 304
35 264 376
33 392 46
21 2 493
6 624 507
33 516 282
35 219 501
54 649 434
41 498 523
53 527 423
52 342 363
24 661 437
83 386 190
65 578 315
96 411 45
59 377 546
98 151 550
29 630 488
41 304 328
100 182 130
61 165 512
3 638 428
89 162 470
99 339 279
31 539 42
49 162 348
64 57 8
94 394 389
76 200 437
60 698 536
57 631 256
42 220 149
11 29 448
92 533 65
96 570 403
66 59 460
18 119 5
32 484 7
99 197 291
6 61 239
43 646 341
97 401 208
66 50 559
63 652 539
41 386 391
30 246 616
64 218 246
7 211 606
58 50 56
12 586 47
29 105 273
60 393 46
27 413 89
6 16 620
52 305 478
10 243 85
52 31 174
77 683 232
65 449 470
47 287 325
25 620 156
52 70 410
63 538 275
8 144 266
22 373 58
85 611 540
5 656 528
28 659 114
35 246 418
10 320 467
0 262 429
20 53 38
46 52 314
66 326 192
100 672 323
60 428 48
78 111 360
86 280 358
57 663 247
76 623 100
67 134 249
38 353 304
33 677 124
19 426 359
55 506 297
73 126 111
4 532 593
55 247 375
1 109 595
4 292 70
10 30 263
51 445 15
21 539 97
4 622 510
11 530 602
92 327 41
0 36 248
13 163 371
2 693 31
43 337 256
34 667 523
91 561 421
63 120 550
92 294 238
7 73 139
55 152 55
18 219 567
9 441 106
92 336 357
17 593 234
96 485 342
97 30 304
6 341 168
91 410 501
38 263 354
36 315 267
11 301 341
35 21 379
16 651 239
89 132 242
38 134 459
77 630 82
62 32 219
73 232 171
74 554 302
84 656 329
9 297 485
6 10 451
24 440 325
47 375 192
74 548 150
80 449 128
56 104 132
94 632 393
80 23 301
86 285 562
9 186 139
44 106 268
16 497 111
80 51 254
35 483 75
63 448 303
16 658 20
74 484 46
38 611 438
39 356 255
8 438 268
32 583 4
59 325 224
13 643 498
57 157 337
79 168 356
39 588 330
64 414 299
45 632 412
14 588 38
59 128 91
58 139 437
41 246 602
89 377 214
79 438 312
48 378 87
6 120 114
53 192 617
7 492 125
15 650 539
22 260 533
18 323 178
46 487 140
95 263 534
9 183 112
4 385 266
20 628 121
69 63 229
72 23 605
39 135 132
61 480 162
60 546 425
40 666 207
10 409 462
12 166 8
75 581 50
54 435 579
20 311 426
34 413 325
28 92 198
91 566 625
83 514 571
26 354 198
23 457 285
50 534 310
30 388 373
12 514 300
55 51 164
77 359 159
73 169 106
77 604 70
73 428 215
93 402 453
54 478 449
18 517 553
9 230 254
99 622 101
32 246 119
45 5 155
61 626 245
15 58 494
93 220 625
14 649 145
41 136 70
64 63 577
15 496 447
83 114 548
62 30 556
25 624 409
49 681 254
31 461 43
51 160 279
20 390 310
55 12 101
19 653 340
41 188 15
83 663 531
22 534 422
72 620 188
57 336 323
1 210 341
75 580 568
27 208 602
34 690 397
39 238 438
85 640 185
13 117 571
87 71 15
52 10 340
23 248 316
24 348 351
87 76 47
99 423 122
99 111 550
96 164 336
31 288 287
96 93 187
79 289 127
21 212 479
44 97 253
99 206 348
25 413 377
14 500 420
82 508 490
63 488 611
79 343 508
54 620 286
1 364 604
65 24 438
84 481 327
55 108 543
19 395 483
76 359 522
99 58 475
5 698 345
9 110 44
65 508 378
78 285 353
33 189 405
68 461 178
79 143 619
52 121 461
13 183 93
50 152 161
58 312 497
62 619 201
83 381 423
98 219 496
34 494 122
13 608 415
8 566 315
87 546 96
71 531 314
5 6 158
69 352 155
34 158 242
34 235 394
8 453 331
2 120 553
11 633 235
8 340 299
77 411 152
11 265 317
99 163 81
89 295 191
28 277 89
12 330 357
98 518 419
31 561 613
47 219 161
83 36 506
48 248 269
5 261 121
36 91 285
85 160 306
82 114 185
7 23 569
5 558 620
58 260 473
60 86 27
21 672 97
83 62 554
47 523 598
62 217 356
55 684 369
48 574 113
79 202 376
71 342 320
12 415 259
74 514 338
10 24 616
69 98 208
98 179 19
64 389 197
2 490 51
30 106 486
56 192 152
56 430 133
39 688 389
71 197 602
6 608 299
48 208 628
61 447 575
11 12 130
62 461 68
16 597 360
25 259 471
91 639 376
50 402 193
34 217 90
28 529 1
59 357 553
14 479 254
98 489 202
18 522 7
41 642 433
57 29 235
33 384 600
65 261 622
36 224 347
27 571 290
46 650 43
40 502 571
74 113 47
31 197 480
69 232 384
29 332 140
52 224 11
16 581 626
60 290 521
19 149 421
94 426 117
28 172 540
73 395 237
25 151 241
20 433 358
64 122 438
46 448 626
37 578 45
23 251 497
48 229 172
62 36 521
72 34 294
52 310 490
100 683 456
44 263 624
75 453 352
86 528 421
76 271 278
45 440 103
50 323 31
4 397 357
23 115 37
17 618 412
90 599 373
32 153 215
37 315 385
15 92 572
72 513 472
34 147 394
34 578 490
83 177 4
93 104 341
13 683 489
68 402 609
40 304 46
92 92 168
22 592 270
56 276 536
76 22 242
43 542 226
44 385 346
99 269 541
23 359 208
66 144 413
81 203 617
91 655 460
15 228 469
71 284 245
0 35 382
25 146 457
35 560 109
76 307 213
52 646 499
33 619 512
88 335 234
9 314 269
91 383 365
35 126 434
15 188 521
33 557 521
59 43 453
53 319 294
100 664 515
89 337 302
82 687 142
91 312 487
83 16 436
35 433 424
48 484 25
72 404 352
50 284 416
8 465 452
86 13 627
43 107 51
84 45 421
39 446 335
63 386 21
72 204 183
23 558 166
74 524 522
85 99 329
94 325 124
37 46 614
37 529 63
83 503 273
14 300 509
90 10 204
93 657 59
87 312 198
52 678 50
10 341 46
29 326 423
27 141 347
5 143 465
73 78 314
14 502 233
68 573 193
59 390 360
99 120 521
30 451 578
60 487 42
59 0 282
10 53 109
41 154 55
66 147 295
81 459 355
10 575 91
56 212 490
42 394 215
57 37 451
19 599 552
76 196 483
17 506 257
8 472 426
56 421 242
32 522 237
11 570 499
68 307 15
37 517 236
30 208 130
40 569 412
38 202 89
9 203 448
53 548 477
76 491 54
60 268 278
27 561 109
29 464 267
40 334 240
65 497 411
33 672 194
91 619 282
86 75 485
27 346 450
75 175 457
98 488 375
52 203 511
18 146 46
24 188 252
81 520 532
7 535 464
88 218 465
81 233 416
53 235 386
34 273 118
88 147 597
30 637 122
45 181 489
22 10 442
3 1 492
80 274 36
98 87 99
24 319 160
54 268 362
15 499 244
7 498 347
20 181 38
13 58 507
60 207 592
0 388 56
33 201 413
4 300 283
92 139 229
64 169 422
9 243 387
79 636 312
25 698 84
78 547 202
4 403 136
44 655 37
54 82 316
99 548 350
36 233 19
15 243 170
75 161 470
60 563 30
95 620 235
81 543 228
42 631 5
39 466 59
24 622 575
81 670 21
5 614 256
16 274 478
56 333 163
37 252 265
96 3 250
38 452 508
9 559 251
79 337 189
71 445 191
98 179 33
1 465 610
53 296 201
33 86 344
67 675 374
64 84 27
3 7 128
53 316 209
18 556 553
53 665 116
35 283 615
89 570 475
22 425 64
46 418 406
64 667 5
19 171 143
96 220 238
35 477 49
12 297 401
50 271 307
9 358 348
4 17 182
84 197 83
71 45 569
52 122 110
10 649 590
42 265 568
23 352 59
64 140 59
76 563 431
13 137 515
18 665 62
70 588 31
43 39 121
21 79 521
7 139 333
52 301 589
62 605 242
10 46 317
31 587 52
2 336 44
87 144 30
72 446 415
48 31 442
68 430 421
17 689 277
49 443 267
33 260 357
77 534 245
80 224 82
20 35 337
90 143 117
62 563 184
80 495 439
89 457 549
10 146 300
1 506 137
22 696 404
0 270 525
33 350 543
12 525 628
100 271 378
69 609 481
22 545 205
98 440 584
43 194 1
89 366 168
38 23 406
93 484 102
16 600 129
95 4 482
33 457 234
34 277 372
48 556 212
69 83 170
94 547 74
36 188 147
45 193 133
12 130 602
97 619 435
16 241 473
12 439 92
65 128 263
76 685 45
86 110 110
42 491 183
94 130 161
3 108 431
52 63 470
93 16 366
80 320 275
31 281 180
34 417 614
84 339 508
95 522 25
73 134 549
79 632 110
79 596 623
64 175 138
15 128 583
74 420 18
38 488 595
99 267 6
6 140 461
71 249 49
45 79 28
32 434 328
46 513 122
34 596 272
3 249 455
37 57 622
78 398 605
53 278 165
64 168 531
93 185 196
0 322 425
30 606 358
89 574 375
24 92 358
61 36 403
65 4 134
60 366 578
46 519 54
82 555 62
82 6 102
40 682 77
43 515 539
81 464 603
12 174 430
66 107 482
2 650 337
43 406 58
23 8 172
26 510 543
55 106 523
76 408 257
47 203 169
13 79 568
40 371 202
81 479 461
92 368 131
93 595 163
80 172 585
98 649 474
100 125 201
98 590 85
30 545 430
6 688 376
28 688 26
13 445 399
99 548 532
17 587 495
91 244 243
43 559 507
50 102 353
68 571 311
44 351 401
85 189 453
58 360 320
53 583 579
92 118 625
0 561 154
20 515 160
82 162 73
96 245 549
57 663 561
8 229 502
0 120 448
52 412 615
40 399 197
4 385 366
90 610 380
58 547 346
79 156 627
42 194 397
73 455 95
81 268 577
50 363 175
64 47 441
93 405 118
79 365 108
27 99 173
92 280 34
40 342 301
12 144 390
34 235 273
94 579 44
91 130 538
79 692 562
86 383 340
16 134 357
67 609 3
29 443 361
83 602 125
70 94 246
5 177 251
7 48 202
59 57 617
39 437 292
72 75 85
99 0 318
80 307 600
53 248 349
20 585 443
93 473 151
58 106 133
47 99 32
41 130 30
17 579 192
65 650 80
34 5 159
45 0 7
22 567 165
60 614 26
58 120 260
46 448 144
22 289 112
2 407 171
58 361 347
39 461 302
77 211 346
100 669 123
62 651 456
61 131 487
53 246 54
3 433 510
96 106 82
6 93 595
26 110 136
31 285 625
19 492 526
21 365 581
40 19 304
48 203 387
95 194 254
45 554 316
68 17 547
38 36 195
31 517 606
99 380 394
72 260 623
66 36 70
84 62 599
88 525 328
50 391 103
98 68 202
12 97 48
24 8 106
82 191 584
25 609 216
65 677 8
95 491 579
41 420 541
78 256 105
85 168 436
68 437 390
73 168 43
96 151 119
76 298 618
90 203 39
75 564 540
19 355 178
52 171 552
16 37 25
47 191 498
13 214 218
79 511 73
97 108 149
58 443 456
87 546 368
5 435 26
39 274 361
3 231 4
92 350 573
47 239 424
13 198 108
51 521 421
96 275 358
51 537 216
41 155 292
33 554 551
25 382 257
98 230 274
51 67 381
45 345 135
62 167 222
94 410 135
90 158 244
25 24 431
43 375 539
22 86 211
94 552 298
57 305 556
94 100 161
4 37 397
73 465 437
48 195 526
89 63 21
66 307 338
46 445 40
90 130 430
48 663 91
24 538 485
74 370 386
18 139 472
11 366 52
93 42 307
57 528 5
3 133 125
28 530 232
81 318 235
87 446 119
72 28 97
48 573 281
25 502 395
76 473 376
60 559 504
26 332 468
32 559 59
36 567 469
36 273 334
56 597 173
50 491 424
48 423 420
75 211 417
43 192 109
23 96 136
61 418 170
33 335 534
54 366 66
13 230 529
10 405 556
72 337 276
4 377 285
13 443 99
60 151 157
50 527 289
41 491 563
87 454 148
51 430 454
14 59 418
24 212 305
7 365 467
9 105 446
47 241 83
33 5 86
26 150 267
34 40 562
71 338 371
39 253 480
50 249 219
73 515 338
23 310 456
20 32 268
97 229 383
75 275 601
5 270 415
54 31 617
33 215 231
32 230 175
72 244 424
78 107 529
37 68 241
4 667 26
80 27 13
24 158 164
72 210 304
61 9 126
72 331 476
37 430 350
3 324 381
76 110 99
11 60 537
59 291 165
73 225 378
21 245 270
33 578 551
77 10 360
1 500 83
100 56 312
81 125 322
90 150 333
11 287 217
64 111 549
99 451 31
52 56 364
28 178 446
34 467 327
55 36 408
72 187 605
10 433 575
52 260 74
26 423 76
21 346 427
74 584 567
45 77 144
88 378 512
61 643 533
24 267 134
46 60 165
59 27 425
81 297 348
12 677 305
82 181 44
43 351 487
15 180 514
60 624 514
54 57 282
96 621 247
40 313 6
92 372 174
95 630 391
58 12 170
71 603 1
18 686 602
80 96 583
44 29 250
79 233 518
3 210 528
67 347 25
3 43 198
13 285 92
6 340 0
73 442 164
63 330 144
46 506 269
31 686 370
93 500 598
47 201 268
35 403 220
10 138 345
2 435 459
18 311 526
13 58 284
79 547 498
58 57 295
80 279 80
92 462 478
43 224 49
44 148 537
93 392 194
28 641 41
88 454 90
21 177 419
86 387 301
12 64 250
52 165 562
43 347 95
21 240 623
96 454 506
58 677 553
22 152 119
29 435 591
5 655 622
50 451 345
74 58 18
90 560 542
68 254 483
97 451 491
30 68 520
40 207 401
31 478 464
79 235 555
69 383 216
28 192 597
5 377 269
99 191 470
65 482 323
48 404 219
77 268 555
71 486 195
89 58 278
46 214 284
78 353 465
0 548 79
63 508 364
10 641 42
55 42 127
71 382 502
71 39 314
92 674 329
31 566 559
35 133 304
17 679 134
81 153 52
68 276 566
21 43 268
89 532 149
53 570 125
64 235 374
86 384 619
86 22 127
88 658 120
68 211 428
26 123 387
5 674 110
100 155 146
63 506 374
18 629 292
93 87 258
77 660 139
93 631 354
98 345 14
55 111 488
87 210 594
87 388 393
11 169 417
17 436 591
54 350 284
28 427 260
38 543 358
58 404 537
81 232 47
44 572 285
16 224 221
93 251 66
88 130 69
9 338 274
35 70 413
27 674 198
16 220 195
53 297 82
12 158 446
19 606 560
95 27 545
49 88 65
38 591 296
71 398 542
91 591 328
85 673 601
35 182 260
55 318 558
79 640 475
80 68 105
70 439 42
49 75 418
96 139 625
84 658 235
1 116 125
29 651 314
50 652 545
26 655 205
80 149 298
6 413 84
58 298 86
1 569 177
85 144 445
8 434 569
54 41 228
57 6 628
67 272 126
62 675 115
83 124 152
39 489 410
65 273 583
54 164 238
9 460 380
85 121 237
32 412 159
98 0 239
49 605 122
51 112 610
18 623 428
51 431 375
44 503 184
66 187 576
81 434 526
19 379 435
9 92 107
28 586 30
6 448 491
84 488 400
41 48 485
30 627 49
81 13 377
69 473 244
38 476 539
57 457 613
13 2 287
34 671 497
79 195 43
51 299 612
60 23 324
31 590 301
23 196 507
44 199 620
76 350 569
47 160 338
7 28 51
77 545 477
90 581 546
68 533 34
74 128 627
63 607 82
58 555 143
35 27 620
54 74 295
44 280 565
76 256 353
54 658 81
63 104 98
37 531 516
7 168 573
75 430 480
52 546 369
75 135 571
13 130 110
20 350 502
5 57 175
99 419 505
41 314 151
40 36 129
14 386 251
63 222 616
21 363 566
69 221 147
18 491 474
57 11 199
63 435 391
37 583 86
52 49 493
31 76 22
49 438 193
89 114 49
68 19 246
4 688 533
82 698 382
62 462 115
91 554 163
43 219 198
62 226 480
34 180 471
37 270 383
43 111 68
92 135 436
56 4 435
8 578 27
45 33 18
29 250 583
69 389 213
56 578 562
15 67 99
89 245 116
96 672 363
11 451 333
72 3 371
21 317 268
8 389 620
4 137 153
92 627 219
61 511 215
38 346 341
54 273 542
98 27 436
29 259 136
71 89 510
7 439 497
76 680 71
82 151 438
48 273 121
12 248 54
65 177 26
20 75 370
46 221 165
45 482 111
51 37 204
87 352 294
9 571 412
81 520 474
32 196 488
89 240 250
59 626 81
59 671 121
64 613 112
95 172 339
56 197 599
83 350 71
38 659 367
51 287 585
15 104 60
67 326 604
91 180 363
41 322 552
73 390 381
15 581 418
14 507 191
56 401 32
68 554 174
57 531 443
37 428 332
39 270 545
37 313 285
20 628 596
46 476 243
18 473 439
56 441 45
65 369 571
3 417 482
24 84 15
4 278 571
1 43 196
22 552 427
97 554 95
94 204 182
41 123 390
91 307 625
22 178 450
61 43 411
11 196 501
70 560 258
16 264 626
52 273 580
56 463 404
45 305 182
51 620 75
2 134 192
13 334 466
46 346 196
27 17 288
97 105 375
60 92 466
40 471 451
35 129 222
65 688 318
42 260 140
60 29 496
47 680 530
85 53 164
42 113 250
62 649 364
50 47 348
7 661 241
62 690 200
87 539 225
41 519 243
20 572 51
80 501 65
63 693 191
71 416 497
77 165 265
35 71 507
77 264 57
59 278 158
97 676 229
5 242 210
13 614 432
56 219 423
12 492 205
91 305 350
56 235 142
78 380 348
41 182 469
36 57 618
62 48 241
66 251 161
47 271 303
56 250 215
97 610 344
69 497 613
88 332 312
52 347 451
32 118 581
16 471 343
82 194 356
50 678 67
51 147 115
76 502 235
4 672 463
77 108 434
100 599 627
18 583 141
25 132 309
91 371 521
65 475 215
4 193 11
96 480 101
1 365 77
63 66 90
26 435 295
80 548 37
94 697 395
21 660 301
15 197 25
21 602 324
74 681 36
80 39 588
31 576 81
19 322 520
69 655 572
36 423 455
5 71 450
95 184 344
9 279 334
76 53 584
1 529 443
2 183 314
45 477 264
29 124 262
93 385 606
36 393 115
9 363 292
78 275 182
97 155 201
71 695 501
96 164 285
1 182 569
4 35 4
0 233 222
27 602 4
22 694 68
1 615 96
22 175 47
43 615 508
19 250 284
47 258 167
0 191 467
42 146 224
62 172 544
57 304 454
65 48 402
87 591 475
79 595 183
5 532 461
8 600 550
63 228 322
71 41 31
10 202 392
50 25 251
59 221 519
52 355 103
28 11 260
97 134 356
32 379 120
94 233 302
84 497 230
31 522 257
0 672 158
81 513 25
37 62 507
20 506 560
11 66 35
5 278 606
42 417 208
48 378 516
65 654 604
41 248 218
43 326 544
52 8 119
11 437 192
64 146 455
69 186 587
32 143 433
12 126 39
54 197 163
17 271 342
59 237 498
76 342 517
80 476 566
93 577 438
25 161 164
51 71 628
50 59 200
62 393 16
49 465 624
66 667 69
68 166 520
80 38 205
46 56 437
67 235 320
7 347 552
47 421 152
27 261 298
37 546 336
62 464 232
8 172 485
71 693 150
28 370 112
99 131 36
74 208 197
38 126 592
14 328 146
45 91 384
59 604 229
38 207 385
88 686 351
23 184 116
71 144 165
80 35 330
41 142 344
52 314 130
11 123 164
19 288 348
35 640 471
78 637 449
19 359 476
40 384 292
37 620 400
95 274 263
9 418 405
78 473 177
14 459 261
97 646 258
23 289 211
27 437 144
94 531 307
82 143 76
95 690 490
98 477 94
62 499 148
20 110 263
36 216 358
48 317 345
48 174 538
65 358 247
69 462 422
44 9 125
61 630 582
24 621 622
0 502 564
21 456 293
56 619 320
76 69 420
68 357 137
22 625 223
2 204 370
65 376 500
20 100 490
26 551 595
73 30 526
69 0 580
29 538 24
5 554 436
46 220 299
90 31 56
66 693 238
30 692 72
29 90 346
84 31 131
92 265 147
51 329 375
81 469 79
35 69 81
51 518 542
60 133 234
0 393 374
62 129 156
72 288 550
84 290 391
31 490 445
57 466 238
1 364 528
21 315 111
1 693 625
64 50 418
84 237 554
84 374 255
93 58 121
6 156 74
67 430 216
20 275 187
20 112 367
63 190 204
47 71 150
25 110 24
38 613 429
25 518 171
97 255 322
57 282 514
73 123 438
17 253 373
14 226 619
23 451 354
14 524 56
41 107 157
63 357 90
30 693 369
13 492 383
53 157 516
40 141 180
45 277 474
8 420 346
26 328 568
26 392 375
71 83 486
3 698 144
21 298 535
15 634 531
21 544 4
100 74 159
99 274 225
21 294 473
24 283 590
5 146 419
78 436 393
35 686 356
99 132 283
78 227 356
14 499 619
54 610 56
45 198 541
27 198 363
19 56 164
70 239 267
0 57 149
33 92 468
45 381 453
13 589 169
93 689 444
47 88 396
25 400 306
30 258 496
17 342 497
92 579 547
85 325 282
67 315 175
23 175 124
27 675 266
40 529 70
46 616 580
14 406 556
88 643 340
82 433 427
50 410 390
72 611 417
37 91 36
59 256 178
70 679 48
45 450 338
85 264 191
99 505 441
61 612 438
69 400 346
14 160 202
43 179 568
98 311 619
44 223 518
17 142 325
73 75 121
1 64 32
86 188 493
22 534 611
57 361 374
44 315 390
69 558 127
83 433 486
24 385 58
79 65 256
59 33 171
2 169 435
42 456 520
23 118 168
55 213 548
59 387 141
4 576 375
57 230 288
23 387 486
49 209 169
79 420 178
94 350 14
50 146 496
91 23 54
45 610 250
38 19 40
65 342 607
79 645 454
33 425 282
48 23 201
8 170 532
49 591 495
79 444 599
13 353 90
24 606 144
70 611 343
54 673 253
73 453 213
63 359 451
36 126 524
76 391 174
47 14 614
91 217 415
24 544 124
78 507 61
100 394 504
22 16 597
45 144 595
46 267 143
26 395 416
55 664 106
52 96 626
82 47 344
67 371 392
61 278 411
34 294 111
54 250 327
55 333 456
7 458 205
48 301 236
37 88 555
66 171 519
80 633 36
10 195 539
62 350 516
38 16 189
7 319 612
58 537 622
73 244 421
58 68 25
76 173 386
32 85 37
98 559 597
64 325 329
91 554 490
52 182 460
39 672 124
90 76 505
47 212 314
66 56 192
45 612 344
17 470 501
50 193 528
37 611 611
39 457 438
32 287 224
30 314 263
6 300 607
9 185 377
4 294 120
6 689 253
86 444 125
68 107 99
3 607 152
95 425 445
12 26 389
91 32 192
76 424 554
92 88 484
100 126 358
41 479 495
86 58 407
84 86 486
20 257 183
88 27 362
42 528 204
88 339 180
6 568 427
26 339 417
87 220 181
0 234 46
61 68 352
50 8 168
29 668 301
1 512 204
5 188 471
70 233 147
97 158 482
25 373 371
88 218 43
9 270 93
98 323 168
1 245 416
39 631 501
79 289 88
70 85 371
23 670 439
52 344 567
17 554 60
42 673 196
67 647 465
1 639 48
94 133 259
46 200 429
99 403 382
78 430 48
66 141 356
59 63 68
5 87 34
20 659 29
61 103 293
56 657 193
31 208 305
96 286 49
7 343 64
91 194 205
3 295 31
85 32 583
48 15 334
65 8 351
13 545 150
31 341 259
39 593 58
81 525 408
50 226 538
41 505 338
91 466 420
93 191 210
82 667 245
9 46 354
37 451 109
30 660 87
2 188 402
100 377 3
32 30 458
24 648 163
23 223 431
37 313 47
46 260 208
44 41 221
97 686 11
23 687 196
26 569 422
24 23 135
66 211 395
37 434 202
72 413 571
47 258 186
36 329 540
51 584 341
37 183 509
13 695 236
29 245 378
33 687 445
84 30 281
39 453 621
73 204 401
55 257 142
41 77 151
80 455 452
1 390 244
38 46 293
18 306 503
70 632 219
30 669 275
30 31 57
97 446 22
17 459 115
67 177 518
63 180 327
1 126 150
82 687 244
18 298 339
69 62 176
2 6 27
74 629 287
32 249 500
42 363 31
42 384 418
5 425 168
4 505 183
72 232 129
42 141 453
44 458 11
51 191 7
8 228 272
95 305 205
27 550 51
5 37 552
100 125 488
74 320 164
35 372 52
45 162 340
70 62 33
88 542 12
94 243 524
80 19 560
43 321 264
25 315 169
49 600 278
35 524 238
70 374 356
62 101 290
77 486 145
79 237 94
16 184 271
68 676 487
23 387 220
17 185 12
12 617 138
9 225 51
33 553 161
85 674 344
87 606 473
88 488 593
65 636 259
72 456 242
72 211 453
18 488 217
4 462 560
24 527 617
0 420 407
31 78 257
75 445 151
89 471 614
46 390 465
40 234 500
1 380 393
8 252 504
81 583 259
28 472 534
41 297 141
66 130 373
53 488 356
26 132 426
52 177 333
48 628 131
73 129 324
49 439 285
32 488 481
65 637 60
95 649 276
91 112 627
64 331 239
35 168 208
43 109 21
65 337 126
49 246 77
65 146 404
34 560 417
15 491 96
20 394 275
51 420 311
66 307 500
100 496 443
72 625 108
5 511 550
91 401 266
99 446 237
80 388 77
0 171 24
67 624 219
95 251 582
49 649 395
67 648 204
35 471 146
17 642 500
60 269 347
26 192 603
75 191 461
52 267 558
78 214 481
85 124 54
63 70 486
68 491 382
61 319 568
1 612 436
44 347 566
9 608 170
7 449 46
13 632 613
75 672 449
4 106 477
22 566 440
7 145 85
55 35 99
36 679 588
57 595 282
23 60 273
49 391 540
68 530 195
51 351 495
62 689 412
97 195 52
9 337 59
13 364 562
4 436 478
60 536 608
2 260 487
47 443 112
29 596 481
39 11 326
16 319 204
32 107 457
97 211 452
69 631 164
17 442 89
40 427 598
50 4 595
38 384 44
49 636 375
99 454 18
14 93 566
77 556 197
33 678 102
36 184 576
38 35 478
50 213 455
13 244 53
28 198 578
90 362 155
42 292 568
59 543 414
29 698 137
94 289 577
17 475 150
13 70 132
7 7 69
25 113 376
70 142 16
33 203 140
32 0 248
75 165 614
59 400 29
79 301 30
20 163 189
29 384 134
31 480 620
100 326 430
78 417 375
82 447 271
60 557 596
42 354 430
49 237 439
28 348 54
97 382 499
10 642 124
68 219 285
92 22 8
46 455 238
72 229 359
91 605 86
47 581 23
82 607 46
64 477 402
23 586 133
96 565 571
47 118 280
84 90 213
43 590 18
15 532 106
0 520 241
51 82 181
5 634 242
73 248 216
21 133 342
3 614 67
63 211 623
12 167 610
26 139 14
70 679 245
4 472 17
37 589 437
16 206 385
48 55 97
5 695 54
88 58 552
10 294 269
9 600 419
52 514 603
88 394 172
22 139 83
100 55 594
51 504 566
47 206 302
9 85 28
43 564 262
81 690 474
0 458 250
13 362 283
19 164 441
21 656 26
3 507 147
43 382 218
94 606 625
83 397 20
46 222 246
66 393 339
81 692 1
78 104 531
97 686 341
3 300 13
71 336 443
7 186 136
70 510 113
40 482 32
36 385 48
86 158 17
90 408 118
52 628 552
91 70 43
91 369 60
90 431 285
81 48 124
50 683 102
41 275 351
71 513 538
63 139 232
88 515 392
97 181 68
9 587 510
79 478 57
55 218 96
94 647 125
66 269 282
66 98 504
9 611 590
12 551 0
92 460 451
35 676 210
61 571 342
100 531 162
8 415 578
10 96 273
77 143 215
52 574 407
93 395 47
37 216 193
86 536 23
4 25 318
3 146 469
91 79 431
16 59 253
20 384 294
81 671 271
94 12 371
85 202 293
58 54 17
40 247 36
82 492 52
93 276 591
57 598 332
10 173 18
14 644 600
80 83 49
16 547 118
15 405 225
37 206 347
64 330 404
8 107 506
89 472 250
80 606 447
76 13 129
48 383 429
44 498 315
89 241 588
91 368 262
90 526 107
7 162 589
63 191 466
24 362 85
55 556 90
38 351 480
29 218 203
93 307 165
100 9 596
7 134 5
71 216 569
95 347 616
10 488 191
39 34 399
51 158 111
97 543 239
33 164 72
57 367 532
20 453 322
9 11 273
68 355 252
61 156 263
33 438 232
36 490 435
61 482 106
64 520 172
25 243 434
9 165 458
26 663 497
37 620 119
46 507 303
51 571 136
35 658 222
23 425 537
7 563 561
22 486 320
74 459 543
86 566 129
14 687 113
7 444 352
18 573 602
98 202 160
83 319 393
77 341 228
38 374 584
21 62 458
88 528 359
77 264 81
77 95 464
19 92 184
81 678 74
81 523 66
54 358 190
8 526 476
94 367 588
94 503 202
60 107 544
74 493 532
46 100 33
41 137 174
84 171 549
78 46 46
41 206 2
46 348 537
58 547 211
58 236 62
66 304 193
59 451 89
78 322 45
82 18 614
31 662 127
58 653 559
49 650 626
88 92 514
21 288 595
25 178 64
6 609 366
66 341 377
95 241 489
77 673 203
8 524 31
74 545 151
30 586 443
52 183 538
9 475 164
29 570 548
6 32 339
17 163 263
31 439 180
27 131 441
73 498 254
78 547 192
25 637 225
43 445 242
73 382 10
98 355 292
7 244 307
60 168 455
21 337 113
79 638 469
86 502 291
52 169 515
45 59 484
71 558 322
15 205 66
52 381 51
86 672 3
77 401 626
82 299 406
65 89 277
54 386 121
0 434 74
0 27 273
9 64 513
63 640 274
91 567 32
43 601 422
86 593 328
7 477 111
32 401 370
16 554 58
48 9 333
79 249 106
1 590 479
54 690 329
91 120 491
13 531 382
70 332 247
60 311 144
16 238 415
84 562 167
12 398 442
56 381 490
3 142 497
31 180 301
80 440 521
33 380 291
55 384 572
10 9 403
47 667 10
12 417 411
17 125 480
45 13 195
12 82 573
78 111 479
55 35 508
86 184 611
99 674 206
39 565 414
76 9 329
58 589 66
46 159 451
28 443 591
47 298 445
36 597 330
32 627 460
11 2 554
79 598 263
11 311 56
98 698 270
59 133 95
36 10 133
94 215 474
82 373 30
8 440 173
70 441 19
42 433 156
38 116 565
87 198 311
62 10 582
6 111 590
43 694 292
28 375 558
8 268 568
58 678 538
69 661 277
91 360 390
61 28 328
40 168 434
15 544 611
52 379 290
19 692 328
44 655 438
49 430 120
92 627 581
1 229 261
77 370 495
62 519 90
7 476 336
47 44 303
30 661 360
20 418 244
37 52 548
77 200 113
37 184 612
11 487 138
22 417 72
13 440 280
29 501 45
87 216 179
11 393 540
39 248 109
21 269 293
20 56 240
19 384 527
99 115 13
7 236 225
66 382 217
48 423 286
14 319 368
83 307 162
29 260 453
88 451 489
23 393 27
99 344 297
72 639 349
37 610 354
57 527 569
20 144 545
64 164 318
64 471 387
91 438 517
71 688 291
3 291 405
26 457 468
65 323 210
19 129 368
22 582 89
76 590 294
27 214 238
41 451 460
6 136 587
75 15 419
30 180 465
93 539 410
2 507 283
22 290 9
0 572 40
43 32 242
20 535 217
95 355 281
38 618 224
14 135 375
69 551 245
1 375 201
82 654 93
100 126 573
71 355 248
55 660 372
89 14 415
71 360 1
7 453 593
15 478 311
87 424 428
48 420 270
85 470 497
48 638 579
85 472 407
53 542 58
1 305 27
66 579 461
92 372 497
78 114 161
7 510 128
42 399 500
51 685 342
19 334 496
22 452 453
46 416 80
35 217 314
17 364 551
61 102 214
11 247 404
1 400 323
22 194 398
62 691 171
62 316 389
52 203 83
80 43 606
55 115 258
98 573 204
100 465 154
35 327 34
34 353 611
31 290 74
46 273 525
48 691 372
78 40 108
18 159 500
51 379 280
81 191 524
98 281 445
16 136 529
29 426 549
81 302 156
24 343 132
9 243 429
1 626 463
45 427 427
70 84 75
11 240 455
47 374 164
27 546 516
36 274 28
78 308 72
23 406 279
61 26 433
59 37 426
99 169 318
64 583 476
24 698 176
8 199 619
56 593 557
70 520 82
82 313 487
94 20 106
38 690 64
3 550 173
24 226 346
50 445 223
28 23 73
99 547 252
95 545 102
63 214 294
41 376 53
21 368 345
26 370 561
42 601 576
44 157 239
100 179 164
6 2 593
87 533 601
95 77 40
33 59 260
79 457 413
20 624 69
80 291 616
32 214 249
76 127 564
76 428 588
50 24 62
47 56 562
47 202 508
70 446 399
6 662 478
54 45 558
93 454 566
13 143 158
93 544 95
6 524 2
16 364 243
91 678 173
43 604 271
35 325 437
47 20 387
43 685 458
26 243 420
73 23 272
34 228 587
16 620 538
12 291 301
6 565 260
29 564 625
88 207 87
89 182 476
36 3 185
33 612 571
54 285 570
81 395 473
43 454 132
20 369 589
3 106 395
74 254 578
73 12 602
58 527 625
79 214 397
22 143 165
32 46 417
84 378 273
2 571 187
35 529 168
36 425 276
63 547 456
85 93 481
12 317 438
19 250 136
27 536 31
39 347 129
94 397 296
83 274 461
58 421 549
56 572 146
25 423 623
96 19 128
57 642 596
81 324 90
32 374 283
59 644 318
6 358 508
17 634 269
52 109 486
90 367 254
49 545 577
50 352 210
74 628 162
8 444 376
63 249 118
66 590 409
90 694 305
34 669 220
17 332 624
66 503 130
8 456 365
60 668 344
26 489 532
12 579 462
65 203 38
41 279 15
42 602 395
83 62 231
34 337 246
3 300 624
35 610 321
22 508 153
0 251 388
61 106 598
56 131 128
49 483 99
26 348 487
94 510 27
18 79 586
7 509 568
25 397 170
58 461 73
69 319 427
17 48 172
4 370 540
79 522 370
4 220 272
42 676 74
5 492 12
38 143 557
62 469 518
7 694 365
5 349 165
10 552 102
14 535 446
53 340 32
27 441 437
75 49 253
45 231 194
5 272 497
56 695 141
71 568 33
46 462 317
65 216 464
92 74 343
57 44 312
93 33 545
13 302 300
78 105 473
66 664 458
66 667 582
26 243 397
74 616 393
6 651 9
15 286 8
11 173 554
21 115 105
13 0 242
52 242 559
49 160 370
65 69 243
89 467 159
16 301 559
99 642 367
61 422 120
80 605 610
72 250 559
69 392 327
54 390 133
50 356 435
56 693 448
84 659 306
97 428 255
95 172 499
77 480 497
97 612 49
94 563 194
81 183 115
59 187 356
68 105 516
95 652 300
44 504 244
93 572 250
4 619 108
76 639 597
17 459 559
78 107 31
18 428 65
79 36 61
27 622 622
98 137 575
46 404 304
72 660 77
100 314 26
32 20 471
23 208 206
96 223 377
45 599 184
78 542 365
7 136 189
72 427 233
36 531 29
79 495 561
99 144 536
6 301 362
72 647 84
30 119 67
100 627 409
15 143 372
61 695 331
36 574 525
87 331 221
56 224 461
34 257 442
21 146 334
77 232 265
90 318 348
0 252 269
100 100 9
67 323 365
33 144 563
51 513 36
43 637 600
61 51 35
33 492 245
97 329 606
66 309 274
42 565 500
1 526 610
81 664 26
41 244 557
93 655 329
48 170 11
50 650 270
88 574 257
59 422 458
40 594 126
31 530 154
30 398 239
3 526 607
2 335 358
22 482 21
1 474 25
4 322 124
1 235 48
76 550 74
81 611 141
32 698 305
48 27 155
92 551 266
94 547 110
61 518 249
75 413 120
81 265 503
79 77 516
14 640 435
1 546 541
58 493 416
22 189 321
18 374 362
90 108 610
87 171 136
81 208 58
88 92 156
99 638 337
92 362 16
88 131 186
49 431 539
92 199 334
46 366 412
16 139 505
33 114 131
84 404 102
15 313 139
47 73 154
20 250 286
67 140 314
50 477 364
94 356 11
84 112 346
49 111 106
68 67 265
3 409 338
90 144 19
31 35 302
93 629 352
70 564 142
12 72 390
90 672 41
63 530 366
38 568 461
100 156 576
94 335 533
69 28 422
53 428 438
14 302 556
30 158 362
48 331 112
68 273 504
58 587 579
27 263 619
67 259 92
17 250 49
45 84 234
6 364 431
75 27 93
11 422 543
48 388 24
66 170 246
88 294 224
15 82 370
28 459 327
31 106 364
72 298 25
87 570 238
12 627 284
97 191 193
85 618 137
16 563 113
45 476 299
33 141 264
86 14 254
74 677 393
23 248 63
59 492 66
89 674 180
15 606 368
77 472 307
76 364 385
95 667 117
4 76 523
5 92 277
31 416 294
80 534 240
24 697 246
12 218 395
89 199 609
80 184 620
52 328 85
34 110 531
25 356 227
26 641 290
68 398 4
22 681 63
94 371 446
24 80 627
10 325 472
8 595 25
81 301 424
89 38 470
63 678 623
15 305 328
8 569 364
73 142 99
79 284 275
74 572 549
55 126 269
67 188 115
9 256 335
9 93 368
46 630 495
33 20 371
78 140 7
43 183 84
94 536 198
51 570 464
18 146 301
5 568 465
71 219 350
74 573 186
78 561 196
41 474 489
68 480 188
38 424 72
57 117 70
71 183 493
35 644 533
49 167 595
97 62 433
73 280 287
61 332 381
13 635 106
61 652 149
18 376 566
0 518 123
87 620 508
53 496 288
43 112 415
50 604 119
9 202 298
57 448 172
31 5 520
3 148 332
59 508 66
12 430 114
14 360 223
36 688 577
72 495 605
46 155 337
68 653 92
78 647 446
48 11 158
25 520 276
24 82 285
86 258 148
43 592 347
94 586 278
66 268 153
59 159 549
73 347 120
19 602 74
44 155 434
55 104 0
65 511 82
17 136 284
55 509 243
58 319 383
98 515 247
53 420 421
46 223 207
53 562 237
66 497 232
31 189 244
64 315 82
66 424 252
98 315 359
70 299 426
21 565 527
89 183 582
36 530 349
5 222 238
57 553 40
32 149 420
29 381 428
21 446 80
16 113 587
11 406 390
99 492 138
40 673 190
17 453 425
27 324 400
1 627 231
72 558 12
24 453 433
63 555 295
36 652 23
49 107 165
75 172 253
90 311 50
22 69 237
34 277 545
99 427 71
42 150 544
52 309 272
39 617 464
73 390 321
90 324 626
8 98 179
15 458 123
100 389 457
86 565 169
2 232 19
87 22 520
100 544 14
95 681 236
34 250 185
61 697 32
92 380 199
47 314 342
7 100 432
24 162 584
36 28 28
67 66 352
56 528 268
66 208 422
52 9 199
20 136 367
54 671 86
36 450 305
71 635 46
11 245 52
30 356 613
61 360 291
59 477 426
69 139 391
2 115 78
41 77 165
48 122 361
45 48 53
81 511 517
96 85 598
0 47 378
29 661 325
33 232 61
0 622 260
17 640 404
85 37 206
25 594 18
98 15 605
69 338 44
25 510 393
50 440 472
98 588 598
7 568 401
57 558 143
3 124 361
67 57 475
39 60 279
11 651 315
77 540 48
52 579 233
96 5 281
43 178 107
61 606 589
35 143 72
96 289 441
2 379 132
33 134 229
94 495 124
33 613 157
25 81 543
86 179 93
13 592 533
13 640 297
6 695 587
59 636 301
100 317 467
28 511 439
3 691 194
19 183 610
20 404 587
58 249 370
74 528 50
43 600 257
3 653 1
76 334 554
21 242 609
22 220 487
7 619 103
22 93 170
87 440 550
61 677 580
45 68 260
0 441 434
2 437 175
72 495 329
39 560 296
26 330 183
34 129 507
47 413 115
51 17 119
47 75 127
18 30 284
85 469 104
4 47 199
56 452 357
65 495 341
66 444 97
62 667 320
70 109 137
40 202 232
98 401 220
72 612 328
58 671 395
38 427 311
53 459 178
12 329 589
54 274 335
68 588 390
38 444 440
77 320 544
2 513 64
14 629 374
86 113 289
82 680 450
35 476 296
77 606 121
90 578 56
28 695 577
48 157 382
17 556 36
52 416 550
24 631 209
100 575 197
68 667 610
80 581 416
29 64 140
77 573 241
62 495 56
29 406 294
4 673 527
33 510 432
89 17 381
57 133 184
71 146 97
65 19 200
43 304 260
23 467 107
63 155 197
84 171 626
82 286 540
64 272 534
15 295 80
29 209 407
13 80 153
1 510 492
72 160 550
35 396 424
9 216 192
28 104 31
91 145 139
82 321 80
56 198 600
33 561 408
30 594 271
72 568 323
68 671 491
100 646 460
79 20 289
47 78 335
19 462 383
15 4 265
14 365 344
35 79 317
24 627 180
70 147 326
29 301 268
12 466 483
35 578 190
78 672 197
90 518 303
27 108 616
88 466 50
50 357 514
93 443 34
90 332 177
13 333 227
69 112 538
63 345 17
22 309 463
19 433 425
19 76 504
99 568 368
34 431 433
5 361 297
21 525 473
44 40 617
67 123 365
81 641 552
20 69 24
27 158 568
65 166 278
56 8 238
68 157 580
22 392 378
48 608 466
79 611 83
82 344 234
42 377 156
13 282 412
57 416 614
22 66 329
52 529 188
45 577 155
25 150 282
64 386 588
12 639 370
18 563 320
80 99 563
98 237 281
13 651 452
70 79 128
79 385 455
3 424 600
20 598 328
35 668 101
58 666 98
35 134 1
98 540 363
17 635 526
66 76 486
41 54 102
49 620 354
15 100 555
65 697 24
93 630 356
78 312 461
55 310 415
84 259 551
9 648 603
30 638 154
21 575 601
39 285 481
53 591 195
66 389 319
73 168 487
1 311 342
20 336 140
46 225 283
27 586 256
44 436 315
79 79 504
67 209 145
74 48 555
55 288 272
76 231 7
66 5 283
93 153 212
47 296 88
77 623 326
69 0 299
73 630 572
51 367 110
29 535 501
42 538 512
13 486 438
13 263 472
71 14 212
7 131 236
36 1 214
39 548 535
18 228 485
60 296 57
58 532 456
99 306 73
76 136 108
26 677 9
67 513 87
75 160 284
0 357 417
10 185 95
37 204 272
7 268 405
44 320 528
3 259 406
64 474 558
19 211 288
8 153 517
87 133 529
94 96 223
2 348 420
70 694 209
29 73 9
94 412 543
33 440 94
18 652 526
47 331 12
66 451 234
51 444 60
32 576 601
96 537 515
69 502 153
68 613 377
39 253 43
65 414 203
85 176 190
71 588 27
13 623 495
3 102 205
95 155 195
67 581 380
38 477 437
46 169 196
22 548 490
79 260 608
62 97 146
30 682 284
5 100 183
46 176 325
37 342 258
90 256 188
40 47 444
67 102 234
96 576 265
86 633 453
76 158 112
62 604 152
5 240 225
71 77 18
23 507 212
45 686 258
100 275 387
3 77 103
94 264 402
27 661 517
77 525 400
63 31 356
56 219 369
89 270 608
25 69 550
76 373 505
69 488 564
12 613 590
20 304 232
10 614 393
66 510 213
48 99 111
86 370 624
38 28 557
25 308 131
95 429 604
17 588 428
69 338 218
44 337 469
75 430 211
67 71 146
11 49 392
18 447 618
54 436 441
30 386 71
30 429 139
88 211 31
82 443 359
5 406 336
1 532 470
85 70 296
25 321 424
30 195 358
69 475 416
31 365 342
73 175 149
87 64 307
12 451 384
57 532 397
67 27 78
5 162 564
88 52 574
88 89 537
59 422 440
47 330 41
90 198 494
67 593 321
59 566 485
32 671 180
46 140 265
48 592 19
100 76 482
53 175 566
60 246 322
14 364 74
31 526 78
24 330 161
35 632 437
23 512 342
72 482 268
29 593 561
79 619 281
15 582 389
17 181 253
67 113 428
39 519 173
75 577 88
88 460 373
94 163 175
84 368 491
17 556 191
78 139 418
36 195 13
15 10 399
27 637 346
63 108 191
35 44 167
34 405 509
8 588 252
52 644 401
69 215 234
51 210 365
58 526 548
72 102 361
6 166 299
58 485 244
21 545 384
29 348 516
89 589 344
54 378 523
36 484 17
81 591 276
65 381 346
15 308 277
73 203 340
2 511 47
61 56 301
48 259 52
50 138 378
16 645 355
89 271 564
41 470 337
5 157 442
11 502 386
92 587 489
92 469 173
92 10 357
84 296 490
97 376 553
6 426 370
18 381 44
71 18 46
2 140 513
71 696 507
43 0 140
23 229 384
96 153 127
100 212 365
13 591 171
99 169 410
20 584 180
19 642 201
73 545 246
36 505 448
58 544 486
46 572 606
42 272 366
82 132 21
33 494 311
75 47 122
1 312 31
47 141 315
76 171 492
91 199 149
48 287 360
35 54 60
35 692 44
99 9 375
67 354 345
58 5 32
29 211 471
3 457 48
92 581 230
74 235 540
20 50 92
7 324 352
77 683 254
5 527 40
90 457 197
63 374 165
87 47 232
73 29 367
28 42 310
8 177 172
22 411 61
57 532 274
82 355 289
98 143 206
93 224 270
37 138 227
3 106 215
79 45 248
92 22 583
33 466 501
96 262 591
93 541 39
56 389 48
100 128 522
41 474 278
94 633 472
41 224 25
59 408 314
42 520 15
48 57 408
87 131 614
43 261 547
47 201 522
7 346 526
72 11 293
41 539 205
1 363 582
4 318 273
1 363 391
10 623 368
31 586 345
65 429 623
64 352 315
27 466 40
45 512 594
93 612 194
53 111 578
85 305 153
71 381 302
53 302 232
27 32 356
95 554 593
97 95 421
99 316 234
96 461 226
33 60 447
16 213 82
82 180 321
48 427 199
91 505 554
93 312 327
7 460 422
15 59 108
85 298 418
36 243 311
69 46 59
97 444 346
41 494 309
54 125 36
93 392 407
45 344 246
19 243 300
0 539 43
79 232 26
6 107 488
62 78 56
0 673 338
97 19 140
48 54 333
9 429 150
75 396 550
91 184 375
5 18 574
84 142 93
68 10 606
83 276 125
69 0 521
39 598 36
39 89 273
28 442 456
100 165 592
90 344 417
11 315 255
47 671 546
42 609 212
79 383 114
59 541 545
28 665 169
31 173 184
66 648 145
91 78 497
0 681 300
69 681 249
13 279 67
63 269 398
74 647 86
91 474 567
78 623 490
5 291 105
17 130 266
23 232 2
69 276 67
2 203 564
36 270 446
71 441 56
13 370 621
81 514 519
24 474 451
63 256 457
72 175 173
76 283 489
93 624 575
92 628 106
81 501 538
89 677 538
37 123 616
26 335 161
1 118 279
3 636 163
3 175 496
46 164 287
5 479 332
12 422 175
94 313 63
58 22 133
93 278 35
66 160 321
1 18 609
18 323 283
7 596 51
93 393 533
84 406 602
15 377 575
29 381 396
5 145 279
63 600 444
73 112 492
81 551 580
78 23 438
22 659 156
28 258 129
73 46 620
45 601 82
98 45 155
4 226 414
71 226 57
57 153 356
90 170 248
66 535 219
11 539 386
98 409 543
8 117 162
80 291 85
14 620 163
79 159 183
99 454 395
78 697 252
57 682 315
64 298 354
67 220 6
28 24 336
41 670 198
17 332 440
21 573 301
86 560 523
82 3 6
68 548 218
99 551 388
15 198 81
21 464 513
80 164 504
41 543 442
89 684 291
51 574 554
22 626 336
1 654 523
57 411 142
71 212 375
80 419 97
48 466 580
100 27 409
73 514 224
59 659 433
20 207 457
61 392 307
3 374 513
46 495 303
14 534 535
5 445 68
6 82 443
35 617 560
14 477 383
93 424 497
74 15 340
77 435 353
34 354 224
44 226 225
28 398 264
13 59 536
7 266 412
77 103 431
83 523 241
19 215 414
50 211 267
82 131 258
46 247 410
71 117 92
6 415 128
7 573 165
37 138 107
84 494 382
26 479 216
98 688 582
78 294 567
95 698 220
6 438 285
88 294 612
14 40 154
74 693 297
32 338 130
95 394 2
45 314 67
91 481 26
78 254 545
41 427 464
22 639 167
97 510 279
55 456 299
70 565 33
51 16 356
81 605 599
95 548 457
65 164 193
89 292 281
9 281 582
42 498 42
53 144 347
42 433 353
11 442 195
90 148 319
87 481 120
56 81 465
73 186 535
97 212 111
54 540 341
19 80 195
10 684 152
34 74 304
67 656 227
85 535 384
53 366 561
62 646 325
25 303 241
64 668 613
7 90 398
48 95 475
58 297 187
58 324 129
53 388 578
46 566 264
49 452 150
65 11 486
71 462 449
3 158 210
76 346 612
92 429 488
24 671 403
19 303 488
16 97 495
7 36 48
99 112 96
87 23 405
7 594 128
89 448 424
82 681 22
24 363 364
92 142 386
40 567 459
28 309 607
78 629 301
48 608 477
2 533 369
92 376 407
16 389 99
50 380 373
52 172 93
14 194 592
30 595 279
68 329 16
42 208 539
59 400 525
76 400 96
62 366 240
40 15 232
19 7 29
2 580 574
71 323 326
73 563 371
98 662 266
2 457 566
11 253 85
85 413 312
11 211 50
77 140 392
73 2 116
1 154 291
14 333 521
78 612 485
74 317 233
65 456 591
82 371 97
71 291 402
61 677 354
48 480 273
4 67 246
45 197 349
66 473 108
60 80 555
23 623 216
38 306 214
32 419 167
16 66 300
55 250 404
86 536 577
32 661 118
90 75 599
94 406 456
33 35 515
90 376 488
20 542 192
44 310 354
77 386 433
24 232 368
45 14 437
38 388 16
24 158 161
96 196 539
58 622 323
59 537 378
83 349 483
60 303 14
96 614 324
93 342 160
96 467 124
79 331 400
14 609 365
93 82 300
50 306 140
87 439 439
49 647 354
99 518 11
37 490 613
34 127 533
14 485 448
23 65 491
74 670 175
45 513 554
53 489 142
74 40 608
14 421 182
87 617 474
75 666 301
49 407 489
10 539 185
51 261 215
73 229 535
10 611 534
14 301 429
90 242 130
34 167 179
53 368 525
45 609 445
45 364 371
74 352 186
35 331 534
81 260 577
24 243 266
73 145 434
40 184 246
94 461 581
51 379 202
22 285 367
55 490 388
63 87 422
78 499 242
29 138 270
64 529 428
94 483 376
42 586 508
55 245 569
54 570 374
77 177 393
29 471 32
42 578 533
72 328 534
8 690 488
63 557 624
8 382 236
100 296 414
80 423 230
40 502 596
49 242 266
83 604 603
6 16 204
65 693 86
54 519 415
63 391 366
28 382 322
19 156 490
69 232 599
53 378 420
70 39 397
71 348 474
92 344 211
80 577 538
30 695 188
26 543 373
36 346 354
19 402 389
63 192 352
68 295 17
53 502 467
9 21 419
4 500 152
66 366 166
30 132 444
36 130 563
36 514 628
0 508 240
55 369 101
93 668 493
49 60 524
37 2 118
15 612 165
96 535 397
75 108 197
0 3 99
19 695 164
6 357 201
74 18 347
65 247 243
94 396 358
7 691 329
47 248 352
57 391 604
68 362 173
68 541 550
55 641 527
17 381 22
20 629 335
35 238 487
76 584 609
71 131 210
79 78 483
11 129 59
8 565 232
3 490 307
8 693 455
52 22 116
0 577 313
93 296 279
99 438 105
60 395 568
73 1 85
23 178 582
84 61 29
42 449 615
40 541 102
1 230 489
50 590 82
82 647 209
70 120 579
42 451 403
57 652 541
86 200 41
81 58 463
30 77 524
94 265 524
19 478 175
22 43 295
15 267 71
62 323 614
35 199 618
16 222 29
58 70 446
100 266 453
48 553 599
32 246 431
12 38 484
32 441 44
79 589 288
79 1 623
26 652 221
43 596 247
39 232 521
47 268 379
80 407 521
91 404 118
64 556 199
64 192 160
26 70 241
87 631 200
21 606 322
50 462 165
62 558 90
66 211 347
39 388 135
38 20 98
8 468 347
100 697 410
99 694 230
45 208 436
2 279 245
81 42 159
49 655 121
35 574 596
78 644 411
68 117 276
49 238 0
38 333 376
12 49 251
84 597 23
47 539 341
71 192 457
31 312 135
72 221 157
11 200 191
58 80 85
12 376 570
14 274 101
29 395 475
34 532 126
38 286 272
77 21 271
10 246 492
46 292 396
64 392 498
11 37 185
34 125 41
58 633 64
75 686 113
21 470 520
62 403 319
94 157 187
80 285 20
48 611 261
72 303 165
43 650 324
76 68 489
11 373 400
49 42 443
99 68 63
55 199 6
88 445 325
97 572 276
42 288 75
43 654 243
9 503 459
2 432 172
70 256 66
77 165 524
99 658 530
62 487 131
46 696 418
5 109 101
17 527 483
53 277 36
97 8 100
99 527 436
93 45 282
21 400 428
66 567 596
13 49 602
79 98 389
73 405 32
89 308 47
22 310 72
44 56 263
26 127 30
29 615 206
12 541 419
20 444 625
53 82 412
22 693 172
20 124 27
23 621 122
16 511 363
92 205 133
34 200 207
56 100 375
51 80 469
33 383 207
20 10 191
99 35 485
14 685 241
64 424 125
8 321 326
81 404 435
52 643 247
93 423 100
26 479 214
90 185 538
39 587 399
27 306 516
54 499 366
96 458 194
55 178 266
63 196 142
65 215 304
10 607 286
23 548 357
97 107 510
56 394 458
28 476 231
94 517 218
74 366 353
31 242 203
37 532 332
69 439 71
8 259 349
5 687 480
33 344 92
4 663 572
15 653 307
99 664 292
64 682 265
1 329 54
50 44 90
10 236 356
54 224 35
4 184 68
49 409 137
10 550 83
4 484 477
88 230 2
78 529 525
98 671 139
67 425 191
35 353 278
12 405 0
1 498 558
38 426 294
3 264 510
32 512 7
5 138 149
19 500 37
58 169 207
75 7 581
90 666 351
95 490 487
44 14 536
21 46 627
0 406 506
0 271 429
64 229 187
4 224 199
67 411 541
75 453 375
20 393 417
27 349 436
60 698 163
36 207 543
44 175 434
70 10 596
87 383 430
85 339 63
33 123 493
90 681 508
39 457 427
39 532 319
80 66 387
56 410 195
78 461 78
56 684 65
37 103 414
14 394 59
41 63 137
87 596 587
72 682 586
57 680 575
75 363 136
59 464 386
49 439 548
16 546 99
52 8 582
73 666 403
96 337 281
60 163 350
96 635 189
23 256 124
23 20 112
0 578 124
14 235 253
68 569 424
3 151 6
73 217 537
51 282 465
67 79 187
30 482 264
97 679 618
99 501 527
29 338 571
83 51 569
85 278 473
3 21 507
57 294 592
68 694 557
69 685 33
33 104 120
71 442 272
31 674 507
89 442 40
24 563 454
59 371 176
64 503 392
14 633 614
49 416 560
93 237 426
78 45 491
40 171 43
14 695 186
61 523 557
20 63 149
4 143 261
82 262 366
53 610 70
52 553 455
41 323 259
54 31 332
71 54 260
16 323 584
36 127 496
56 686 32
45 14 299
3 20 349
13 47 316
86 631 20
17 198 556
59 462 156
9 144 570
55 420 118
32 621 336
53 507 129
37 592 622
81 284 437
54 229 463
48 546 533
69 168 10
89 1 567
17 618 316
51 2 552
100 532 138
12 110 273
40 61 363
97 381 602
84 321 309
97 652 134
8 173 164
37 121 129
73 464 465
21 624 28
91 395 386
95 679 520
76 461 486
81 344 122
45 35 178
37 595 93
66 510 528
8 24 136
99 489 521
19 469 118
6 241 445
89 153 519
86 208 552
42 4 64
82 498 121
95 50 333
34 665 573
44 186 281
54 592 320
1 418 263
51 621 282
80 391 531
52 134 508
41 11 465
78 385 507
56 174 537
96 496 223
76 566 95
82 64 467
76 677 490
79 476 487
63 193 323
30 528 247
81 0 476
21 75 46
16 144 535
1 415 185
69 617 467
77 214 37
5 561 219
70 73 508
52 275 184
61 572 484
27 336 205
75 671 628
69 403 436
66 61 575
38 46 194
13 139 575
84 564 148
59 227 561
14 461 414
73 90 559
49 595 170
42 650 435
77 353 290
70 496 587
8 341 272
36 512 260
58 443 379
0 579 243
2 193 141
45 527 585
17 297 537
6 96 108
65 387 207
70 155 279
88 442 323
36 46 294
75 13 520
72 187 416
26 576 368
77 403 103
88 31 606
19 147 581
10 343 17
58 576 266
43 559 200
49 453 270
49 465 501
28 161 98
72 592 336
96 132 51
24 31 268
40 233 380
92 415 300
37 413 408
17 142 540
39 115 602
67 20 489
17 87 588
68 653 510
43 103 466
76 387 72
33 209 593
81 74 593
63 76 223
93 641 327
32 610 83
98 308 506
25 308 60
77 92 426
61 422 615
75 425 581
31 175 611
83 608 379
36 187 477
88 570 114
83 597 401
54 426 17
45 458 441
70 354 607
32 374 410
73 467 73
76 45 577
75 272 90
82 235 316
32 630 375
1 130 231
50 593 212
9 318 400
3 111 89
42 137 289
77 538 620
83 413 159
34 235 303
30 429 223
71 629 186
55 620 159
2 689 320
67 349 317
55 377 167
79 68 239
32 436 199
18 284 131
21 362 212
97 452 407
45 477 611
60 214 179
32 328 188
7 31 511
7 355 118
51 219 556
0 424 16
17 272 494
69 254 102
50 151 169
83 565 428
24 26 497
63 450 117
81 265 114
20 71 391
99 202 561
63 235 391
91 166 522
54 348 297
1 226 501
18 84 619
72 378 50
80 613 103
66 27 344
84 405 431
62 448 364
47 118 424
24 610 448
59 678 287
90 429 138
36 322 73
12 503 126
37 493 492
4 590 210
8 641 325
23 390 171
38 531 156
63 599 135
45 456 163
85 545 274
38 143 340
83 569 546
37 286 387
99 489 480
17 246 332
83 328 31
84 368 26
60 35 179
37 220 564
66 40 215
86 293 508
57 694 213
6 418 88
85 668 598
61 272 109
45 393 398
92 288 378
9 190 293
48 497 25
70 113 498
97 383 189
73 140 54
32 372 547
43 211 112
32 70 355
5 680 378
85 368 274
24 678 566
44 22 489
50 139 270
34 393 56
59 25 125
25 409 415
70 5 297
42 248 72
