171 212 4962
19 7 46
15 111 195
78 27 147
6 72 71
40 78 149
40 68 34
8 67 62
3 41 37
46 140 17
91 82 129
3 60 104
83 39 161
67 104 165
20 54 205
61 89 188
82 104 145
97 66 108
68 163 131
35 140 196
86 32 56
94 17 36
2 117 81
81 53 72
46 31 181
40 15 56
60 102 174
39 111 73
23 122 0
7 91 152
89 15 207
58 167 130
64 65 59
77 161 63
19 75 168
14 55 65
30 37 64
8 159 65
9 6 209
85 13 47
98 122 78
7 159 170
20 116 115
48 66 24
77 145 56
98 133 66
62 22 65
75 115 145
11 95 143
78 65 20
99 131 137
4 72 15
76 7 12
3 102 5
47 142 204
63 67 16
14 157 195
70 39 172
21 145 144
33 85 172
35 4 37
33 121 114
4 70 75
68 159 128
15 76 190
37 101 123
15 39 154
1 133 92
56 30 19
14 13 185
96 19 151
69 126 132
4 4 163
59 83 24
27 91 77
91 66 135
65 110 189
98 79 20
37 76 125
4 29 157
28 169 40
14 11 194
42 109 21
17 84 22
32 104 89
58 25 113
21 57 25
50 67 163
19 56 76
27 22 117
59 25 112
9 73 139
21 155 9
75 37 174
73 18 98
98 48 207
33 75 191
56 86 60
90 47 9
97 132 86
99 45 209
94 110 90
75 131 85
82 26 63
30 121 131
19 150 172
79 48 74
77 114 17
3 131 123
32 166 63
50 142 87
43 98 30
38 82 15
23 62 127
17 155 105
52 16 148
88 140 56
100 160 136
73 161 191
39 1 44
9 96 42
97 81 40
55 157 4
18 53 173
66 158 164
62 63 145
35 88 129
19 18 93
92 110 44
26 111 5
58 71 76
82 135 78
93 110 118
11 58 174
78 95 165
53 83 111
93 161 2
17 83 88
17 102 41
58 160 189
55 19 186
81 50 56
38 132 161
5 168 60
30 131 61
17 136 16
87 59 210
50 118 103
100 109 46
22 41 88
69 43 59
24 118 40
46 131 70
31 74 150
44 132 66
63 126 102
54 100 196
13 153 190
24 75 63
95 62 33
7 81 135
70 13 203
51 129 199
100 9 28
55 129 68
77 55 96
11 92 140
47 73 179
20 14 26
31 21 86
19 71 5
65 27 5
77 23 174
45 121 184
13 135 1
97 4 159
15 47 111
82 31 209
30 15 190
30 166 59
22 35 21
7 62 190
9 6 40
51 111 194
5 58 131
9 156 58
35 56 133
33 76 122
80 116 42
57 97 129
59 154 164
20 28 124
41 54 13
0 6 204
95 25 79
97 167 206
76 6 192
73 2 73
51 0 167
16 116 27
69 77 196
98 108 205
62 131 57
26 154 187
35 25 171
44 7 161
59 12 61
83 78 76
35 10 148
88 65 115
16 0 182
58 119 188
96 75 126
33 60 75
6 7 15
74 133 171
94 170 198
92 146 34
84 85 175
64 77 110
7 94 158
54 75 11
64 21 85
82 6 62
83 103 120
3 86 119
28 144 148
98 128 202
89 105 66
40 138 202
96 164 126
31 62 182
48 133 48
66 34 171
78 156 21
91 130 208
82 141 102
53 59 18
74 35 160
1 145 206
3 93 45
85 72 197
39 65 100
67 139 78
4 72 146
2 0 128
91 163 115
10 30 154
90 26 125
59 38 101
12 71 201
32 32 126
92 69 168
34 8 110
12 8 190
81 164 138
81 129 15
72 61 72
49 123 158
7 166 163
69 66 154
5 116 108
92 64 171
8 95 198
72 13 173
94 145 97
1 37 88
53 154 144
74 14 207
41 155 5
81 23 208
55 102 162
20 113 67
19 154 183
97 12 148
67 162 156
23 125 152
2 10 51
67 15 104
88 25 121
11 24 4
41 22 158
72 168 96
6 160 39
69 16 181
36 138 82
25 58 71
97 12 30
21 50 55
85 51 33
53 16 76
44 41 23
98 78 71
30 53 90
87 138 153
91 141 27
92 161 80
69 60 94
59 137 8
10 23 24
31 76 127
33 35 188
82 121 67
72 31 75
11 156 67
88 156 9
86 137 0
5 27 168
17 18 174
35 107 0
47 88 188
19 117 25
71 2 136
40 77 68
5 152 98
9 124 138
98 154 101
39 100 39
41 45 108
0 136 50
65 170 23
59 46 145
71 142 9
87 130 161
15 69 166
38 0 58
86 135 84
37 9 56
20 70 20
21 25 118
99 37 54
83 16 169
50 81 116
66 150 146
1 41 173
44 33 106
96 106 117
61 24 3
4 18 111
97 55 177
22 5 205
19 19 67
17 61 98
46 3 164
94 52 95
23 121 32
43 63 168
96 107 65
44 44 27
68 71 94
89 78 186
75 50 4
69 44 78
56 96 14
82 130 117
98 140 124
20 168 4
99 97 84
54 90 93
81 46 200
43 124 207
62 68 12
46 41 107
45 43 115
19 112 167
30 103 1
65 121 182
38 161 117
85 142 110
59 150 123
46 113 21
12 89 125
39 104 201
28 54 111
58 81 26
22 132 26
31 69 137
8 63 137
21 150 39
27 62 142
12 62 80
83 127 123
53 16 136
64 65 58
73 3 106
40 89 16
99 26 136
99 80 85
100 164 131
2 168 144
31 123 10
8 42 193
5 90 7
65 17 29
98 135 43
30 29 37
84 77 160
93 159 49
92 83 41
46 93 146
54 44 70
94 142 199
26 87 191
75 79 202
82 58 25
97 59 199
68 143 140
77 86 39
56 46 188
75 53 139
62 160 11
96 82 12
21 59 93
76 135 2
14 143 193
57 121 50
59 170 7
20 166 22
89 133 78
85 92 73
76 110 136
84 21 68
100 80 50
19 88 25
54 28 35
90 129 45
51 144 153
87 132 25
43 22 104
55 94 102
15 13 52
88 137 7
25 93 133
69 66 205
100 78 145
73 114 135
27 53 51
48 152 54
28 17 109
62 126 94
32 146 65
71 129 126
89 67 204
46 70 61
50 135 98
56 128 106
99 106 30
0 16 79
27 83 187
66 121 58
25 145 21
75 128 91
14 35 203
81 117 130
86 158 13
9 91 197
79 18 31
36 168 13
59 107 56
68 15 88
70 30 138
61 118 112
15 154 56
76 82 151
48 121 155
24 68 198
95 14 183
76 62 211
65 80 203
94 6 53
7 131 163
57 112 93
83 51 153
88 142 39
93 15 1
83 0 116
36 129 4
74 164 159
73 123 125
13 156 40
6 163 65
98 59 8
57 31 57
61 84 187
63 147 35
24 114 139
94 151 206
79 102 55
80 146 97
100 63 195
76 133 209
47 48 138
6 47 76
71 132 40
6 114 22
58 124 59
94 7 80
33 47 168
12 65 168
66 117 143
76 97 24
39 147 91
64 10 108
23 130 85
51 123 72
65 160 112
43 69 124
41 160 47
65 32 205
27 160 58
41 94 37
9 163 44
26 74 50
57 72 124
71 100 83
66 158 7
13 34 64
26 18 35
8 140 188
61 23 122
33 118 75
66 152 182
18 7 174
73 95 116
72 120 203
43 159 58
32 120 98
24 151 205
96 89 27
27 66 116
60 63 154
51 81 123
46 64 117
39 152 118
79 102 206
81 18 37
82 98 148
58 127 110
39 75 24
62 18 116
10 117 153
90 2 65
96 1 104
5 68 131
90 160 153
29 42 144
32 142 11
66 82 138
76 155 176
74 15 203
13 66 189
73 165 1
8 39 37
99 166 168
82 136 122
63 5 204
28 2 108
1 149 128
3 146 174
88 102 9
23 3 148
56 116 47
76 76 99
13 4 207
97 104 96
21 121 148
83 52 144
54 70 210
10 151 108
57 106 118
57 21 24
88 0 147
68 25 54
68 125 2
12 77 79
37 97 178
19 79 96
100 139 86
11 57 39
8 30 172
3 24 43
72 85 149
25 29 198
74 167 63
59 87 25
24 147 77
70 124 186
92 124 43
62 73 60
1 59 3
96 70 207
53 52 37
31 124 114
66 6 126
78 61 151
84 25 17
99 84 138
47 129 156
19 123 137
63 140 27
54 89 65
30 21 66
31 65 165
11 9 142
81 56 120
79 124 77
51 111 57
89 153 133
12 88 79
22 77 152
60 155 202
52 127 83
3 55 132
96 157 148
97 38 117
93 19 55
86 36 88
45 42 170
67 82 104
86 1 58
36 26 10
21 18 117
27 51 181
40 61 59
9 68 46
38 82 195
76 12 116
25 125 59
19 91 155
45 3 152
36 54 182
33 156 209
65 36 74
89 62 64
3 132 128
95 149 153
77 141 126
95 91 45
34 79 151
15 103 29
62 139 7
98 128 186
19 69 186
28 50 150
22 116 102
81 150 70
30 27 211
95 118 128
53 79 195
17 101 109
79 14 145
66 2 1
35 26 202
75 113 126
39 71 174
19 157 160
77 38 48
13 129 21
84 92 149
68 95 92
16 42 161
62 102 19
84 129 51
2 0 188
69 149 65
91 5 166
5 114 48
61 137 28
73 165 101
100 112 171
79 21 150
52 66 21
78 76 171
81 99 82
47 146 74
3 3 202
18 45 22
54 89 161
72 98 94
0 93 61
91 162 6
28 99 66
69 50 198
57 121 70
44 94 56
44 159 150
72 57 208
88 7 128
93 125 206
70 98 13
90 37 76
81 148 115
62 113 36
85 139 34
85 161 119
42 164 143
41 88 66
95 125 129
20 14 29
6 129 13
31 58 26
25 47 154
45 13 5
55 160 105
17 0 38
34 37 186
65 51 157
36 73 32
4 115 40
54 170 93
57 102 180
37 83 174
82 151 54
68 38 4
42 159 139
3 126 136
11 170 10
62 83 162
58 62 149
67 28 6
28 62 171
92 65 199
34 106 92
13 25 42
99 36 166
95 114 67
31 169 137
53 166 38
13 40 171
77 45 17
45 53 210
76 59 171
71 51 30
93 2 93
90 111 189
53 166 14
85 126 75
42 49 69
99 32 49
85 10 150
38 109 154
98 35 89
78 101 74
59 47 42
93 167 62
13 97 190
45 47 21
46 158 183
72 154 25
16 85 83
38 66 133
61 3 125
69 41 201
66 76 89
41 114 93
94 31 166
2 65 29
87 115 130
83 100 21
83 72 95
91 24 59
15 17 95
87 67 211
54 30 166
27 135 188
24 0 1
64 160 16
32 15 36
32 115 13
50 116 46
36 42 15
19 90 192
83 120 34
17 15 196
46 48 159
12 108 198
88 3 1
58 128 6
2 131 79
2 159 75
36 167 68
55 90 102
22 133 121
75 119 66
59 40 93
25 91 117
88 127 114
65 145 48
16 97 155
8 111 98
25 43 205
7 51 108
36 4 69
41 52 182
27 46 121
4 94 161
29 85 119
37 50 74
53 17 161
91 141 105
4 116 6
50 64 199
46 73 162
37 1 193
81 120 3
70 102 66
82 61 81
56 41 122
100 93 174
11 139 3
14 95 200
90 150 141
22 88 205
8 53 44
77 107 1
94 138 123
18 30 180
71 74 12
21 17 41
51 97 170
71 75 125
56 23 164
86 97 148
25 149 85
75 90 62
18 116 177
70 25 143
43 40 188
70 92 211
26 12 126
17 17 72
57 47 145
38 167 51
95 32 59
69 44 64
49 81 127
76 15 119
61 129 80
30 143 103
99 21 132
14 111 14
60 46 198
85 157 210
8 2 104
100 99 20
6 138 171
97 60 190
39 62 119
30 118 106
18 16 107
77 71 20
37 123 132
76 132 58
61 154 128
29 138 136
90 140 182
92 50 110
15 120 156
86 22 94
98 93 46
95 5 207
85 68 122
80 70 39
49 44 19
49 163 70
65 77 142
60 73 170
29 28 160
74 5 145
63 35 11
59 58 135
84 159 146
78 50 153
98 50 139
78 2 57
50 140 136
14 91 25
60 106 170
30 126 52
24 121 88
0 111 192
81 48 129
58 105 99
11 102 151
84 78 120
44 34 97
38 50 143
64 69 169
41 49 173
8 110 209
68 139 133
14 99 76
16 84 91
55 45 96
3 74 74
27 46 130
75 25 129
65 21 114
66 69 8
16 45 32
98 163 169
48 3 115
33 24 170
20 143 80
59 11 155
70 114 138
64 117 206
6 46 90
53 87 143
94 25 48
37 55 168
18 109 117
25 107 32
17 82 85
8 77 128
81 152 109
6 36 205
86 122 20
13 136 171
68 60 33
45 78 91
83 8 28
60 146 117
80 44 73
76 2 105
94 67 166
33 96 17
20 154 182
3 4 63
100 96 56
66 140 65
45 63 86
33 31 15
5 142 150
89 51 59
93 155 19
78 164 149
86 38 78
100 66 194
87 96 10
66 156 198
61 13 24
94 11 134
2 38 139
76 91 194
56 50 98
93 145 123
14 74 90
10 79 12
46 57 4
20 4 205
43 93 42
27 104 99
83 62 183
34 152 157
53 19 35
93 131 59
5 104 81
40 68 57
85 45 136
6 33 132
90 112 40
59 158 134
11 22 201
29 36 186
6 58 199
9 12 198
82 20 196
35 88 61
71 110 31
87 19 136
8 133 37
16 68 136
3 63 27
84 18 27
58 79 80
17 64 149
55 17 183
75 149 52
11 165 195
91 49 151
60 71 168
99 152 191
75 39 35
19 112 124
81 14 137
90 106 18
41 115 165
71 99 64
38 79 7
78 9 75
18 96 151
79 15 68
88 80 205
77 170 40
75 70 124
7 77 130
61 30 87
64 46 143
32 169 205
16 72 46
18 126 88
74 23 137
40 33 167
25 141 10
99 126 185
79 166 119
15 136 42
18 163 181
65 109 64
64 77 116
90 25 23
97 18 115
94 74 171
32 91 9
15 93 52
26 112 69
73 167 185
39 105 91
28 110 63
98 138 148
18 48 80
71 127 162
57 136 70
24 141 106
33 45 107
96 134 74
35 59 128
72 15 181
13 42 136
82 148 182
91 7 120
67 156 60
24 162 158
53 149 115
40 28 194
13 44 164
76 106 20
85 112 191
43 52 85
93 40 196
82 3 5
45 87 165
52 121 12
36 102 148
45 123 186
99 24 157
20 25 58
12 61 82
45 136 131
20 13 32
44 62 147
84 44 184
9 37 3
83 4 169
67 7 93
39 118 12
32 2 201
36 143 207
88 123 122
48 125 53
60 45 165
10 14 89
3 144 129
59 168 9
13 6 180
35 117 31
12 130 19
87 86 189
15 68 43
50 132 70
100 62 85
73 70 77
10 142 85
65 161 23
98 18 23
55 26 60
95 44 136
37 88 7
85 130 211
31 46 108
86 39 116
20 53 32
35 4 67
72 26 161
9 111 48
96 110 127
43 168 119
61 27 60
62 34 59
18 23 31
22 71 109
56 87 7
31 88 175
51 49 68
58 105 167
31 149 36
31 134 125
44 20 6
89 133 43
84 131 111
45 79 120
87 113 3
66 61 25
96 29 29
36 51 95
99 60 161
33 89 62
75 111 117
27 90 121
60 131 169
91 74 64
15 85 137
32 33 46
80 83 84
60 115 100
57 58 165
72 114 186
10 23 45
45 101 171
67 39 29
51 59 153
98 111 37
81 168 31
88 10 25
87 127 11
15 39 81
12 46 23
67 79 48
41 41 36
55 40 76
54 40 16
39 3 53
14 95 111
49 160 192
4 88 173
52 40 120
55 116 29
30 148 187
31 87 116
71 32 193
37 24 124
66 121 163
70 4 201
96 170 105
68 49 206
16 41 134
32 35 152
24 77 95
48 66 167
88 15 157
24 28 122
73 139 123
68 62 140
37 6 168
9 108 6
35 125 138
14 17 53
43 5 62
69 139 177
44 35 58
36 56 209
54 121 156
8 92 79
93 48 115
62 55 81
71 67 202
81 39 75
74 67 38
77 40 208
42 90 47
70 14 170
19 164 24
77 19 190
23 30 101
75 56 204
10 38 108
15 153 37
99 90 171
72 102 54
9 78 205
53 90 114
9 142 111
27 14 41
54 156 195
98 85 69
90 147 82
88 163 67
1 18 154
98 14 193
24 89 75
88 29 113
82 86 135
59 146 136
98 34 192
41 7 119
45 52 175
93 13 140
58 96 96
89 83 182
35 57 120
18 5 192
50 119 39
16 154 123
82 148 201
3 72 93
32 86 107
50 122 134
10 99 57
2 119 16
57 6 77
2 23 160
89 49 162
2 69 205
53 35 98
91 31 93
93 143 174
70 139 187
66 139 135
66 78 21
8 113 8
100 0 110
8 36 184
58 120 103
61 168 179
86 164 36
86 102 199
81 139 202
84 15 169
60 11 210
62 155 201
75 155 168
79 77 33
92 123 208
94 78 137
24 133 35
34 145 207
45 118 196
36 135 139
80 104 157
14 8 7
17 126 2
18 42 69
10 163 168
85 88 15
66 146 54
84 3 209
97 36 101
79 117 125
48 95 189
78 26 38
47 116 192
29 34 147
92 62 148
85 37 27
99 10 122
14 11 142
36 41 93
46 28 55
31 133 151
98 102 175
65 59 119
64 39 95
7 79 185
81 120 196
38 96 23
26 66 123
21 27 8
39 143 17
29 168 52
14 19 138
77 14 42
30 77 21
30 116 182
57 35 71
35 45 74
33 128 97
79 135 91
53 2 49
23 68 184
92 72 125
49 2 23
74 165 176
60 41 158
39 165 151
92 22 88
24 42 121
28 61 18
50 42 88
43 17 123
49 8 71
67 80 4
68 83 14
81 76 11
51 133 178
85 140 72
7 149 55
38 148 39
54 110 177
28 102 131
64 147 200
71 81 193
14 7 195
34 87 203
67 36 7
4 75 189
76 42 91
53 57 85
91 45 143
94 88 95
94 87 41
83 126 197
38 82 18
17 123 110
9 140 13
90 81 38
35 84 35
67 157 45
17 139 80
7 12 178
10 131 107
37 54 129
0 147 61
76 29 82
18 8 201
83 48 191
22 154 179
57 50 175
39 94 177
43 55 191
95 134 200
43 12 46
8 108 47
94 55 122
59 86 138
71 169 201
1 150 72
51 153 209
9 78 184
81 148 93
29 58 158
17 27 181
55 151 69
47 76 136
19 104 49
98 139 108
27 154 26
36 107 189
69 69 172
86 6 164
15 65 187
7 45 186
74 166 138
54 142 28
97 131 14
34 6 207
12 92 102
91 162 13
58 142 148
85 108 174
42 6 66
63 114 102
86 37 38
16 10 145
9 24 54
71 76 29
8 51 112
93 67 200
36 60 9
25 168 17
88 152 132
37 16 195
83 56 12
41 145 19
98 150 95
41 149 64
4 58 143
84 71 139
1 46 111
29 19 10
28 110 176
76 94 88
28 62 23
37 152 71
65 165 7
41 27 132
37 71 95
56 143 185
18 107 111
73 101 83
72 110 77
25 6 19
11 113 42
79 141 32
6 75 76
20 44 210
8 114 60
75 142 71
36 35 149
34 104 163
51 81 66
26 109 103
87 87 37
77 111 202
50 80 55
32 110 143
62 119 151
64 103 136
74 5 191
36 98 90
1 139 119
42 54 121
21 13 17
76 11 181
47 164 99
44 128 184
34 80 190
77 160 190
27 74 154
3 66 101
47 97 77
24 18 132
63 7 10
40 118 23
43 80 63
67 112 32
76 157 166
14 21 170
35 38 25
93 112 111
75 43 1
98 151 193
12 11 26
100 143 81
0 129 204
5 31 92
56 147 16
39 28 93
79 0 103
0 127 159
70 148 10
57 96 190
17 121 193
61 26 205
22 146 91
95 108 35
53 5 114
80 103 128
39 110 148
81 57 71
79 162 189
39 96 53
55 132 153
68 142 16
64 44 43
46 43 194
52 8 80
92 59 168
30 97 169
74 24 30
63 101 121
25 38 197
77 137 200
25 3 155
64 107 79
55 170 160
86 147 92
89 113 161
86 95 52
64 121 124
63 8 20
6 86 190
64 90 152
44 79 131
87 87 45
95 1 143
62 111 100
44 110 150
4 109 109
13 33 101
97 116 53
75 163 4
39 127 161
41 74 58
72 140 9
60 165 4
58 117 194
20 18 73
18 135 109
13 145 32
58 142 190
59 62 192
55 149 105
81 123 192
18 61 45
94 163 11
83 54 175
59 21 178
3 41 166
4 40 30
92 78 108
87 85 98
98 36 82
16 73 141
21 55 200
29 131 75
36 79 168
19 159 14
14 27 37
11 167 184
61 123 107
33 88 69
23 76 26
31 54 150
66 53 143
48 18 6
70 14 37
45 145 187
90 116 180
80 78 160
46 14 92
43 72 200
10 59 127
98 65 39
82 49 176
58 102 40
96 34 12
60 47 6
82 148 63
12 54 169
38 104 144
49 25 156
26 137 36
0 142 141
8 51 155
40 154 143
56 31 82
52 41 31
37 103 11
8 134 112
10 67 88
15 40 6
55 67 90
49 90 92
27 136 130
45 50 161
24 168 62
22 117 96
77 119 203
84 18 70
16 142 174
38 117 13
7 58 129
53 115 119
28 136 184
46 148 43
38 116 129
15 142 172
43 84 164
20 145 86
27 114 132
39 47 1
20 112 152
71 13 19
77 0 156
30 61 27
6 112 117
45 7 99
61 95 123
100 77 174
95 21 79
59 108 2
11 112 54
53 52 114
50 79 135
88 30 21
8 93 155
70 81 181
79 122 160
100 38 22
33 74 48
98 97 34
27 66 26
48 151 60
53 19 137
67 42 113
73 163 100
20 128 111
13 36 188
98 83 170
13 70 91
25 66 92
43 55 210
19 153 91
0 57 60
16 14 100
25 38 65
16 95 45
68 83 133
68 165 188
90 84 168
17 87 158
18 87 113
2 71 127
55 81 121
57 34 164
24 63 193
86 72 42
69 66 175
53 69 79
89 38 84
55 145 145
90 135 11
45 161 144
100 43 64
47 97 11
30 148 159
9 42 17
73 164 78
2 157 182
44 152 128
83 161 188
5 20 154
37 137 113
8 164 128
53 148 30
44 23 197
69 125 60
21 155 129
33 139 75
25 143 124
91 158 132
27 114 14
57 29 194
93 72 119
7 9 194
2 95 190
44 160 13
57 114 105
19 98 91
7 121 91
48 106 206
24 129 183
71 69 148
65 152 93
32 73 3
60 105 65
86 112 107
1 60 25
55 99 88
61 147 151
52 100 157
4 48 40
58 169 152
7 159 74
98 155 24
67 65 54
63 66 103
79 169 117
45 140 92
69 131 106
48 107 145
56 129 34
15 75 106
97 161 33
32 31 210
96 136 12
10 156 59
36 33 53
6 147 89
10 37 205
54 48 21
77 87 71
48 26 86
77 107 128
0 35 141
2 55 147
73 2 44
91 12 209
65 157 97
95 69 188
100 41 116
71 84 149
47 124 35
53 59 173
4 125 14
96 138 81
64 90 202
11 9 118
14 5 88
13 3 83
79 88 187
37 30 52
62 93 176
10 17 42
90 137 181
65 21 163
90 127 206
66 39 128
37 77 29
73 165 103
0 154 205
6 127 80
57 43 177
2 43 15
87 140 42
28 42 0
83 48 90
0 129 8
25 90 99
39 62 72
64 147 71
24 0 165
54 160 117
24 134 86
77 31 102
31 0 18
64 71 210
21 15 87
74 160 108
73 138 100
0 149 103
35 170 140
4 1 28
80 89 38
71 19 157
26 166 58
26 79 18
24 43 172
68 155 207
51 133 106
89 22 161
53 8 87
100 27 14
3 53 34
1 70 206
77 158 157
9 48 114
74 21 106
73 62 124
96 8 34
20 54 197
69 118 127
31 25 162
2 100 167
68 58 58
15 150 205
100 119 85
19 70 6
76 73 196
96 81 25
97 164 178
71 118 200
98 149 178
43 169 39
95 25 0
12 135 56
73 130 205
71 57 199
32 140 187
93 107 124
35 38 146
59 119 49
26 19 169
5 68 142
16 42 20
84 116 79
80 89 74
19 92 51
25 56 184
46 46 115
37 161 149
13 21 105
41 49 100
50 105 12
61 79 140
69 155 7
89 7 21
8 83 164
69 57 101
34 101 200
95 88 22
92 42 90
8 88 109
20 46 95
25 66 43
93 71 18
19 65 204
78 29 44
34 36 10
100 53 206
60 101 94
23 89 1
12 32 14
27 76 56
85 4 51
15 121 125
39 123 23
96 65 130
38 18 124
65 73 28
32 87 56
67 104 15
15 51 110
41 10 92
99 156 114
96 163 19
62 127 102
9 111 76
82 4 65
45 123 27
61 25 167
85 23 72
47 147 185
20 139 70
93 148 183
100 148 137
33 111 196
62 45 43
62 26 141
71 6 33
67 106 105
6 79 15
17 57 195
1 148 70
11 98 150
92 105 24
32 56 125
96 168 190
79 144 120
35 138 14
40 119 141
90 15 25
9 37 5
14 78 110
62 91 26
10 87 101
48 10 99
40 63 89
78 88 105
30 158 21
6 43 208
23 59 194
76 131 115
21 72 50
90 63 115
8 68 71
22 58 148
83 49 145
72 44 192
87 147 132
52 71 207
82 5 142
60 79 109
99 146 27
68 13 76
97 167 163
71 156 105
74 155 81
2 119 76
98 35 137
24 70 30
19 98 179
21 128 179
0 138 185
90 110 83
53 0 86
65 73 91
31 92 161
87 6 24
86 72 114
87 61 50
55 161 42
94 130 158
42 140 132
78 12 201
84 64 131
61 131 145
81 95 11
100 52 49
8 41 114
87 5 160
49 114 112
18 110 137
51 74 194
74 13 183
29 120 136
66 28 3
30 147 97
9 78 22
71 102 27
44 137 4
88 19 65
31 111 91
2 52 169
21 158 35
47 159 39
31 20 97
27 143 1
28 142 130
69 91 176
72 128 180
86 1 83
11 110 200
59 34 8
58 59 90
40 107 149
71 61 9
43 57 129
14 51 37
96 141 6
31 146 52
78 88 135
68 47 36
26 1 17
13 54 98
60 110 182
81 3 179
50 104 207
22 104 17
59 148 118
98 24 199
39 127 76
51 109 33
71 128 149
99 6 196
26 110 84
56 7 96
48 165 39
52 142 206
14 12 77
83 13 10
15 129 42
63 134 132
23 15 32
9 159 137
4 159 97
97 2 143
82 90 122
68 165 193
93 131 86
56 55 160
49 35 131
53 111 69
90 74 44
66 80 200
13 1 39
87 148 210
36 23 203
15 96 163
57 20 197
8 133 168
77 48 29
40 23 176
30 164 125
31 29 193
80 12 125
5 50 200
39 158 97
59 113 7
73 8 36
86 61 0
86 4 152
3 45 75
68 73 180
13 168 123
90 143 23
88 36 20
2 34 165
86 116 100
52 119 169
35 81 83
80 40 51
0 71 134
56 135 198
23 33 36
92 32 93
49 144 143
80 113 108
99 130 88
85 132 175
91 152 58
10 43 114
7 138 53
0 162 201
5 0 57
95 61 15
31 21 94
34 31 111
26 150 36
84 3 16
3 98 124
69 82 131
64 158 28
74 89 18
70 164 94
32 110 210
45 119 156
12 170 129
8 159 197
29 41 49
94 34 155
26 38 134
18 102 22
66 99 94
74 96 28
86 115 174
68 114 99
7 150 183
43 88 85
7 85 192
62 70 173
52 7 140
44 125 191
75 156 156
9 91 30
69 162 84
76 60 47
95 23 124
48 77 106
14 39 5
51 153 202
72 12 20
91 123 3
11 129 36
82 156 25
87 31 150
15 118 1
96 30 127
64 89 207
31 29 197
36 13 158
90 36 83
66 147 65
19 151 168
4 8 183
46 122 143
60 72 198
97 144 62
97 109 197
62 164 186
54 127 81
70 152 16
65 108 4
84 29 115
64 30 165
86 84 102
57 25 158
13 103 152
59 116 35
27 143 167
43 159 173
81 47 63
93 72 135
24 67 188
95 114 176
51 85 57
6 132 110
80 95 138
47 129 210
47 121 135
57 43 85
5 22 105
27 102 96
82 168 166
27 92 144
51 126 143
63 21 92
36 70 28
26 13 106
68 8 59
11 170 192
67 50 88
78 45 163
98 152 30
71 50 22
94 67 201
36 112 199
35 131 171
68 36 148
79 106 75
57 119 148
7 70 194
64 69 36
60 162 59
31 59 48
86 1 102
0 91 96
93 123 0
1 83 204
89 75 123
82 67 153
18 157 77
0 70 55
25 68 74
41 118 79
89 0 118
46 154 165
69 168 197
19 27 41
84 137 79
76 169 112
63 23 65
39 117 126
29 138 77
59 43 47
15 91 81
64 170 57
63 55 83
30 14 8
33 130 69
24 156 199
48 9 199
4 144 29
73 139 182
80 68 112
45 105 37
1 131 84
78 146 98
56 152 15
37 5 75
14 28 99
46 50 12
89 129 110
7 69 50
17 2 16
14 60 185
42 44 59
54 76 160
12 121 76
17 16 190
61 133 167
83 61 6
50 37 89
50 156 73
92 150 7
60 51 31
17 43 143
74 50 97
56 145 111
44 107 205
38 71 30
5 161 11
30 71 91
53 157 18
71 73 197
40 163 82
36 8 33
23 28 147
96 6 148
9 4 125
35 92 121
28 116 101
20 14 9
61 111 53
14 24 134
1 138 191
61 115 194
99 168 104
31 90 200
68 154 6
77 34 42
2 29 103
92 148 23
0 150 76
26 98 195
93 135 72
50 56 179
73 147 147
3 22 82
62 100 33
46 104 80
73 45 1
45 99 36
98 68 119
19 28 77
59 2 175
55 107 155
5 90 98
22 150 13
34 97 75
33 29 84
35 91 150
22 137 158
18 61 191
68 23 140
69 91 158
82 103 45
8 109 23
84 76 94
41 27 9
54 100 160
77 149 142
35 69 122
7 139 162
99 167 193
99 109 36
0 156 184
73 62 3
95 48 15
23 78 194
42 70 21
64 25 197
79 155 86
84 130 59
33 142 143
48 66 38
2 92 38
0 41 7
73 159 53
49 11 100
47 77 94
93 55 76
87 42 65
81 78 157
44 120 54
78 149 156
2 28 177
33 114 9
8 122 112
95 9 157
11 26 16
13 80 44
62 158 151
94 163 29
32 73 168
50 42 59
92 138 29
2 104 150
12 129 173
77 1 62
64 82 176
7 86 185
42 15 14
39 94 21
83 79 147
72 119 128
3 23 193
82 36 160
37 20 117
79 28 115
62 39 118
80 25 32
55 44 160
44 80 144
23 66 54
25 150 115
12 6 73
74 121 132
88 77 165
94 79 115
26 45 207
85 94 100
33 89 142
71 26 89
83 39 6
21 33 43
34 33 137
59 95 146
82 54 183
82 56 101
63 115 23
24 53 39
39 144 125
50 147 107
62 103 179
54 76 211
30 122 150
92 147 106
22 145 43
68 82 110
34 34 200
30 129 49
89 76 43
72 14 57
24 162 106
65 49 110
22 120 60
14 88 47
79 169 196
78 68 186
49 135 202
94 114 83
23 155 204
43 32 34
0 7 95
71 2 103
72 119 7
48 141 120
55 57 192
85 133 47
12 73 124
31 4 101
48 18 150
54 11 180
3 163 148
84 50 151
59 14 202
68 1 182
20 93 44
43 37 155
72 6 58
59 74 125
73 1 95
2 90 28
100 56 178
93 26 110
31 1 19
92 35 171
76 80 166
1 24 35
82 85 113
81 96 19
58 22 129
31 63 132
50 130 32
3 157 209
22 52 28
79 144 0
22 7 41
60 84 169
78 169 36
43 124 172
82 89 28
76 66 158
67 103 178
23 1 198
44 155 85
74 49 102
78 110 16
13 139 68
33 148 6
29 52 156
88 91 109
60 53 38
99 8 176
84 52 186
66 104 2
48 55 88
96 10 77
70 2 112
15 142 175
68 53 17
60 70 115
43 11 197
8 40 116
35 24 185
10 67 150
31 22 148
51 120 85
73 79 186
62 52 92
15 115 102
26 70 132
72 110 24
78 86 29
95 150 78
79 34 174
74 120 1
32 43 154
5 125 154
92 77 17
65 20 193
25 138 120
31 78 136
80 126 115
11 100 18
80 76 36
10 123 161
65 84 131
75 131 15
27 83 210
16 106 169
75 108 48
21 66 182
88 78 34
12 76 193
24 144 128
91 27 76
44 102 146
6 7 181
29 140 97
11 162 105
65 43 29
75 66 181
40 15 125
38 107 143
0 169 96
27 105 168
24 87 153
29 134 70
79 159 132
74 139 101
49 25 208
24 111 78
9 128 141
35 57 164
53 19 92
23 145 8
79 148 66
64 34 196
58 103 191
7 5 201
6 4 13
34 18 59
59 54 100
25 32 104
68 103 19
88 118 65
100 11 13
86 145 182
69 3 72
89 26 126
66 29 187
93 50 132
36 146 138
20 104 109
67 81 148
60 25 19
26 100 191
72 38 113
24 38 83
12 118 121
4 133 186
61 61 43
30 96 13
65 21 28
41 39 74
64 128 121
2 24 136
47 148 177
70 61 124
86 152 211
70 129 130
75 28 51
29 14 46
94 144 202
40 107 60
96 28 176
80 12 96
63 23 62
92 24 158
62 52 139
79 73 41
64 99 59
96 77 189
27 155 55
85 22 178
64 139 20
2 16 155
15 120 22
66 55 211
3 81 170
78 109 53
4 160 46
60 43 44
58 105 143
53 28 27
65 169 41
19 99 49
13 168 55
30 52 59
34 82 34
52 158 128
31 1 26
70 72 206
40 25 30
90 9 163
25 50 90
5 113 18
38 78 204
52 137 111
100 138 62
85 111 26
26 28 16
77 59 26
98 154 83
42 34 131
50 53 37
9 116 174
45 31 115
56 19 73
33 6 11
67 55 138
38 119 149
25 34 149
71 169 49
73 25 136
96 10 100
75 6 88
48 45 9
67 58 181
100 36 35
14 64 167
95 25 53
87 42 107
39 26 33
68 56 153
90 114 10
62 36 57
90 74 85
82 136 210
23 161 113
56 26 46
52 131 95
0 59 167
90 80 128
81 122 60
90 93 144
12 71 96
40 108 199
67 62 167
55 164 118
53 82 91
22 72 110
63 83 190
80 77 55
52 119 181
14 49 86
67 100 98
57 60 10
5 21 60
48 40 187
78 1 207
86 57 151
79 62 181
21 123 170
14 18 60
40 68 203
36 21 5
8 166 34
12 148 64
95 72 101
1 74 107
74 26 30
53 153 89
64 11 61
91 32 114
55 55 3
46 103 44
53 70 46
86 165 173
91 126 211
71 102 75
6 152 7
99 125 56
63 165 184
46 80 40
7 80 130
90 130 105
98 123 127
76 49 4
46 148 5
45 110 161
92 3 119
76 156 153
75 99 211
50 33 199
8 32 103
35 94 195
70 46 16
34 12 153
70 50 80
38 132 4
58 95 178
22 157 169
95 111 105
23 118 152
53 158 58
27 82 101
81 98 61
48 169 114
38 101 3
6 84 28
16 7 210
40 150 41
93 42 41
57 75 93
67 117 37
94 17 62
12 15 140
1 143 66
53 112 132
37 48 92
5 38 100
47 1 209
45 162 155
64 87 46
73 112 64
85 107 192
86 68 2
4 133 157
29 17 96
65 155 139
95 148 31
22 165 58
34 11 76
8 141 8
64 25 184
31 125 83
12 122 9
86 59 72
45 5 95
31 104 73
65 167 69
27 125 70
2 156 131
4 11 33
89 163 106
28 159 106
6 64 152
22 16 42
52 74 195
40 110 152
95 94 163
69 123 130
48 73 13
79 166 141
66 37 206
23 82 31
10 167 174
52 6 104
53 5 49
44 163 63
40 44 98
18 10 176
17 126 163
37 30 182
50 144 75
100 62 69
86 14 90
1 12 65
35 59 170
6 33 23
35 46 193
69 141 28
31 163 133
15 118 49
22 28 46
66 67 138
26 26 113
69 100 105
45 68 117
17 38 39
63 110 52
2 50 207
52 99 204
75 158 131
13 48 111
25 66 191
53 68 73
82 125 133
28 154 195
31 75 204
2 159 113
6 85 97
50 37 98
25 166 2
97 62 49
59 124 136
78 150 22
99 4 85
46 12 85
71 100 9
10 117 208
19 57 174
82 99 140
25 145 155
29 125 145
50 122 87
100 29 208
93 97 70
27 65 142
85 39 101
91 10 161
77 68 0
1 95 185
8 159 30
69 42 202
26 73 113
65 86 90
63 49 180
24 56 200
6 0 101
6 64 85
30 130 159
32 91 0
89 66 86
38 23 202
99 65 48
13 113 177
98 138 88
1 9 1
100 1 161
33 126 1
3 147 130
63 46 31
60 99 108
30 6 49
50 132 171
14 88 71
57 137 178
3 111 1
0 120 175
26 155 64
19 76 16
86 32 175
42 65 125
79 79 94
79 82 155
73 56 50
1 65 207
87 114 94
88 156 138
69 133 191
96 164 103
9 48 197
46 154 77
21 121 57
43 100 16
60 144 39
86 79 196
99 130 196
2 122 197
94 125 25
55 22 131
80 48 113
88 143 54
10 143 150
96 33 41
77 144 176
20 128 99
72 41 125
30 100 80
49 129 43
79 117 92
90 20 9
69 20 165
47 158 87
48 36 151
70 34 127
56 15 202
48 74 75
64 167 208
80 136 125
80 85 85
95 30 59
72 153 93
36 25 74
69 24 89
87 5 34
17 35 172
52 3 103
66 154 1
13 31 131
51 160 57
40 37 163
93 65 106
67 8 92
17 60 194
91 143 110
71 118 68
21 118 82
19 53 61
18 163 110
77 151 196
14 20 41
80 33 75
24 47 141
42 133 126
10 58 141
60 17 187
41 31 17
50 150 107
52 47 177
64 165 140
3 31 76
59 10 178
96 159 27
41 99 163
65 11 70
78 116 147
37 168 7
100 55 110
48 117 60
79 23 163
22 59 30
36 45 6
40 30 186
2 51 19
59 154 88
55 160 169
60 27 148
46 48 171
14 151 77
89 86 1
43 164 183
39 63 200
86 105 122
46 99 121
7 119 184
34 170 28
82 35 158
47 62 89
92 58 40
89 7 73
37 8 142
57 111 150
27 77 166
44 170 154
44 49 25
61 31 0
70 50 61
2 18 163
99 52 57
57 133 161
32 135 189
53 26 116
32 33 55
50 12 24
32 22 147
2 41 170
21 79 37
66 10 58
64 18 166
14 72 73
69 99 70
62 79 21
19 151 134
9 18 110
22 67 178
69 77 131
12 55 52
27 132 166
87 29 129
33 141 87
78 160 178
55 80 78
77 5 53
62 70 193
50 89 6
99 64 189
86 1 0
40 37 65
37 51 136
39 11 12
24 72 27
68 64 48
1 144 1
69 12 88
45 152 84
14 96 58
78 101 40
37 85 16
96 124 101
87 45 113
7 79 184
83 121 205
74 118 171
14 150 162
84 65 195
4 15 197
51 121 108
98 61 30
9 147 24
47 63 117
20 109 0
57 39 49
95 27 118
75 20 153
95 131 38
45 42 87
40 163 210
15 117 172
33 142 86
47 90 110
79 69 164
10 165 167
75 86 140
27 141 50
23 149 164
26 32 75
54 133 19
26 46 105
48 78 200
70 106 193
10 44 204
41 20 202
16 56 60
32 128 170
84 103 74
13 28 175
67 35 105
42 141 64
48 96 179
34 43 168
58 53 69
12 136 132
64 121 37
16 107 210
12 78 44
88 61 55
98 83 185
84 42 23
21 93 160
78 150 16
47 113 62
11 45 185
50 18 39
52 42 190
28 11 91
14 121 142
37 45 174
11 153 28
31 143 102
34 6 137
37 35 186
1 78 78
5 13 202
80 23 152
49 135 15
70 89 48
61 128 211
50 112 29
5 151 105
41 68 159
18 138 122
20 143 20
56 126 3
89 37 149
26 21 43
86 42 39
51 96 140
77 72 3
1 139 146
68 158 26
42 141 11
7 26 152
52 122 211
88 101 49
69 63 64
39 141 82
26 19 159
81 87 124
95 8 154
41 109 12
37 89 8
49 126 202
75 119 206
51 138 132
93 94 107
86 153 67
74 5 76
53 76 188
37 54 61
28 30 75
36 24 74
74 17 147
81 57 104
73 153 90
53 87 21
38 17 68
78 62 112
38 63 151
2 113 48
23 121 123
18 114 61
93 19 64
59 0 9
25 38 175
76 170 49
42 157 34
65 62 145
10 59 77
21 4 128
23 17 180
86 89 67
44 91 93
15 50 34
84 52 129
43 63 63
10 115 69
93 125 78
46 54 125
27 73 71
94 131 193
67 74 188
45 168 82
68 7 104
43 91 86
80 130 110
14 95 86
32 70 12
38 140 19
24 157 88
68 13 137
49 72 128
26 104 97
66 108 45
81 14 94
39 74 0
32 106 155
66 101 5
11 106 107
23 63 159
90 139 116
81 103 144
49 116 83
14 131 92
17 82 156
20 22 25
43 23 139
29 56 36
98 66 147
53 8 157
52 113 103
59 134 173
38 161 199
81 20 13
31 146 182
71 147 207
28 71 130
5 97 80
29 112 94
51 120 193
38 29 104
59 150 97
4 46 84
7 25 140
31 105 93
55 98 59
42 58 11
97 12 145
28 109 153
45 96 194
45 76 3
41 132 190
65 33 201
60 52 38
4 19 147
45 127 36
36 163 193
28 75 172
40 124 150
17 19 205
90 1 89
28 68 143
23 149 158
5 93 84
39 132 60
66 80 177
10 121 109
67 73 195
82 63 157
11 83 206
89 32 211
14 12 12
66 46 204
1 25 157
86 131 112
18 107 96
43 140 154
62 94 34
65 54 66
11 29 134
68 106 186
74 109 11
81 72 115
35 13 153
87 163 153
45 4 46
38 1 150
57 95 75
76 39 136
95 29 46
31 78 203
9 59 24
13 6 201
11 35 8
8 85 160
24 21 176
54 20 2
62 164 37
33 1 50
71 70 191
98 53 208
95 129 167
12 57 42
68 52 98
46 15 24
14 52 193
54 38 173
62 40 91
18 31 60
87 33 24
32 67 30
51 119 72
34 102 155
86 9 158
11 164 204
89 130 160
97 150 103
8 5 137
10 168 127
75 140 101
100 166 147
27 144 17
11 134 16
90 127 113
48 40 108
8 76 76
32 161 5
8 147 191
54 50 49
7 5 12
96 126 205
40 82 206
15 22 133
24 63 203
31 33 165
9 106 154
85 108 201
74 13 189
6 136 120
2 146 2
49 98 199
93 39 145
39 51 20
25 81 105
44 37 49
1 65 50
4 142 26
52 0 19
66 144 7
64 55 109
33 12 37
4 15 93
1 9 180
71 97 56
99 105 33
18 39 59
93 48 22
8 45 92
79 147 17
72 148 12
34 21 131
21 92 35
70 108 128
0 160 15
68 168 87
51 2 60
13 49 55
63 19 176
53 94 120
89 167 33
68 97 21
9 13 143
78 97 86
91 80 39
67 118 67
31 1 185
91 38 167
41 148 35
65 6 160
93 38 49
37 32 3
33 83 74
43 78 180
20 11 160
62 38 205
85 49 82
89 17 159
29 141 190
44 9 19
76 3 40
19 99 187
61 130 163
69 69 85
61 9 41
54 26 56
46 128 210
71 99 22
8 57 103
82 56 111
95 32 57
71 52 61
80 89 171
48 134 60
48 37 28
13 143 175
6 121 81
61 38 20
43 121 129
84 122 34
52 72 14
16 6 94
55 141 55
78 52 112
95 96 131
26 108 14
80 151 58
27 128 74
30 10 63
95 169 51
57 143 141
48 63 118
28 76 156
49 165 138
29 113 137
89 96 54
51 119 164
95 17 16
30 151 85
67 107 203
37 59 191
75 39 24
60 155 12
20 129 178
49 136 167
43 28 79
43 119 2
92 41 34
45 86 156
70 0 127
99 15 20
39 159 148
15 61 21
34 53 165
91 42 175
59 170 91
96 91 75
93 141 144
41 37 125
78 165 33
72 129 175
9 99 203
84 14 127
1 127 181
51 116 55
72 121 126
88 76 15
66 17 0
90 9 89
67 102 184
39 78 20
19 71 82
98 55 152
75 136 59
60 40 84
63 71 120
78 116 22
36 92 185
54 3 7
3 27 145
29 129 180
68 24 179
2 134 169
7 78 210
99 46 2
47 35 135
91 80 97
81 84 62
54 13 176
95 150 114
67 48 164
57 43 192
31 36 136
88 23 58
59 94 174
22 60 72
46 102 86
65 8 106
24 17 131
88 129 164
90 101 189
60 55 23
13 122 165
88 44 26
88 167 24
45 112 168
53 109 195
4 18 144
94 116 94
25 65 72
46 20 14
48 27 114
8 146 110
99 123 94
14 33 148
15 17 154
26 169 136
94 122 38
1 45 146
42 52 16
25 84 18
7 107 53
86 38 57
82 99 132
82 53 192
69 89 12
19 146 3
30 133 208
79 168 114
53 103 103
66 168 30
24 75 42
1 163 132
14 6 84
74 71 172
99 89 76
19 52 167
78 18 24
24 130 1
60 133 72
42 70 76
89 24 50
10 44 156
79 100 0
87 15 195
41 35 180
69 90 18
30 66 148
10 114 0
22 107 201
87 127 98
77 35 46
86 162 162
91 154 108
5 106 195
7 78 109
45 28 189
97 100 117
41 51 150
52 29 66
92 127 10
29 21 139
37 84 34
47 152 202
46 9 159
32 115 14
88 156 190
30 111 77
44 48 101
85 102 157
45 97 127
79 120 32
1 88 45
3 138 97
60 86 13
63 63 201
8 10 188
81 54 113
75 59 17
44 97 8
81 40 123
7 101 154
12 104 135
74 26 177
77 37 45
98 8 64
43 118 190
7 118 11
7 158 211
95 158 121
52 99 209
34 89 0
22 133 24
78 78 193
63 140 47
3 12 140
26 56 41
71 158 1
63 125 166
80 93 9
88 155 127
35 17 4
68 112 209
99 36 129
38 140 199
42 119 6
59 127 12
40 147 159
97 115 176
70 131 46
60 76 168
77 156 41
100 69 118
25 170 195
41 156 75
26 109 20
53 21 38
19 44 50
5 167 170
99 101 29
19 44 159
18 54 21
29 129 29
18 79 198
92 133 18
40 136 88
40 128 197
55 163 205
83 81 30
85 160 85
62 50 66
10 158 82
97 0 5
82 124 51
43 6 145
93 14 109
71 166 104
51 97 131
51 158 63
47 107 177
14 26 27
19 156 129
7 92 153
42 64 174
69 144 121
53 114 172
61 80 137
52 73 186
21 3 185
36 79 55
98 83 158
40 136 97
57 156 26
1 134 85
38 163 159
31 165 85
86 107 28
60 98 60
0 170 112
8 163 94
21 58 33
13 54 156
81 96 39
97 12 108
66 30 30
9 148 101
44 54 97
95 163 35
61 80 209
39 18 181
81 58 49
4 47 114
8 21 26
90 153 178
7 17 195
60 30 16
90 130 172
49 82 74
92 144 40
91 42 191
81 156 142
65 80 206
73 97 48
55 121 164
33 64 159
91 37 69
71 10 134
58 130 210
61 159 108
89 15 42
32 9 45
85 2 141
86 87 127
36 4 194
42 166 200
92 107 48
51 56 135
36 80 198
47 35 102
24 5 162
53 56 37
93 45 198
75 143 59
62 26 31
64 46 128
67 147 137
31 37 82
97 38 115
91 0 53
68 38 209
64 64 157
14 157 171
54 163 174
15 82 175
36 62 141
84 132 92
77 22 198
18 49 136
3 27 140
43 44 9
6 70 50
84 57 27
66 47 99
55 13 67
51 9 3
23 169 69
70 4 154
37 98 103
60 67 175
78 112 97
1 25 89
99 119 208
96 163 57
13 118 194
63 166 201
58 5 164
41 43 149
52 49 47
24 101 101
89 65 35
53 83 36
28 151 42
33 114 23
36 134 204
82 29 32
93 16 32
40 90 8
79 130 17
32 35 138
39 77 121
17 21 143
48 38 189
15 40 63
71 1 123
7 64 179
51 15 106
97 25 182
1 103 41
68 105 75
20 45 169
69 99 100
79 62 19
5 35 56
65 51 16
26 164 195
97 94 77
75 121 153
98 150 34
9 96 120
17 101 6
13 153 18
88 126 193
45 67 117
90 87 177
25 42 124
58 58 46
88 17 177
8 153 26
39 9 192
53 133 118
45 43 39
18 167 201
65 72 210
19 86 142
8 140 53
57 77 59
44 24 78
62 22 120
42 154 149
9 14 23
54 160 188
31 5 94
14 49 40
100 107 119
28 25 95
5 108 37
35 65 33
80 126 166
23 89 42
9 53 19
74 69 34
56 23 194
45 17 81
32 84 114
98 4 140
80 39 40
3 51 130
60 25 73
55 63 103
49 46 178
61 23 133
28 165 14
72 62 166
71 150 77
21 138 177
88 77 70
10 138 194
96 130 200
78 77 42
33 5 8
85 106 67
71 119 136
97 154 49
86 18 33
88 105 11
47 89 135
18 138 96
48 104 75
97 81 10
19 69 147
81 135 4
43 28 200
55 8 150
74 39 160
34 101 66
8 128 201
7 96 44
77 148 52
24 132 127
51 68 174
37 59 105
9 105 126
47 147 204
74 138 149
11 42 160
75 157 106
22 66 42
4 154 104
27 149 80
53 158 67
53 36 150
83 106 196
74 95 170
94 86 116
93 40 90
79 85 78
58 136 31
83 60 58
87 22 31
82 6 202
64 63 138
4 126 105
58 88 176
5 71 100
51 80 86
69 59 157
39 85 166
13 14 158
28 25 204
32 146 46
3 59 47
65 84 179
56 94 94
83 47 34
24 28 199
67 88 152
72 77 171
74 3 150
51 55 178
23 33 52
16 38 208
57 89 15
32 160 56
100 66 53
18 51 50
19 79 75
3 80 107
78 54 131
27 164 129
30 105 97
57 158 192
99 109 108
69 123 183
44 73 203
0 150 197
100 62 103
21 47 209
33 56 61
65 128 32
26 137 21
22 39 102
33 7 166
83 7 176
75 64 14
97 29 106
1 81 58
59 69 12
26 79 161
25 65 70
42 137 123
82 153 3
12 146 63
60 100 146
84 4 197
15 44 66
25 28 183
17 16 9
82 52 154
69 129 198
98 169 189
41 72 157
80 112 45
49 154 163
71 50 118
78 142 124
88 150 186
24 51 39
95 96 79
25 49 12
57 114 12
59 14 104
6 128 207
51 86 136
10 162 32
18 147 165
31 111 34
68 125 123
11 116 15
17 82 27
6 46 64
44 86 112
5 48 86
14 157 164
18 137 25
24 99 0
45 85 23
12 33 98
29 96 145
7 103 94
3 38 119
26 70 73
47 64 97
17 159 66
84 108 171
91 81 182
8 72 37
7 4 68
27 25 202
26 35 84
53 162 148
6 20 47
29 148 27
5 156 48
7 18 103
3 134 201
37 25 116
90 166 122
9 1 113
74 159 188
76 51 134
64 117 23
77 152 81
74 70 184
95 152 31
71 98 158
20 112 206
99 95 90
74 30 92
43 77 127
57 93 16
22 9 200
27 166 162
90 140 114
93 72 208
53 42 57
6 111 49
1 28 81
76 74 43
90 121 39
83 157 42
98 140 203
20 163 43
4 163 77
56 10 194
75 77 108
83 3 37
86 79 149
43 138 35
89 24 86
64 156 169
54 0 189
32 73 37
6 6 92
66 23 5
73 115 46
13 108 180
66 108 189
62 132 12
17 67 184
14 143 71
23 135 14
62 15 177
47 125 208
9 159 50
14 48 190
97 26 32
47 128 116
65 21 119
32 23 97
30 15 167
30 146 131
78 130 60
62 131 176
34 22 9
60 134 210
55 40 186
5 158 75
76 6 12
91 75 192
33 9 82
14 7 1
29 14 106
80 98 93
55 158 6
56 11 147
24 85 22
6 169 6
91 122 129
46 2 192
28 76 131
60 98 125
57 59 108
43 42 12
74 22 85
100 151 202
37 44 109
23 134 205
73 143 49
7 23 18
92 54 147
38 32 27
2 8 140
8 134 129
46 81 132
42 9 171
44 23 74
62 87 100
72 14 86
97 149 58
64 50 62
78 46 35
50 56 167
69 68 163
72 127 66
19 73 202
51 83 3
61 67 59
40 31 196
53 116 166
86 147 60
90 155 103
23 122 7
59 133 23
69 135 178
54 116 202
99 138 141
97 115 62
88 64 54
84 77 139
82 141 39
76 85 39
8 70 43
46 135 51
45 114 122
80 104 13
63 83 171
40 147 78
9 96 20
37 120 108
74 26 36
61 82 152
39 100 104
27 25 84
9 17 99
83 33 91
10 128 172
14 101 186
16 18 5
36 32 203
47 83 145
54 130 11
47 34 38
86 140 62
84 86 96
99 91 113
59 90 5
42 116 204
78 32 70
13 26 151
86 22 81
76 83 103
43 76 48
8 30 125
88 41 161
62 104 22
71 147 21
31 151 68
2 82 0
8 113 41
36 145 192
11 127 95
89 26 170
40 150 28
88 152 70
10 92 29
64 90 26
18 16 174
70 104 204
20 15 23
31 32 177
91 18 180
18 141 201
61 94 13
65 56 145
5 168 75
59 124 14
90 6 69
13 134 53
75 81 196
65 102 211
60 163 33
45 31 31
27 136 209
37 20 58
32 130 68
46 63 210
71 36 102
13 169 159
6 112 184
24 163 20
95 15 211
66 161 158
3 72 56
65 119 189
18 48 116
33 21 112
64 82 100
53 84 121
30 129 23
60 165 15
78 18 64
30 61 63
84 100 89
30 0 176
13 28 120
75 5 188
82 62 41
98 147 53
63 167 126
89 73 99
22 86 52
77 148 194
2 2 47
7 75 67
92 46 43
92 92 41
1 111 181
27 50 28
61 61 156
17 47 102
9 129 57
22 61 185
20 112 76
58 164 25
88 12 122
14 6 44
59 57 1
42 90 56
8 75 18
27 70 65
9 72 51
38 50 48
36 129 114
43 83 92
25 122 193
69 75 20
83 124 187
41 160 101
80 88 201
24 78 103
66 120 191
36 165 112
95 137 62
72 103 85
67 44 13
76 61 49
17 44 178
31 32 66
51 102 104
43 93 208
7 36 23
44 27 3
9 31 124
11 56 95
38 87 123
43 22 177
27 124 157
25 39 113
45 166 107
86 141 197
18 142 27
46 72 211
2 136 141
74 151 100
65 41 79
21 39 178
0 11 126
83 158 116
37 0 162
68 90 68
100 16 124
9 50 68
63 158 92
77 158 83
30 84 88
35 30 42
73 142 211
41 78 189
53 114 188
57 1 111
17 82 9
89 38 80
39 134 119
4 47 137
96 3 102
96 62 2
29 27 29
51 93 195
73 71 202
91 151 162
79 93 141
80 67 152
83 120 48
89 20 152
41 97 177
52 162 51
71 168 54
89 139 14
87 64 172
90 33 119
56 61 194
6 127 56
87 119 178
56 90 27
38 165 155
96 73 15
34 150 87
52 151 195
13 46 148
91 126 124
17 77 61
55 79 97
13 45 104
86 153 149
29 47 97
12 29 94
20 121 42
35 128 101
58 94 25
74 80 77
43 49 140
22 40 86
60 1 140
66 83 197
7 59 35
6 68 197
36 147 72
36 48 24
31 121 66
17 28 91
49 154 141
5 71 74
5 115 121
1 89 51
75 122 118
71 60 65
30 112 165
64 74 155
41 83 56
44 137 47
34 7 74
15 16 167
97 148 155
38 84 76
47 138 27
24 151 20
64 151 56
72 19 184
33 107 106
72 118 146
35 85 198
11 154 70
2 115 190
57 156 139
75 13 62
46 73 39
57 39 201
43 101 102
15 16 150
72 92 170
40 108 158
65 101 159
7 77 43
75 168 46
44 91 55
2 16 114
62 2 195
22 26 156
13 164 136
88 76 113
84 117 45
91 128 147
50 2 167
2 53 66
24 33 115
11 148 0
8 163 39
88 165 32
44 42 118
0 97 3
15 134 3
40 42 174
27 145 205
16 3 45
54 142 122
89 32 209
68 89 121
17 101 73
8 54 46
99 31 197
37 2 179
91 24 48
63 146 154
12 51 7
29 146 150
50 77 72
88 33 81
30 7 141
17 107 191
95 28 54
67 91 15
90 119 201
63 133 8
38 47 0
54 15 58
41 143 72
47 143 22
90 23 107
70 104 90
34 148 195
7 77 88
63 95 100
47 54 78
53 56 119
22 152 137
29 138 111
28 38 112
40 54 126
70 5 15
50 45 99
60 106 176
61 39 93
23 14 45
7 104 141
77 64 196
9 0 190
7 26 114
26 135 65
39 122 56
2 35 77
35 22 79
41 96 52
16 141 148
11 130 67
44 133 27
40 127 82
17 115 5
52 90 119
25 160 5
78 60 42
21 43 150
78 34 117
7 129 113
36 29 31
87 54 186
30 104 65
39 48 131
37 82 50
97 114 69
88 116 84
89 90 35
42 105 89
61 130 203
67 119 126
24 57 107
95 32 194
43 13 30
87 69 157
67 129 200
35 0 120
61 62 116
15 1 48
55 114 88
6 64 43
15 80 93
74 22 90
44 16 33
45 64 151
10 72 179
49 45 195
95 14 205
66 59 154
12 69 170
69 7 171
40 160 40
59 97 65
76 28 71
63 83 35
64 112 51
52 94 205
62 102 202
17 60 196
31 115 59
70 59 29
49 116 144
94 144 160
22 89 115
77 131 91
95 119 131
99 26 17
51 167 149
57 30 206
36 95 16
61 45 184
40 59 172
99 91 138
93 23 149
38 40 155
13 47 179
44 50 128
51 82 178
1 141 13
100 168 11
82 18 208
1 48 18
51 104 189
100 169 85
84 86 7
24 9 166
49 37 144
0 47 146
87 83 172
76 38 156
49 150 18
25 109 7
42 65 173
14 86 46
62 34 56
43 42 54
71 102 129
25 44 195
76 131 150
37 71 54
64 90 2
99 142 32
94 94 110
4 18 165
12 162 58
45 91 192
11 54 55
25 109 209
31 169 122
67 114 163
54 145 132
66 150 27
73 20 95
73 134 126
45 165 179
17 123 113
85 108 27
18 71 51
84 132 144
20 36 8
13 78 37
61 137 139
59 125 183
89 137 89
2 162 99
59 101 194
31 125 163
99 47 54
90 162 202
78 86 183
39 71 79
93 7 37
16 80 91
81 7 109
95 29 54
84 147 112
20 58 42
91 26 15
19 169 1
54 78 63
37 43 2
48 119 204
94 107 2
42 36 193
16 110 142
40 135 3
15 90 132
0 157 152
29 74 20
98 66 84
10 42 53
81 80 24
8 87 26
59 71 32
86 154 204
28 99 32
1 34 91
93 41 162
51 117 19
24 52 174
34 108 140
41 49 186
16 29 100
77 78 98
7 104 72
22 91 130
28 99 110
35 77 66
58 3 41
85 40 145
70 119 26
0 55 133
52 38 32
60 36 44
62 110 62
82 85 62
32 82 32
41 72 87
27 137 95
50 28 198
10 143 133
64 55 185
57 144 130
53 133 51
78 37 16
68 44 189
56 96 129
23 74 98
92 169 87
47 45 53
37 102 176
51 83 47
45 169 68
55 57 67
68 132 8
46 168 63
3 95 135
34 4 1
81 28 34
52 127 106
62 116 37
79 167 111
67 29 4
2 45 100
57 76 2
74 54 40
36 163 144
21 18 50
56 155 87
34 53 57
40 97 185
80 157 159
58 119 45
43 118 197
97 2 89
58 45 65
46 66 9
52 156 193
63 111 206
73 89 100
10 70 177
66 17 103
11 14 59
37 169 170
89 0 41
37 130 23
97 11 109
76 43 84
10 90 142
25 52 150
76 49 85
16 119 34
0 77 30
20 41 163
13 164 106
87 28 24
20 81 77
97 50 208
93 86 55
28 92 107
57 125 29
86 78 207
22 16 50
9 170 180
59 14 162
36 121 28
82 63 144
8 149 211
5 148 86
61 42 178
98 145 33
17 104 86
40 43 204
85 167 20
21 111 200
59 77 123
68 158 107
76 103 189
68 142 4
62 142 146
53 144 179
34 107 171
88 152 188
77 105 28
28 41 186
34 75 173
94 58 151
73 64 107
20 93 28
69 147 149
51 102 195
12 86 134
89 41 42
24 52 145
85 25 22
99 94 98
38 137 183
70 75 169
35 113 203
77 45 201
18 160 122
46 34 202
88 70 178
17 49 171
47 72 192
23 104 76
12 104 153
38 16 87
64 78 19
24 131 98
64 110 13
52 111 137
23 138 173
20 166 35
42 119 42
69 155 40
76 98 180
80 47 80
64 63 43
56 122 33
11 67 122
75 70 106
38 99 92
63 159 64
41 31 90
59 82 203
44 44 77
91 39 173
9 3 124
63 122 196
83 73 161
33 84 183
12 61 132
45 147 155
76 129 11
85 101 31
92 78 2
93 30 86
48 55 56
21 148 26
33 76 6
98 126 141
52 34 197
2 47 77
32 53 156
83 28 12
87 114 181
4 95 63
29 94 53
63 60 106
72 31 35
43 43 128
84 118 118
35 79 72
82 10 207
37 2 32
18 18 54
71 138 137
22 2 121
65 6 176
51 115 11
28 61 94
41 70 201
48 6 34
89 47 151
6 22 63
51 114 185
9 31 22
15 69 38
69 98 161
51 42 164
16 53 16
59 39 185
34 17 105
99 103 58
72 56 83
47 50 192
39 103 23
89 111 148
62 75 116
98 118 195
66 25 120
17 129 79
70 67 113
10 44 34
58 27 50
64 22 28
68 77 56
19 10 203
52 40 139
1 2 193
95 93 123
43 141 26
58 3 9
11 145 171
14 56 57
1 55 142
76 164 140
98 154 65
41 94 96
2 31 195
39 36 91
10 12 194
67 42 56
28 63 131
55 141 74
29 129 194
44 18 202
48 101 157
57 73 158
85 86 99
49 121 89
6 165 199
27 161 120
45 67 139
87 29 99
33 123 6
15 6 117
80 80 106
71 67 169
47 163 74
40 162 141
92 99 69
84 42 188
51 103 89
5 32 4
82 63 69
89 49 148
20 148 89
74 115 118
26 10 185
41 4 42
20 41 47
21 19 97
14 82 166
80 31 97
23 88 29
73 77 177
9 47 20
24 120 139
32 3 120
82 94 207
20 26 85
80 101 88
79 150 189
84 125 80
42 22 38
87 141 189
21 26 128
78 122 103
62 1 173
11 156 204
72 140 76
8 118 42
50 154 69
54 91 182
37 108 79
9 114 63
26 75 110
74 12 18
25 145 135
17 1 158
48 104 208
61 142 147
48 113 63
27 141 200
21 133 100
32 150 139
39 76 170
51 94 55
92 134 202
97 144 170
21 118 178
9 8 156
40 126 200
63 8 174
67 9 64
100 95 98
4 155 154
96 89 111
67 170 51
59 50 122
86 20 8
64 132 39
43 70 120
19 15 43
42 152 83
37 116 141
74 135 153
78 81 100
87 134 153
61 120 184
18 60 96
88 16 185
94 157 95
58 97 209
15 22 48
51 126 53
34 23 120
56 146 209
24 99 137
27 157 14
73 8 133
34 133 25
1 112 181
10 12 169
72 24 129
44 46 34
63 84 46
49 157 200
54 156 87
51 120 173
31 30 191
32 4 178
80 133 184
68 139 151
98 151 102
97 117 181
56 47 95
69 54 0
31 49 197
78 33 21
33 15 3
73 104 118
49 15 34
62 82 105
18 124 63
84 109 1
15 78 49
81 17 113
11 5 7
9 16 6
16 134 80
43 85 139
25 67 157
24 148 147
70 52 204
72 138 95
14 160 103
3 102 166
5 43 43
8 85 71
72 120 163
49 0 95
28 163 163
78 149 23
17 28 137
4 0 195
31 148 71
59 100 132
19 16 132
86 24 101
61 40 169
18 10 38
57 71 39
64 166 56
98 58 154
15 17 60
3 121 143
1 95 48
17 168 76
18 108 177
18 52 65
41 86 54
90 71 24
71 60 179
70 91 73
63 102 133
24 78 28
35 67 76
85 99 46
69 12 127
33 142 47
38 85 115
9 84 26
63 159 19
58 99 201
48 41 83
83 70 99
86 106 48
82 160 209
17 53 187
20 69 144
2 58 73
49 17 146
90 29 26
77 93 5
88 149 119
88 16 99
27 48 157
78 10 50
51 105 6
51 88 102
60 118 126
9 93 11
5 71 155
71 141 172
21 167 67
31 100 70
60 100 23
17 33 58
93 0 26
13 91 63
95 5 61
71 75 196
69 146 147
25 90 72
39 62 138
2 71 47
73 72 19
82 153 46
81 149 32
36 39 210
97 79 193
57 51 88
13 153 33
87 111 46
72 167 58
72 43 174
33 114 157
57 111 74
18 164 110
90 166 179
28 17 45
86 156 55
1 111 152
88 168 174
86 56 55
86 95 182
98 149 125
28 10 140
61 136 201
26 127 133
20 2 48
44 90 160
21 76 185
80 75 155
85 79 63
48 155 160
19 92 2
33 12 11
32 113 144
41 62 66
8 120 189
99 160 163
49 163 14
10 38 114
60 163 154
27 26 124
91 76 18
30 68 190
98 95 118
60 97 123
36 142 144
69 0 135
88 104 199
26 78 39
45 96 70
38 12 131
29 74 87
60 159 109
84 121 187
34 4 33
28 169 147
24 167 211
58 107 93
3 53 154
57 36 155
40 127 202
27 100 195
68 130 93
74 134 146
53 166 120
6 103 193
49 142 178
88 143 137
1 28 105
38 32 53
46 141 71
94 59 67
48 53 193
28 119 87
68 37 73
94 66 17
79 94 170
95 116 9
65 91 74
48 72 0
76 23 189
20 113 109
99 57 134
53 29 169
96 30 176
81 156 62
85 58 87
9 148 1
92 150 148
18 67 79
68 53 111
93 76 146
88 127 209
64 164 122
99 104 14
97 97 113
70 119 112
55 164 83
79 46 135
90 35 78
23 37 57
26 13 141
71 103 56
36 96 191
92 161 75
32 98 99
42 131 153
58 38 64
46 137 96
13 68 147
15 113 88
60 94 16
17 13 99
51 136 52
4 60 133
12 46 41
31 156 163
28 146 95
86 3 190
62 109 22
12 121 62
96 45 197
17 115 126
93 124 84
23 147 173
8 80 143
22 36 77
83 124 124
13 14 168
10 67 21
88 67 131
34 62 175
31 91 201
53 31 162
36 168 200
8 79 1
58 32 210
77 165 61
46 54 71
19 153 49
70 81 31
77 40 73
30 93 37
52 141 14
66 115 61
8 102 4
9 36 173
39 143 109
58 67 46
2 111 207
89 41 188
64 163 186
49 105 114
19 68 170
89 7 163
100 54 187
63 24 79
77 15 144
6 108 156
77 79 13
5 149 137
93 155 192
97 146 104
46 12 111
13 33 11
69 52 118
74 116 137
27 9 164
21 21 12
37 29 21
32 19 13
69 25 119
2 135 74
20 120 207
6 149 70
56 21 122
42 142 69
11 16 179
70 84 24
43 146 142
52 35 57
45 46 153
99 47 78
22 131 69
16 127 79
17 169 100
68 146 180
58 98 5
96 29 186
49 77 176
6 106 151
77 66 122
68 77 2
48 145 118
63 43 152
39 58 82
21 155 116
80 136 73
68 164 41
88 160 55
72 168 37
27 82 163
53 6 199
41 8 144
88 61 40
89 35 54
72 70 51
62 16 77
7 151 23
93 29 18
68 105 48
37 134 24
62 166 142
18 95 183
39 138 119
32 74 70
64 79 175
18 58 156
