575 582 8241
93 473 512
13 126 493
57 549 438
84 322 580
98 298 572
48 52 231
38 135 225
90 67 341
78 274 464
68 403 557
2 357 109
70 373 563
28 526 311
83 368 520
49 312 343
92 403 443
2 169 298
67 261 215
64 473 4
88 61 123
90 112 433
85 46 367
53 57 108
87 361 383
88 111 573
37 185 252
14 237 116
12 361 84
96 553 379
92 271 373
76 423 159
13 190 577
48 44 375
86 5 75
96 192 370
56 261 365
63 436 186
23 10 397
27 375 540
91 9 235
37 133 377
45 508 268
91 392 434
94 58 39
73 471 427
3 537 504
8 294 23
59 568 80
85 503 219
38 427 343
95 279 508
91 150 86
84 142 403
98 367 338
34 265 151
34 226 197
15 69 565
82 305 22
93 344 405
18 273 65
12 427 22
82 278 159
3 333 279
27 123 141
63 116 409
88 450 360
45 511 189
30 93 579
22 68 566
37 194 492
80 115 482
53 280 447
75 324 464
79 456 424
62 525 575
16 325 516
54 157 164
68 251 28
0 314 115
5 190 41
69 475 67
57 283 279
22 386 68
25 9 420
82 424 315
43 256 129
99 83 332
83 50 396
16 109 125
60 206 536
47 12 47
25 29 59
44 420 530
38 321 382
10 19 576
9 161 131
27 176 62
61 245 181
86 23 545
42 63 206
97 74 157
66 177 452
72 446 235
71 129 504
19 208 365
56 552 416
52 404 249
52 568 60
50 561 423
70 471 63
83 517 11
95 356 278
69 468 22
71 399 114
76 226 425
43 286 495
13 200 342
61 124 304
11 332 73
48 549 171
39 385 453
40 212 181
90 305 13
40 522 169
98 105 398
89 139 356
0 392 529
62 162 414
80 306 502
12 463 398
47 507 320
13 482 316
92 541 517
36 236 201
58 532 235
39 323 264
33 37 219
17 528 147
74 23 28
99 95 355
15 314 90
89 304 40
69 571 356
93 115 92
92 520 26
65 125 456
79 159 314
17 559 28
17 360 540
99 87 65
94 352 470
54 514 477
20 184 308
39 45 318
22 574 464
58 34 542
15 44 454
24 103 380
17 471 512
33 168 499
70 16 526
82 554 277
10 134 206
22 81 409
22 96 2
27 31 135
44 103 217
69 303 347
75 231 82
15 124 552
65 332 241
55 405 462
76 290 366
8 18 104
89 137 389
100 507 97
40 106 475
27 32 196
95 351 173
57 326 379
78 57 454
81 189 365
88 573 369
53 450 325
34 105 214
74 17 283
8 344 503
2 377 168
85 151 477
65 327 473
62 442 198
96 161 75
66 447 367
79 512 453
23 255 18
10 82 19
22 386 404
41 13 430
8 122 18
42 44 3
19 261 294
68 387 212
76 343 7
60 211 44
95 461 320
28 35 241
93 308 94
11 250 175
37 196 23
48 478 423
60 0 104
56 277 520
87 254 295
36 335 143
3 40 575
15 93 203
86 567 226
8 459 254
18 265 171
93 342 377
80 39 352
92 21 91
88 244 518
47 370 211
93 407 465
19 386 467
28 282 314
31 179 367
6 372 170
25 544 18
80 560 248
72 54 321
58 178 342
99 10 200
6 529 118
85 40 376
1 255 76
67 6 299
56 468 417
35 19 406
93 467 503
33 445 552
32 80 33
60 426 65
93 299 501
96 215 540
11 159 282
14 507 534
50 499 241
39 128 38
62 299 433
96 236 315
73 348 215
31 437 85
31 473 231
75 530 181
92 442 387
67 287 175
24 61 271
31 534 575
60 0 342
15 537 543
12 368 557
35 118 209
59 531 532
51 65 408
96 105 34
32 46 364
49 103 392
90 406 214
3 26 478
42 49 91
42 278 40
36 225 265
15 167 488
68 304 374
3 542 500
45 57 206
36 102 161
86 399 401
9 462 117
32 108 28
42 134 403
14 2 164
44 310 394
64 35 142
32 220 28
56 404 217
11 274 468
88 351 581
17 23 547
44 318 276
13 73 386
3 475 80
79 138 49
62 304 550
58 344 23
13 405 168
16 213 298
24 311 401
89 31 38
15 47 19
78 451 83
20 291 332
6 27 578
68 308 7
69 322 104
74 485 476
79 14 205
65 58 426
62 345 362
59 542 460
38 473 492
72 94 198
60 285 66
47 307 87
68 148 215
73 104 293
58 203 88
49 199 428
54 235 107
25 246 150
26 231 69
54 297 537
38 27 492
17 167 301
18 396 342
67 490 53
95 40 309
56 531 89
44 369 427
5 265 577
51 283 564
95 344 0
78 306 169
63 400 440
33 178 485
17 372 219
83 96 149
2 248 208
82 543 424
40 511 321
25 450 538
70 340 82
71 278 135
92 32 15
7 509 399
87 302 377
49 64 162
88 111 467
95 321 372
95 259 168
77 362 469
39 108 217
56 474 228
48 218 183
55 57 35
7 477 559
19 406 77
33 113 394
0 445 84
20 61 31
87 437 25
13 212 86
43 196 406
50 9 134
68 572 563
62 273 568
98 199 78
7 539 438
71 539 90
40 309 45
46 297 307
78 136 531
34 197 384
25 79 511
37 27 318
85 484 376
73 83 414
15 477 412
59 485 377
85 507 521
82 549 399
97 61 477
89 149 226
24 478 158
50 436 8
53 184 162
90 533 567
55 371 185
99 362 436
49 408 99
37 477 128
33 52 56
51 497 504
41 54 468
91 168 403
51 467 354
35 320 336
82 226 137
16 145 367
54 504 410
78 406 262
4 161 565
34 51 383
86 208 277
2 239 186
34 210 365
21 11 308
26 381 283
70 0 213
2 344 137
57 509 87
44 139 206
54 461 247
74 508 539
4 398 63
46 50 338
93 403 77
92 294 226
78 412 49
3 428 375
4 402 68
15 200 59
12 235 581
31 201 454
69 553 265
18 417 442
35 336 426
11 171 472
25 236 112
68 160 505
91 326 436
9 75 154
56 477 525
2 152 124
71 400 560
9 533 105
4 375 195
100 250 384
12 536 80
48 129 547
10 33 115
53 554 563
86 326 224
22 391 184
8 513 243
11 472 284
21 304 5
64 431 336
33 75 255
6 250 482
18 418 436
19 171 209
82 167 208
91 461 242
82 418 524
23 383 254
25 422 259
4 74 294
92 522 159
3 188 231
54 2 260
96 320 121
100 410 68
86 92 300
27 390 239
2 570 312
84 489 269
30 516 565
45 420 222
77 139 227
26 61 131
26 370 10
29 426 547
66 261 395
47 152 335
71 26 63
32 177 4
41 354 140
88 240 511
73 498 274
48 427 456
70 253 54
83 574 212
60 70 185
49 57 468
79 239 235
98 95 363
70 183 420
75 136 534
63 74 518
76 404 331
5 242 179
25 347 155
70 355 422
28 41 258
38 323 331
27 442 184
60 120 194
37 447 178
83 243 243
89 73 402
5 206 299
34 365 465
45 520 217
31 107 287
27 26 318
30 160 47
37 58 463
71 138 393
28 137 562
48 412 470
69 47 481
49 393 67
98 433 110
16 561 263
10 250 370
57 84 249
15 87 397
11 5 86
31 396 566
58 286 315
63 182 403
5 285 313
58 178 255
44 453 349
59 138 562
53 564 58
89 221 546
11 0 451
71 273 18
41 306 478
93 69 423
70 100 175
80 497 449
19 78 105
59 188 388
86 571 360
15 533 303
91 511 52
71 151 167
23 26 258
99 545 257
50 45 568
42 370 178
5 396 373
39 553 378
52 494 192
70 225 581
26 172 253
69 446 294
49 20 157
3 398 180
35 401 426
59 322 258
30 319 265
97 142 40
94 354 572
68 509 296
51 139 58
43 211 346
65 494 561
14 149 317
60 89 285
60 395 39
23 27 43
70 405 50
58 313 125
10 142 363
81 318 144
57 325 68
36 185 177
39 442 240
21 221 386
68 100 110
50 68 530
28 290 21
61 484 141
61 514 274
64 380 405
24 503 45
65 263 395
58 376 568
99 269 224
17 189 69
94 204 311
0 332 142
71 368 172
49 460 481
83 98 544
9 411 449
23 448 389
24 211 207
62 90 320
62 104 15
38 63 326
8 129 10
44 155 260
38 75 527
13 315 542
85 479 76
76 490 165
48 0 176
70 413 338
91 50 381
40 278 464
50 464 570
81 145 488
34 338 263
84 409 101
79 308 484
88 190 185
63 227 471
64 177 529
72 298 23
11 50 300
89 114 50
37 164 62
96 37 183
18 461 231
35 550 158
10 255 196
23 171 245
22 24 421
2 216 501
0 251 462
68 282 420
5 197 362
30 409 249
20 395 247
68 545 247
47 117 165
11 318 105
91 258 411
14 397 347
94 62 395
52 518 404
62 253 136
9 427 254
82 348 160
5 477 105
39 123 271
14 318 113
29 265 439
84 126 127
89 145 388
58 204 232
79 320 206
78 433 119
84 37 157
82 411 508
59 33 451
33 312 351
67 412 549
72 517 42
60 72 209
14 490 511
16 244 12
41 360 146
7 436 572
36 86 348
7 435 525
57 266 249
50 355 154
0 50 309
80 283 262
33 272 460
98 319 313
80 180 204
23 384 569
80 200 42
38 139 96
96 34 465
56 395 476
40 304 193
100 98 58
25 29 380
84 171 38
95 91 80
22 300 28
9 531 350
88 544 252
35 466 222
29 113 269
27 550 568
49 214 51
67 562 114
61 401 9
81 509 313
76 268 49
18 289 379
29 177 364
54 475 555
8 106 573
57 264 302
58 82 70
47 470 134
38 417 70
60 499 302
45 495 9
10 316 26
84 300 501
96 22 255
77 63 353
84 562 46
30 485 316
37 432 392
27 36 400
38 4 488
85 304 516
43 383 147
7 157 565
68 503 579
80 371 373
64 153 206
3 551 3
100 157 154
41 461 180
6 350 96
78 429 333
71 481 84
85 23 345
70 416 449
81 242 319
31 104 457
25 55 239
70 251 186
27 159 478
48 68 4
47 507 531
55 534 287
15 262 271
95 543 461
11 514 243
66 503 114
82 526 220
18 418 556
1 56 174
83 477 568
12 416 156
35 91 220
21 288 456
21 302 49
98 329 24
17 538 100
51 7 45
24 182 244
93 114 64
24 411 185
64 2 572
73 126 238
2 398 298
79 509 78
27 211 13
43 58 232
25 479 436
45 13 267
51 278 69
36 75 359
1 102 292
34 51 166
44 195 116
76 45 395
89 25 223
2 356 18
75 437 557
69 343 129
35 370 295
50 151 344
37 564 2
85 48 437
6 480 579
94 358 99
23 10 177
90 392 364
42 423 419
76 89 361
26 282 101
29 40 432
27 356 228
40 203 66
38 215 579
37 63 425
39 264 526
63 326 439
96 33 429
29 143 136
92 363 130
89 525 93
56 336 445
99 143 368
86 36 53
60 83 99
45 115 499
44 345 467
80 287 318
53 33 257
70 571 27
17 74 566
88 5 476
33 517 523
62 244 70
48 342 64
53 499 5
72 526 120
98 123 415
43 499 533
39 299 148
65 101 518
14 458 421
88 182 143
97 240 561
24 90 164
78 156 401
23 30 513
9 352 2
18 405 38
99 469 351
27 414 281
36 475 539
35 423 314
69 435 286
42 470 45
66 30 34
6 195 198
82 104 36
76 206 297
64 464 243
80 39 426
80 332 487
44 144 117
9 395 152
81 287 569
2 368 214
69 64 487
97 301 331
37 198 242
46 162 194
0 396 519
36 190 318
59 383 580
99 542 488
68 153 282
64 272 81
45 178 199
62 493 340
75 433 440
2 416 474
77 356 531
81 27 118
56 551 359
100 245 33
2 308 165
44 459 322
71 275 64
56 112 375
3 282 557
61 386 123
59 20 414
90 378 473
64 223 167
17 423 479
6 140 49
88 537 291
9 363 563
3 181 468
73 245 564
8 386 347
96 296 166
13 367 92
41 287 57
13 120 112
49 140 287
4 275 7
42 541 459
39 162 176
59 324 4
92 15 350
83 302 447
15 309 107
89 269 6
34 89 234
11 210 540
90 126 96
68 59 90
80 383 402
10 438 308
58 427 50
53 293 566
51 321 126
86 50 274
60 345 370
57 521 540
90 488 408
49 508 452
13 285 61
21 212 390
99 459 385
82 33 290
5 53 442
76 141 469
88 196 387
12 338 178
2 501 9
92 21 440
9 469 263
92 452 247
63 166 241
78 315 42
32 485 300
14 329 127
47 235 358
15 234 281
98 484 278
27 7 297
83 521 494
53 476 2
18 354 104
60 558 20
13 196 321
6 336 376
18 415 551
10 363 92
53 3 38
44 132 73
50 384 100
17 536 275
59 536 261
79 237 410
97 153 346
100 177 526
9 303 557
4 506 420
45 175 313
59 151 422
81 540 126
100 459 40
8 211 40
48 497 87
60 374 560
47 308 308
5 166 419
8 156 434
47 159 280
34 512 65
21 17 417
96 110 560
59 379 231
10 160 22
3 186 556
47 437 278
10 561 135
20 306 53
48 389 180
2 109 572
27 74 104
6 463 142
28 156 358
82 304 300
99 167 297
96 4 190
61 342 299
90 43 463
13 232 162
84 240 52
0 230 273
39 371 523
12 274 4
42 36 168
30 460 546
14 280 533
92 130 447
41 93 132
75 44 180
56 198 437
3 426 108
56 145 236
15 338 456
97 329 156
25 295 255
34 527 468
79 452 526
83 426 401
55 238 565
87 29 2
39 400 240
68 350 287
16 194 135
44 2 5
14 509 418
87 1 300
85 122 524
58 431 435
13 89 6
51 168 31
45 562 123
72 99 438
28 547 184
87 47 121
10 499 342
1 472 310
75 147 41
36 350 497
72 498 507
46 46 286
63 45 250
61 116 115
73 554 450
72 57 26
25 237 217
91 346 370
38 513 398
45 309 310
65 241 212
99 392 562
83 344 542
0 145 277
41 145 70
5 547 387
97 200 374
40 364 350
17 411 16
44 12 220
48 355 255
80 148 178
23 449 237
22 406 153
97 299 442
12 320 352
9 81 338
61 153 488
1 370 359
73 72 359
51 220 273
32 546 512
82 538 62
21 484 22
44 313 459
17 472 394
86 172 183
65 480 316
62 227 477
86 165 229
95 566 550
63 361 123
75 52 443
63 490 154
75 182 245
85 132 445
16 33 319
32 63 545
86 320 284
5 358 476
46 172 521
47 549 253
37 116 53
23 132 221
23 2 494
65 267 457
69 78 169
22 260 337
38 526 257
62 574 269
16 349 19
40 186 217
48 341 341
0 336 276
90 190 405
45 502 107
40 258 430
0 173 360
82 513 20
85 385 482
79 311 13
67 468 28
26 309 284
86 265 229
20 241 77
51 422 394
52 573 222
63 549 20
55 498 569
55 485 505
42 95 410
90 140 83
10 113 417
98 206 553
38 456 421
16 149 218
68 300 392
66 550 474
0 253 202
43 363 208
23 338 272
52 20 376
50 401 442
41 143 469
4 182 268
36 414 57
17 310 441
95 220 154
8 290 398
62 13 357
45 142 58
54 263 256
19 99 161
40 327 44
7 394 192
5 21 380
27 269 284
62 525 201
76 419 496
64 11 389
100 132 31
40 424 517
48 537 160
27 470 260
17 115 272
12 305 347
6 228 193
69 464 462
67 541 278
6 408 439
9 520 319
98 524 396
42 49 415
2 131 276
31 138 536
85 329 449
65 324 548
82 337 345
97 211 507
68 410 317
89 526 498
91 514 209
49 385 519
27 472 189
100 290 207
33 500 285
23 160 65
45 360 489
75 229 530
14 274 494
94 6 36
67 392 258
24 62 80
63 154 323
21 360 571
18 458 490
86 352 355
29 508 521
85 426 183
44 311 459
1 411 76
17 547 492
90 547 252
91 524 329
60 203 532
6 339 25
80 57 158
10 520 403
87 450 478
76 384 467
35 323 87
29 496 406
89 131 56
13 14 514
73 572 569
100 453 48
7 433 371
70 437 171
36 113 243
43 386 305
98 387 8
2 365 488
53 267 549
86 38 406
74 455 384
73 65 137
74 390 83
10 99 280
38 195 547
100 421 418
35 509 237
35 258 427
87 376 340
33 262 463
37 490 245
22 305 202
86 524 478
33 61 38
100 515 484
35 478 284
91 223 421
71 122 393
25 114 356
77 377 125
85 498 185
34 405 150
36 324 432
90 415 307
5 382 442
18 220 7
64 435 219
3 53 121
91 78 559
80 490 74
27 332 559
99 347 99
70 282 456
29 471 492
57 224 528
38 542 430
2 173 90
62 360 158
50 264 73
88 113 554
58 493 562
21 552 141
67 117 433
79 389 432
64 199 391
64 299 57
38 470 93
2 506 29
36 364 23
74 210 252
28 320 446
0 508 371
86 296 100
6 525 460
9 225 235
70 157 508
31 463 217
74 53 513
0 235 458
61 199 531
58 373 423
14 142 383
1 282 465
69 149 14
45 196 272
78 451 218
29 258 460
89 485 130
10 18 133
63 398 47
64 326 125
74 392 421
25 254 467
2 360 39
41 214 527
98 59 269
56 95 436
50 265 231
22 298 220
64 546 440
1 461 286
63 423 257
57 316 374
81 286 567
93 494 161
81 214 321
13 1 494
70 342 84
33 151 81
55 557 137
9 100 129
69 360 205
39 288 565
88 572 419
15 359 9
86 356 179
96 136 190
24 137 382
72 383 399
32 542 562
99 456 452
71 411 553
68 85 98
30 238 574
36 364 204
25 481 307
29 214 405
38 504 534
94 526 493
80 87 412
34 124 575
86 538 142
73 344 356
1 318 24
8 566 402
66 105 527
68 213 370
28 558 139
7 540 451
60 58 341
62 276 436
16 223 518
80 158 577
18 6 555
23 106 178
100 506 165
4 60 560
63 225 324
94 224 499
81 469 2
1 128 445
36 504 350
8 280 375
70 112 89
80 191 304
62 44 31
68 140 403
98 445 440
66 45 293
36 23 45
2 551 366
36 461 84
61 324 499
62 220 206
31 318 402
17 563 425
100 219 129
74 548 16
16 503 472
61 411 158
17 483 392
22 84 356
14 326 202
35 544 379
5 482 126
98 167 227
32 432 308
0 464 361
58 515 516
79 107 398
83 19 542
81 474 469
30 261 472
18 82 488
54 138 136
88 23 91
80 292 505
4 137 560
59 480 152
40 211 203
72 342 163
27 71 145
70 155 410
0 171 78
5 494 364
6 16 542
39 367 352
47 206 97
77 48 147
62 424 279
26 508 552
80 573 123
82 302 210
59 6 446
67 454 308
83 288 78
40 57 56
73 286 550
16 92 123
59 438 194
75 534 105
78 483 249
21 166 371
11 263 125
24 530 224
76 31 54
33 394 480
12 51 475
20 92 82
61 454 436
12 260 462
4 489 573
17 34 406
38 336 50
43 122 85
11 520 416
53 107 87
29 424 203
40 226 385
99 89 349
59 145 562
58 302 45
54 115 523
77 428 365
10 159 87
15 463 225
88 518 304
6 460 480
40 215 136
31 67 531
86 464 458
61 269 167
31 281 181
12 155 203
18 395 83
68 120 51
80 315 183
97 348 356
24 412 68
25 452 27
93 97 188
66 253 70
89 131 139
93 404 27
79 194 261
60 572 549
33 98 52
83 24 405
98 228 9
52 105 224
78 188 226
6 489 1
79 438 256
81 63 183
47 471 224
82 385 503
22 336 434
42 256 472
75 371 79
20 425 540
60 262 576
86 295 230
40 440 130
20 230 36
36 198 263
33 349 562
75 552 21
76 391 487
66 344 284
97 349 133
48 53 88
70 410 213
67 169 283
76 396 13
40 331 227
22 241 232
83 533 139
26 549 191
62 265 356
89 473 53
23 454 193
86 463 310
8 346 269
87 524 205
55 169 258
36 207 10
76 415 303
10 55 261
38 509 159
58 414 558
87 181 365
18 283 497
85 561 152
87 113 37
45 39 194
47 419 551
52 336 356
51 345 37
81 91 363
73 515 218
16 401 362
27 380 541
76 3 525
100 11 151
88 195 143
79 189 91
96 446 41
73 177 215
74 412 379
68 448 267
2 229 58
88 71 84
59 68 64
58 437 199
55 204 55
100 555 528
34 204 400
18 472 10
10 392 239
3 470 86
24 167 563
87 568 452
59 188 213
25 448 118
85 547 41
23 574 569
100 156 438
92 534 103
85 327 70
56 227 465
19 126 501
95 352 433
17 0 22
75 550 448
46 14 152
66 242 297
11 184 163
33 269 567
91 172 479
73 370 316
75 63 278
98 569 459
74 237 487
11 226 556
63 548 531
100 230 105
42 428 430
66 294 568
65 416 138
62 336 237
95 19 437
84 274 312
70 193 423
33 439 530
65 259 528
13 283 520
9 225 363
44 153 23
2 340 409
29 284 391
66 456 552
12 479 36
93 264 212
29 558 326
16 134 396
46 402 476
5 151 522
100 114 480
12 318 356
12 384 200
72 207 107
30 565 164
47 572 307
64 543 374
18 478 51
24 550 503
66 568 305
20 436 103
26 255 568
81 531 493
59 20 67
20 336 68
26 465 140
6 208 218
24 346 157
87 379 580
59 345 319
56 176 552
76 152 568
35 99 224
6 280 317
25 350 130
75 315 67
4 333 533
97 168 488
93 299 507
100 475 379
8 284 380
31 485 301
34 206 579
73 356 580
21 207 52
62 11 122
54 237 93
3 375 236
46 498 348
100 271 578
85 212 450
84 484 145
29 182 555
77 201 434
2 62 559
63 528 230
37 346 383
66 437 86
86 502 404
45 425 148
97 384 367
63 62 539
6 538 419
6 11 37
40 111 538
77 456 490
35 340 573
11 437 78
89 411 501
75 543 361
3 475 419
53 553 90
54 170 226
12 462 563
7 207 135
42 89 341
34 118 81
58 203 389
42 234 262
42 53 491
1 319 258
7 52 407
87 12 302
86 294 257
20 5 347
8 357 292
24 59 18
4 497 572
7 319 80
98 312 88
39 127 499
82 98 349
80 159 432
76 201 486
36 245 469
21 543 417
16 19 415
53 331 102
52 535 4
62 136 279
61 228 10
66 256 102
73 386 503
52 534 356
35 157 502
75 193 452
36 144 99
85 12 264
49 507 486
34 112 79
59 232 69
49 491 196
76 168 337
62 210 315
45 468 288
77 29 119
30 177 567
46 369 303
67 204 172
89 489 267
48 99 208
3 161 277
89 234 57
79 346 184
84 418 360
1 546 367
2 564 403
57 504 285
24 492 12
50 571 480
32 16 252
20 16 419
92 251 431
26 430 143
57 412 326
31 526 309
48 491 2
75 564 362
18 507 523
26 430 112
57 140 230
6 522 284
51 439 113
99 143 573
26 198 556
96 44 77
17 76 383
51 121 346
14 18 215
72 65 309
8 358 380
40 278 535
99 475 578
21 381 415
13 353 577
58 477 484
87 435 454
52 209 70
55 72 490
35 178 95
28 423 62
82 335 455
86 264 346
46 24 35
68 459 43
58 492 300
53 438 42
23 127 117
38 222 7
75 546 338
96 274 232
96 263 138
50 65 208
14 555 569
55 301 259
84 504 169
5 257 215
51 525 293
31 381 128
35 125 237
55 424 444
9 112 247
87 78 246
42 531 27
57 202 215
34 453 568
31 340 469
43 545 29
34 302 234
4 229 225
13 293 22
7 155 65
22 166 440
33 538 51
16 32 361
57 345 507
33 442 521
84 47 98
82 260 311
15 65 224
93 201 558
88 411 419
65 36 482
76 472 70
86 56 220
68 274 8
12 459 456
31 275 496
76 313 527
68 530 429
53 194 505
89 526 426
84 472 531
37 489 290
93 446 329
9 184 337
38 192 410
77 138 422
82 123 43
98 419 84
35 358 51
19 364 445
50 414 151
29 405 534
26 1 332
31 518 410
67 53 198
33 2 13
78 516 499
18 358 232
52 301 367
71 277 543
23 447 191
96 104 122
28 331 504
93 514 482
21 469 444
85 232 344
1 147 49
23 218 497
31 267 375
61 164 459
80 194 91
51 324 180
51 325 425
2 570 515
85 35 290
33 425 453
2 431 217
88 155 87
81 461 225
48 263 230
20 375 124
65 205 161
81 282 544
98 76 177
16 442 71
22 320 256
53 306 151
30 547 247
47 90 67
58 424 143
60 212 15
56 164 252
4 290 199
23 342 136
10 470 569
17 245 11
86 292 332
84 431 2
68 356 170
32 19 509
16 81 29
43 345 496
98 449 436
51 108 114
54 255 277
6 444 39
12 232 495
63 192 491
67 124 121
63 353 437
89 433 61
58 44 463
55 486 42
21 538 328
47 136 175
30 228 38
53 117 365
76 436 24
100 418 127
85 229 201
58 559 220
97 344 549
11 73 267
36 274 227
66 294 359
52 7 172
81 502 334
37 394 333
44 517 385
19 174 485
47 307 199
55 397 146
20 70 463
91 189 213
54 437 446
52 184 490
99 291 509
37 9 287
95 20 356
75 36 546
11 83 301
97 273 555
74 458 42
37 566 397
65 91 231
99 516 162
59 167 473
76 194 32
40 141 240
97 128 428
81 493 137
52 480 143
83 43 204
39 286 413
26 244 36
58 274 447
30 500 576
72 548 104
83 525 3
39 231 387
85 344 211
30 28 305
100 353 13
54 196 436
12 520 111
76 24 564
24 115 478
82 312 227
34 458 226
46 95 513
64 235 412
68 224 208
72 106 90
77 343 528
76 562 346
46 408 465
82 77 563
40 251 145
44 208 119
10 201 499
3 457 409
23 277 262
89 369 131
81 169 0
77 158 18
76 90 234
81 304 500
8 150 11
65 42 437
49 363 4
79 144 373
60 339 203
11 316 183
21 57 203
66 154 286
35 143 562
48 19 320
31 225 102
24 411 195
20 458 447
61 205 283
87 532 558
5 544 541
31 464 39
13 502 59
54 4 531
96 88 205
18 154 451
62 64 184
37 412 5
33 513 330
98 68 337
30 256 268
6 422 558
21 493 432
36 90 235
96 55 105
49 459 83
20 231 141
26 274 482
18 297 117
1 196 559
36 433 402
45 248 85
26 332 570
75 57 106
21 337 164
56 102 126
21 385 106
84 475 258
95 8 119
68 54 417
7 71 405
36 266 329
69 488 282
94 511 175
31 535 82
65 249 568
43 508 324
49 475 237
60 463 209
13 413 189
35 312 224
10 520 472
91 231 404
96 428 154
10 221 411
42 137 283
73 235 13
55 463 69
43 202 54
4 492 180
4 568 558
24 108 179
50 3 143
25 311 53
92 161 310
45 313 63
55 298 236
28 523 405
35 370 313
92 138 105
22 372 51
54 568 173
49 230 145
97 336 352
57 178 502
5 272 472
25 208 11
47 11 320
85 531 253
8 352 139
67 243 482
18 11 488
42 215 163
53 194 510
17 430 485
87 289 144
17 178 508
90 419 19
55 259 400
49 232 336
75 87 272
57 5 333
49 4 503
93 494 117
81 537 116
89 537 498
91 30 367
34 515 53
80 256 495
13 339 142
33 41 314
52 49 280
21 342 457
87 281 215
52 133 76
57 386 343
76 443 526
45 220 179
23 43 549
68 55 250
89 68 411
91 304 301
88 352 536
59 454 441
23 502 89
63 457 7
86 131 123
42 269 131
57 166 519
33 451 429
2 167 206
78 557 88
26 131 505
71 558 400
65 255 467
57 432 66
94 401 552
42 248 89
9 547 548
0 220 149
70 106 556
55 66 240
59 178 446
69 471 160
94 139 548
38 453 369
88 257 47
34 332 279
43 326 545
19 471 190
30 55 287
13 463 488
98 45 91
85 264 215
78 74 46
10 497 98
56 4 572
89 224 170
72 483 329
37 335 205
26 406 171
22 434 246
82 374 402
70 229 172
48 417 145
29 356 28
75 81 542
67 220 363
79 374 563
24 358 379
19 58 248
43 34 35
93 463 350
22 453 270
36 230 42
12 436 424
10 406 418
16 360 95
15 308 198
83 219 215
15 258 550
12 108 401
77 194 215
95 170 250
15 436 394
62 555 80
19 110 109
6 383 389
37 495 366
79 83 106
62 154 571
10 543 503
58 500 194
77 460 88
55 526 187
97 307 498
73 354 147
30 210 17
93 272 226
27 239 47
56 172 574
7 239 415
20 571 520
84 357 22
34 294 258
44 8 389
67 233 217
44 435 358
55 220 78
38 316 53
3 426 502
74 219 384
78 456 259
39 316 548
69 82 539
53 394 371
9 338 114
25 50 34
4 82 392
52 110 360
31 507 217
50 574 144
49 308 28
68 352 379
0 480 560
72 73 148
51 78 507
69 358 426
61 385 39
4 26 449
20 553 154
40 210 558
77 566 348
47 130 289
39 85 209
7 88 129
35 496 496
59 257 328
24 180 491
77 79 63
82 214 39
35 153 55
50 557 201
62 53 247
56 524 4
58 555 278
83 350 296
73 60 184
25 240 88
32 190 415
5 162 149
4 212 120
62 519 233
13 444 214
16 132 471
18 2 557
92 447 564
3 277 381
2 120 422
89 509 1
72 469 266
4 250 525
57 550 515
90 188 46
9 539 176
100 418 33
7 211 171
80 201 203
57 14 490
38 211 263
49 69 192
76 58 467
74 320 139
92 328 442
59 203 430
25 58 252
87 7 456
56 85 252
1 252 415
89 420 391
17 205 510
54 227 450
32 557 568
4 563 491
32 519 438
91 297 455
43 237 257
61 167 127
9 319 312
87 567 49
15 119 566
22 376 237
59 326 255
39 15 344
45 354 316
34 239 342
91 402 482
99 120 268
11 444 491
59 256 564
1 212 427
6 154 41
47 524 43
85 501 245
92 480 14
0 362 442
0 309 128
79 391 576
16 475 325
22 208 224
77 294 529
78 333 214
65 36 287
81 559 416
94 293 563
66 406 279
81 11 564
96 227 433
23 102 14
41 74 35
30 298 570
48 289 96
15 87 100
61 177 481
4 293 98
87 196 351
36 45 7
47 509 130
38 362 147
44 291 342
69 482 6
68 137 286
9 522 160
34 206 394
79 401 528
57 419 182
62 69 71
100 517 374
60 214 331
54 341 30
17 345 240
26 458 458
62 192 70
60 332 246
4 222 366
46 17 440
99 493 16
43 529 333
16 567 142
9 4 525
56 298 250
95 191 197
64 153 487
17 236 274
34 506 412
11 179 254
16 571 46
53 89 149
7 109 47
90 363 244
57 117 482
100 441 456
77 554 68
96 132 514
35 337 538
53 398 110
73 357 440
69 257 160
62 230 513
66 152 387
14 186 327
92 506 506
22 251 103
48 140 70
73 324 135
99 66 400
27 70 40
26 542 321
73 197 230
10 467 104
93 60 339
29 278 378
65 342 559
91 285 499
41 420 177
73 492 516
42 301 207
28 8 202
47 378 56
38 197 188
42 54 97
84 87 532
82 470 179
44 93 76
74 240 145
68 399 154
64 185 427
30 465 450
96 96 365
39 329 515
58 70 425
42 243 105
73 370 253
48 232 153
25 547 394
81 29 267
64 153 74
1 304 434
37 46 288
12 460 75
9 125 162
37 539 457
33 115 559
48 9 227
23 329 324
8 463 113
50 345 512
93 399 236
88 548 349
12 253 385
25 198 223
33 428 111
95 307 497
78 270 338
51 2 21
41 484 573
1 22 86
18 32 321
97 416 170
23 43 56
69 89 447
48 107 181
83 539 164
100 294 183
19 535 176
39 252 307
52 447 283
56 41 85
48 87 459
8 457 176
65 432 289
57 467 370
82 341 465
85 215 297
84 451 130
98 446 61
43 377 246
60 530 324
99 363 307
89 194 46
2 257 415
17 430 475
98 192 273
5 70 160
64 437 203
91 362 574
56 541 169
91 455 214
12 62 433
2 111 345
97 285 513
68 50 388
27 137 291
68 77 229
79 276 280
21 52 398
56 364 436
7 392 567
7 155 336
40 464 135
37 186 564
51 242 397
64 117 179
33 210 376
75 493 400
37 239 493
40 36 399
30 434 11
56 441 338
66 528 211
25 164 127
10 96 150
12 248 552
25 214 253
42 322 338
10 51 425
86 22 316
34 194 228
21 328 26
6 548 344
99 488 169
88 335 477
53 180 255
90 126 364
100 21 442
24 232 551
49 115 580
73 385 137
89 565 403
55 96 423
93 547 458
42 89 567
55 120 384
4 295 401
5 283 339
78 465 485
40 361 15
2 36 465
68 110 297
5 549 142
86 79 434
51 90 171
85 108 116
13 120 14
40 402 243
48 533 96
93 465 363
38 486 56
89 168 517
16 207 162
62 553 214
39 484 188
69 45 314
90 96 287
32 330 464
25 562 344
88 186 342
10 66 136
75 346 315
92 438 270
5 147 68
82 448 99
71 71 232
55 64 251
7 558 359
92 368 133
68 204 129
78 519 349
26 529 460
94 313 505
29 494 524
64 320 470
54 513 348
76 496 394
78 350 401
70 396 547
32 145 533
5 47 194
60 441 132
29 565 520
70 524 482
53 46 319
59 58 44
90 341 126
64 396 292
62 491 556
62 476 353
41 62 406
62 481 503
78 260 559
12 292 560
81 476 50
96 136 27
60 174 63
44 521 575
21 254 392
89 144 257
69 131 179
22 257 431
85 281 347
4 451 477
71 390 186
34 357 81
88 501 398
78 229 116
50 495 503
15 37 450
56 343 77
3 202 56
96 401 11
73 303 419
92 371 282
6 277 534
48 549 258
37 495 101
42 237 120
97 511 378
22 141 412
46 240 227
42 367 125
54 437 468
16 340 219
75 38 413
75 129 579
16 237 528
21 352 211
13 506 41
62 213 221
9 558 540
66 549 281
90 55 124
15 216 351
74 229 160
34 184 138
29 51 568
75 46 295
18 213 390
78 180 197
36 23 442
17 417 46
60 390 168
2 523 351
87 429 52
18 367 237
11 545 10
56 179 83
71 136 215
46 468 215
63 464 471
77 427 253
59 349 314
14 553 448
31 437 79
22 268 132
20 329 540
59 210 281
23 65 51
32 559 140
16 464 363
96 539 449
44 450 237
73 48 213
100 375 203
70 510 390
69 569 160
33 458 8
1 342 261
60 431 489
62 415 522
32 387 11
100 346 414
31 572 1
39 381 138
40 291 403
32 23 32
10 310 371
74 509 477
28 361 372
57 141 49
94 36 483
75 157 528
56 326 243
5 460 227
54 157 240
93 95 35
4 520 87
65 173 474
77 391 215
87 35 8
85 512 313
42 418 248
9 502 381
44 155 82
75 1 125
51 410 319
64 177 163
64 189 20
73 356 202
55 195 182
65 76 396
71 333 211
61 115 47
65 436 301
58 125 226
93 311 303
26 317 255
10 419 26
86 445 499
87 232 562
52 413 129
23 90 339
88 385 360
69 94 123
58 418 425
29 516 436
18 55 12
47 349 513
86 364 465
4 525 557
100 344 339
38 131 222
55 460 282
82 272 311
55 158 11
57 315 567
20 402 310
47 420 6
32 528 523
53 572 327
64 140 268
11 39 443
6 236 1
78 92 396
88 268 406
97 39 439
67 549 234
16 7 470
5 129 443
66 20 467
95 366 517
21 245 183
20 114 231
86 329 384
47 13 503
96 448 528
44 368 16
98 449 30
13 465 216
61 421 544
76 465 12
43 390 91
100 228 439
46 417 245
51 466 553
3 572 187
66 129 340
65 315 235
10 443 197
90 540 337
56 229 46
20 25 488
47 268 399
98 115 322
93 158 162
2 108 441
98 63 219
5 535 28
37 129 83
47 130 176
13 501 458
78 95 199
31 275 117
77 167 65
35 198 85
16 445 463
81 532 16
96 107 280
10 486 23
13 274 66
91 472 514
49 8 137
83 457 126
76 66 141
22 139 242
14 234 53
40 368 124
96 135 209
49 282 374
58 217 424
39 125 350
38 200 108
29 256 152
96 74 160
22 262 402
29 336 508
37 182 455
15 554 447
48 211 121
85 213 2
62 382 139
96 59 116
12 302 404
69 241 28
46 558 71
47 69 191
21 148 446
36 16 153
53 306 158
60 42 330
59 567 451
18 111 131
3 96 370
53 123 266
81 178 196
42 500 560
68 212 149
53 415 269
54 363 144
28 65 407
3 132 274
46 103 289
72 51 68
56 143 20
44 384 405
23 258 331
27 286 173
92 83 409
93 109 213
64 183 250
100 549 65
46 462 356
82 292 178
8 440 258
5 145 117
81 129 172
86 16 71
89 492 443
18 34 125
19 539 498
42 384 458
16 298 52
69 521 90
66 281 105
48 36 271
90 146 397
84 91 14
16 132 307
56 46 117
69 58 504
49 513 134
39 25 492
41 459 75
97 271 361
28 304 499
32 34 354
27 299 175
57 457 105
25 128 474
63 383 22
52 100 71
55 200 226
11 425 167
29 118 575
80 405 436
22 48 447
75 499 32
88 335 39
3 558 476
14 380 284
79 322 125
48 115 242
87 562 482
79 526 276
58 103 297
88 551 115
21 179 506
70 520 240
41 188 457
94 316 416
88 549 504
86 269 465
12 231 200
29 245 112
88 439 434
4 471 139
77 1 390
47 228 394
61 489 555
22 526 317
60 159 575
3 377 167
96 96 353
78 356 338
1 477 160
1 112 498
37 383 99
8 346 215
28 312 237
88 70 526
34 15 56
22 117 509
78 6 327
27 63 330
69 462 367
62 100 435
52 570 82
5 98 92
79 139 26
73 495 48
91 221 462
13 118 413
6 410 536
9 145 33
71 484 153
45 75 533
21 512 284
27 146 68
79 107 26
58 367 60
71 249 547
97 557 509
66 86 572
62 522 367
84 152 574
49 213 187
73 376 50
96 425 365
42 278 555
91 5 353
67 489 174
93 290 465
85 303 196
13 475 55
75 193 262
23 89 62
16 15 490
43 200 299
92 501 341
68 433 374
82 230 433
29 429 31
18 405 503
31 60 473
54 276 555
86 196 138
5 445 150
98 41 354
46 428 29
14 335 86
13 19 578
57 456 369
66 323 148
53 47 156
67 43 245
80 399 124
8 303 403
96 538 78
89 197 328
39 269 402
65 404 283
34 402 318
73 241 286
62 406 548
52 23 159
97 270 386
13 223 308
33 365 472
62 71 509
11 389 91
23 173 537
20 58 22
92 512 82
12 1 200
65 56 248
35 336 565
38 451 255
2 256 404
46 310 548
80 411 146
14 82 461
8 108 330
64 298 425
6 280 271
14 151 239
18 289 474
40 152 428
41 420 168
19 490 5
60 232 51
13 296 523
42 153 204
64 186 282
46 63 125
68 162 135
38 240 117
23 186 177
1 87 352
77 77 120
12 520 108
99 133 124
55 548 236
41 92 541
1 367 189
45 75 225
51 105 98
68 255 415
77 335 549
86 511 418
28 160 464
18 479 542
66 335 310
91 130 91
45 528 253
33 538 524
49 154 517
21 568 526
20 488 574
53 13 302
2 382 92
79 331 336
25 460 54
100 414 445
26 444 92
61 181 122
29 506 329
43 464 444
27 37 74
41 129 14
8 95 269
41 382 526
9 509 157
87 294 266
20 201 42
26 147 114
12 416 390
27 556 546
16 268 362
30 0 32
85 317 34
88 16 132
38 184 479
65 67 217
92 30 361
12 273 78
3 62 298
49 480 131
39 288 352
65 215 79
89 467 364
12 459 51
66 251 505
80 385 82
87 552 501
85 286 262
38 106 484
26 349 578
1 95 106
61 25 336
78 490 320
41 484 193
32 110 403
92 299 427
58 396 256
9 395 130
61 131 414
0 289 243
4 505 439
86 44 324
88 145 50
64 144 81
34 348 191
93 216 128
72 251 24
94 133 119
17 401 274
50 12 235
30 319 376
15 559 567
43 541 294
27 388 161
9 96 29
33 208 445
15 219 489
31 143 206
22 324 335
99 108 507
10 331 468
11 371 562
61 564 30
94 61 428
94 382 270
68 403 273
11 398 572
15 322 255
67 83 144
90 132 228
65 199 308
98 261 471
68 76 13
25 462 54
62 374 174
37 280 23
12 497 259
70 502 104
72 572 255
47 408 49
44 289 104
10 114 372
46 129 549
10 296 212
38 152 426
42 172 242
79 346 34
70 140 13
32 429 78
48 276 14
47 8 85
26 88 91
46 108 218
57 3 381
72 440 156
78 169 16
58 18 285
68 305 173
11 381 149
84 262 441
100 455 523
38 486 19
36 370 417
18 484 560
38 149 459
62 316 580
1 263 542
18 530 456
37 389 352
98 508 188
6 255 197
21 104 180
1 411 578
76 432 53
7 94 333
79 263 13
57 75 298
25 274 36
92 424 222
55 274 420
27 536 462
21 531 555
44 402 15
7 379 112
65 243 63
18 43 146
8 21 389
98 539 323
28 471 130
72 93 347
81 36 270
38 425 115
17 110 97
24 488 241
1 149 485
99 330 231
14 360 370
30 381 576
5 85 371
20 129 258
35 369 460
57 95 8
10 460 98
77 435 168
0 507 526
42 558 318
0 381 451
95 8 501
16 196 85
72 49 561
8 420 138
21 437 47
61 427 93
52 292 74
22 425 446
62 71 161
49 57 360
64 318 424
99 368 537
100 261 267
55 523 375
20 468 511
47 162 67
86 227 136
13 561 127
80 61 361
1 394 16
93 344 242
75 383 106
72 192 508
95 46 201
36 486 574
1 281 341
31 336 31
33 520 569
38 12 17
10 141 137
69 309 404
49 436 182
86 10 101
19 234 478
81 166 464
25 289 543
31 348 358
93 473 447
74 364 434
17 267 62
91 67 391
53 452 202
54 354 63
4 3 344
77 563 3
93 202 573
35 234 225
2 427 97
82 6 215
4 81 367
72 47 322
39 544 340
49 375 364
34 80 490
69 231 43
0 61 357
78 205 363
63 12 463
30 477 581
59 196 505
67 291 466
88 398 142
93 166 469
77 67 517
77 257 17
63 435 570
1 122 312
55 390 442
23 335 171
18 187 573
83 330 376
100 230 56
100 190 366
77 422 14
72 377 43
13 62 324
82 276 431
5 526 8
94 332 496
76 225 379
60 60 168
21 463 500
43 554 359
74 416 273
82 366 500
95 63 385
47 516 567
21 211 393
95 75 353
61 419 201
0 33 210
70 569 432
26 445 31
92 421 29
89 527 96
34 130 468
76 183 46
41 385 365
63 91 162
14 437 176
17 438 186
46 25 276
25 501 551
58 459 113
33 449 522
7 394 364
41 124 213
50 351 428
50 362 404
52 91 461
81 392 372
13 401 72
67 445 7
84 68 281
89 70 356
44 301 4
46 248 25
38 369 421
3 523 531
25 332 305
7 556 377
91 84 159
59 141 284
72 548 34
74 179 384
31 120 313
24 5 466
10 177 428
50 212 303
96 300 260
77 554 327
100 461 91
7 145 214
46 229 215
12 369 46
92 212 311
59 452 332
93 408 396
84 161 396
79 193 253
32 573 204
32 300 192
30 170 377
89 205 138
29 526 51
90 324 320
19 434 579
27 379 263
15 71 159
49 220 550
55 562 442
76 35 454
92 358 285
42 152 15
61 23 1
82 192 465
14 297 505
19 52 415
88 274 400
75 367 7
27 145 43
54 381 22
19 248 31
58 415 405
5 60 330
14 463 238
2 86 89
8 431 243
20 138 127
43 284 325
47 382 410
79 73 411
54 404 80
26 100 541
26 54 355
84 335 423
46 334 316
5 286 560
24 495 437
56 160 86
15 362 545
72 22 93
75 460 499
33 520 333
42 210 534
62 47 460
97 328 84
77 175 125
81 242 183
34 132 230
14 471 503
11 106 166
72 208 464
94 247 133
42 282 92
16 213 578
34 249 38
64 428 340
28 323 294
98 235 395
78 93 4
22 506 145
2 351 85
75 471 67
46 66 287
5 222 478
39 550 219
26 179 385
93 276 107
21 376 437
70 29 257
15 65 70
21 371 366
96 247 55
97 74 552
64 95 352
68 194 444
63 38 243
81 318 254
84 567 534
19 486 410
50 3 329
27 255 93
30 309 99
35 81 229
15 369 244
50 83 479
54 347 326
30 552 0
18 192 41
6 25 562
54 160 146
95 100 194
36 438 254
32 28 457
6 202 477
44 498 150
73 526 353
86 525 388
92 111 15
38 7 136
72 505 519
44 94 213
40 244 336
60 558 19
93 445 19
70 350 108
44 313 565
55 420 417
14 212 362
35 421 458
30 389 436
44 232 135
33 568 105
34 393 214
50 308 134
34 281 74
17 414 460
92 151 386
51 439 560
32 494 535
94 408 517
3 101 242
15 94 84
51 201 63
74 19 262
56 520 36
24 233 76
41 248 328
100 294 88
72 427 383
7 445 72
55 82 541
66 299 270
83 489 462
12 373 152
21 59 307
20 86 269
4 214 333
32 17 574
72 203 217
15 344 107
22 124 228
58 572 343
31 525 1
84 350 399
91 380 331
6 278 21
51 80 12
10 543 558
43 163 321
69 572 498
35 424 158
73 261 337
14 173 362
4 156 131
11 260 222
53 162 366
82 56 5
13 130 11
39 487 110
71 128 96
92 492 348
52 307 63
92 234 132
39 174 37
92 8 558
21 116 397
47 507 197
25 66 369
25 328 191
75 531 451
100 496 563
58 372 270
37 572 447
25 45 427
9 538 165
53 487 512
96 104 343
78 236 34
87 470 169
19 457 181
14 283 205
61 12 269
33 181 6
22 42 176
77 1 559
35 390 243
60 218 381
81 406 351
83 519 205
65 509 292
79 437 568
97 1 350
52 405 320
17 319 77
18 163 424
95 209 114
21 285 204
85 337 241
35 294 495
66 217 517
76 111 141
26 512 439
65 47 96
97 8 166
84 450 202
31 128 91
59 132 265
23 433 168
19 273 267
2 225 164
19 536 56
55 214 390
89 223 267
73 18 485
32 64 497
8 385 336
58 524 212
36 274 313
97 319 76
51 487 86
0 464 522
22 117 527
96 48 206
10 481 302
36 485 403
43 161 95
68 189 88
87 250 532
36 368 182
74 533 219
66 547 546
88 360 364
57 306 12
79 422 140
4 146 93
66 305 140
6 64 277
30 389 220
24 363 527
45 50 411
42 75 411
19 319 391
95 308 362
11 261 441
86 499 115
54 255 519
62 504 298
17 541 372
67 273 13
25 186 517
99 118 25
70 238 60
66 72 464
11 111 248
49 226 239
75 5 417
1 494 350
50 316 527
6 357 375
22 561 29
57 222 452
9 228 431
40 512 428
13 194 100
18 54 240
20 224 527
5 104 483
96 287 351
81 491 370
5 232 299
2 370 172
83 560 417
37 22 337
50 374 236
3 200 295
10 517 169
16 279 28
34 399 462
94 325 475
30 443 385
42 476 182
10 371 141
12 23 555
17 71 247
3 316 506
72 159 307
84 492 233
61 418 565
17 445 370
41 193 275
56 467 476
82 549 214
2 9 162
51 15 293
12 2 57
4 194 76
73 357 13
58 50 478
74 295 170
46 425 188
23 243 98
96 58 471
43 397 258
97 155 468
13 106 217
74 567 84
93 130 236
68 56 130
36 24 24
50 222 525
91 548 291
10 208 201
84 232 273
52 275 384
53 58 46
26 496 139
16 467 467
50 375 313
61 513 386
8 139 535
43 70 194
14 91 67
70 2 351
42 278 120
58 504 214
21 555 495
60 374 501
69 525 18
55 42 498
69 472 272
51 283 273
83 422 124
69 565 525
30 448 130
75 178 22
20 500 310
9 12 433
7 513 340
48 493 497
37 310 33
35 272 105
65 250 396
62 178 443
43 433 127
73 268 111
81 82 31
43 55 319
7 351 75
1 295 177
5 353 158
25 59 73
39 115 103
58 202 213
3 331 262
72 198 399
26 108 260
63 368 187
61 89 530
27 167 529
0 513 216
4 53 201
0 331 444
30 333 499
37 146 371
52 465 74
2 477 331
88 330 27
9 492 168
37 463 537
72 524 350
90 270 250
30 234 428
51 443 218
80 242 569
50 425 490
64 144 36
71 121 272
66 384 517
86 251 310
53 3 158
80 387 278
72 307 415
52 242 293
59 271 140
49 291 520
57 369 66
44 339 489
77 319 378
93 138 528
53 157 186
27 533 441
79 6 70
77 568 52
87 177 504
3 66 509
61 217 486
0 476 505
36 327 543
90 468 410
36 447 233
25 272 570
96 529 255
43 67 393
87 278 160
45 430 69
4 253 71
37 404 226
24 374 485
8 251 520
88 547 529
97 442 574
29 75 516
67 251 536
40 488 204
1 377 147
10 440 69
66 303 567
73 554 172
33 460 336
43 471 573
60 138 132
64 128 510
85 552 370
74 146 284
4 15 76
98 414 152
13 130 178
75 32 564
90 55 85
23 377 361
32 428 461
63 188 449
81 191 522
82 205 475
53 42 448
10 265 69
95 168 141
89 240 21
45 116 17
40 185 270
18 296 143
58 570 458
45 23 354
18 231 121
79 261 207
49 318 481
47 352 539
7 61 367
7 321 581
40 98 548
31 357 318
1 92 135
6 539 445
70 543 441
50 133 246
37 239 145
70 87 558
92 31 529
37 36 180
75 214 295
87 416 75
66 308 399
16 508 468
1 334 172
3 55 219
95 60 63
35 50 322
57 275 388
62 368 443
72 376 13
38 449 428
23 540 570
73 361 232
80 262 492
51 489 75
86 289 12
72 420 573
3 352 92
3 570 451
39 444 52
17 279 224
72 463 544
0 492 533
21 234 376
40 88 318
19 356 328
58 200 531
82 319 540
42 61 5
13 508 5
49 52 505
78 481 183
30 283 562
95 32 23
49 517 524
52 553 475
80 184 324
16 512 54
100 53 551
63 405 488
29 122 41
87 528 477
46 178 466
12 407 233
22 236 231
52 200 146
60 385 379
59 250 382
92 112 371
23 573 106
1 366 237
8 9 477
95 228 383
74 186 266
59 559 249
94 99 504
56 444 382
9 438 432
88 574 561
10 230 332
86 458 424
63 274 90
54 12 94
16 362 441
66 531 231
63 83 501
87 17 43
73 77 134
41 142 444
62 123 166
42 233 24
19 298 21
41 185 237
41 198 457
9 563 569
28 567 478
15 34 87
17 171 123
22 318 97
78 151 299
88 100 509
7 119 68
90 373 257
37 275 17
48 318 311
29 503 318
49 259 137
29 53 471
0 515 572
31 473 495
30 317 431
18 298 53
34 380 520
75 224 32
45 404 527
11 102 177
89 369 327
74 300 417
85 198 331
76 481 26
59 566 480
17 421 471
88 79 101
5 570 384
39 153 370
12 385 31
80 426 509
60 258 53
43 425 430
12 431 115
60 309 86
85 308 293
76 299 382
20 341 103
41 391 318
8 101 391
22 147 493
25 30 141
57 95 7
8 571 376
90 453 187
50 385 183
61 120 558
20 189 60
41 513 571
85 510 450
34 72 214
64 17 349
92 31 222
11 151 256
41 560 135
8 519 119
42 232 524
8 510 169
51 364 73
2 554 361
8 83 533
43 427 331
16 156 88
88 141 180
47 179 195
50 568 131
91 422 276
67 363 200
4 494 425
66 483 515
27 310 201
51 274 365
44 382 530
47 225 221
92 547 305
68 339 104
44 538 138
31 92 322
52 328 99
11 451 112
37 468 278
29 360 191
1 247 441
67 540 79
66 539 460
94 564 72
59 170 472
28 387 352
96 539 423
3 511 470
74 568 465
80 222 236
77 301 531
85 545 456
43 501 186
4 112 364
30 99 123
4 156 27
36 439 518
4 222 232
89 326 434
62 407 108
58 3 61
53 238 487
22 497 373
37 282 383
58 137 318
84 252 379
9 108 581
3 71 160
85 520 165
72 348 183
73 400 38
96 425 99
71 574 382
65 343 64
44 176 575
20 139 86
11 473 58
78 384 67
2 94 21
51 224 271
91 367 219
65 379 142
44 38 335
41 161 253
33 514 151
38 242 15
1 470 436
25 552 254
40 506 519
100 250 337
1 67 284
8 506 502
23 207 208
7 116 15
40 164 373
51 505 156
48 277 509
37 245 395
15 272 161
81 437 53
24 435 377
31 459 161
13 395 34
53 48 451
31 223 3
49 20 256
23 361 499
43 138 378
87 436 296
39 135 563
96 224 56
51 506 64
61 392 332
97 113 88
90 507 169
48 296 292
56 433 332
33 395 219
2 564 375
94 526 99
74 436 285
77 70 259
72 240 415
49 150 7
95 350 74
51 231 514
68 9 305
5 72 113
6 222 115
51 441 136
33 144 390
17 47 545
30 343 181
23 546 370
82 441 199
38 316 223
65 573 400
18 548 513
69 532 81
8 262 347
8 236 161
36 390 353
8 283 453
74 188 7
84 211 72
14 9 384
43 94 428
75 192 153
6 57 287
56 458 10
48 415 417
67 4 203
63 214 511
7 373 340
71 325 340
17 367 571
67 81 395
100 494 248
35 357 519
26 144 139
66 31 487
57 164 34
71 10 379
82 236 176
62 522 346
20 385 350
32 182 433
44 346 62
92 103 25
4 395 324
11 108 18
2 213 206
29 269 304
0 393 350
99 394 369
11 222 440
26 298 493
97 270 266
43 219 468
79 317 445
56 357 559
98 201 194
60 123 259
86 266 326
51 535 169
38 176 14
85 95 183
64 367 296
43 513 437
87 213 149
85 416 466
10 70 120
95 438 510
18 46 474
64 319 546
22 14 104
18 77 183
42 39 469
4 357 219
23 491 48
20 305 540
10 160 424
36 105 221
57 208 436
74 572 18
82 25 484
25 318 211
23 30 267
71 94 104
98 433 312
77 250 3
44 143 163
24 518 173
43 459 59
6 132 206
3 108 520
5 536 371
90 395 268
57 289 517
77 229 326
78 374 363
65 7 339
7 408 191
22 339 72
43 226 275
27 416 496
83 511 159
85 385 191
94 98 72
92 202 373
36 404 467
89 158 228
25 96 289
47 532 513
61 426 300
58 445 543
100 317 543
100 234 337
89 222 530
66 145 383
88 49 29
32 292 551
77 358 86
74 449 15
93 39 240
5 198 318
22 215 73
5 412 87
1 312 568
6 420 204
82 423 238
75 63 88
80 278 154
32 13 549
27 422 504
99 69 509
29 96 79
29 155 567
93 356 119
69 427 529
94 431 69
72 92 574
82 88 489
17 556 234
6 313 568
89 55 176
77 422 197
96 545 474
93 281 80
4 199 241
36 111 179
63 384 79
43 27 389
69 461 520
12 409 423
30 548 151
73 410 224
38 440 176
0 236 244
98 94 471
24 330 279
28 452 469
31 13 276
32 391 297
50 456 458
94 428 165
38 23 562
52 182 229
63 49 521
74 375 168
74 331 212
18 108 112
66 39 49
50 251 418
28 474 574
1 541 328
33 363 146
69 18 278
73 429 98
69 201 57
10 246 366
19 202 394
38 377 169
24 82 71
89 97 523
57 205 250
39 34 423
22 454 506
88 107 185
99 507 299
20 91 580
90 273 380
18 37 521
37 507 372
78 74 419
87 519 103
53 508 3
45 39 307
59 172 575
91 91 316
67 511 423
1 329 473
83 287 228
53 540 412
33 177 373
46 27 346
88 253 522
74 58 497
77 201 95
47 268 2
48 547 532
2 336 417
20 27 50
29 145 132
3 414 394
99 400 530
77 206 517
5 524 93
87 33 30
44 460 117
59 121 8
73 252 10
38 14 423
21 272 412
68 94 40
7 460 549
26 231 195
71 324 215
78 395 24
93 226 508
20 160 208
92 168 560
84 48 510
64 82 367
55 236 485
65 40 576
34 530 69
40 550 556
17 15 286
88 277 16
99 120 392
83 419 183
99 351 226
46 230 109
72 47 578
72 276 126
17 520 534
90 97 216
35 484 567
52 174 56
17 554 368
19 492 288
55 490 7
11 387 30
40 56 488
52 51 482
94 271 386
62 417 450
33 91 471
49 89 100
92 480 215
8 39 188
21 41 373
22 148 367
84 172 68
87 541 158
93 463 457
97 160 269
49 58 338
43 187 87
86 106 181
46 450 559
31 456 326
85 260 325
55 226 319
87 27 184
26 148 171
46 61 492
28 132 334
59 298 104
19 69 261
96 383 188
53 462 539
40 157 0
0 133 502
96 273 299
86 10 11
18 448 245
92 367 18
44 448 175
0 180 263
80 430 46
94 11 89
79 566 156
50 34 27
81 165 297
52 300 468
60 488 247
45 84 40
50 124 79
30 437 348
59 55 59
30 389 555
27 536 578
94 384 520
76 32 59
46 144 186
51 23 126
13 542 560
81 225 554
98 248 127
69 396 119
94 302 195
61 111 63
94 35 107
36 494 262
53 288 213
60 217 237
86 520 178
14 504 200
10 290 279
80 275 464
93 546 432
20 208 289
84 116 417
51 130 402
26 405 543
76 280 76
61 10 346
5 251 91
5 392 108
60 235 100
33 377 82
52 555 75
98 340 417
19 43 368
60 193 333
38 21 58
38 561 309
98 275 102
57 128 260
73 522 495
58 271 269
57 312 149
91 531 241
93 132 359
79 349 245
67 119 20
76 86 62
67 339 190
59 566 472
2 376 430
17 497 552
18 570 464
95 168 324
7 442 273
32 219 266
57 156 164
8 295 145
24 562 32
62 327 204
99 291 296
22 91 365
9 137 97
73 294 283
23 269 15
51 406 4
23 347 204
22 555 301
7 455 222
60 32 81
72 67 82
48 313 224
92 558 22
41 502 134
33 498 388
14 313 181
14 467 158
6 268 431
19 360 544
35 493 363
42 419 290
92 63 272
91 497 168
85 340 69
32 375 416
86 331 511
5 134 68
89 227 555
29 276 132
91 452 56
70 217 367
45 350 441
50 341 497
89 485 511
74 283 420
22 479 451
20 266 333
18 315 223
18 26 170
39 51 456
3 90 507
60 148 175
91 103 423
38 425 576
85 212 21
58 307 238
41 463 548
81 377 199
15 256 445
20 294 1
36 490 175
99 572 550
10 546 315
55 259 299
35 359 397
12 426 233
34 73 485
19 548 281
9 553 251
79 538 195
88 211 92
88 490 38
21 36 37
50 43 424
26 152 526
84 0 363
70 270 403
79 33 306
56 271 332
8 256 519
73 153 213
11 574 61
73 124 2
89 310 8
75 454 454
59 448 545
67 238 372
87 446 4
82 308 314
67 77 39
42 87 321
22 333 504
90 22 511
94 541 340
71 20 395
14 307 508
61 279 76
78 557 233
92 61 393
90 476 348
47 105 421
60 308 535
77 169 566
82 386 172
61 16 128
35 508 543
52 124 178
75 409 96
51 274 571
64 556 520
67 322 436
20 268 161
15 75 148
57 529 320
92 534 334
9 510 415
49 312 198
69 32 547
56 198 423
55 218 487
5 110 195
73 299 534
61 267 520
58 178 560
58 210 38
65 227 458
64 236 60
92 178 417
48 78 394
68 78 385
64 541 9
39 43 449
28 273 255
30 47 166
72 202 39
74 480 309
70 282 190
53 469 545
37 419 456
24 491 87
92 212 106
33 100 294
72 141 514
97 266 328
27 460 200
26 253 427
88 446 530
20 541 520
69 352 321
35 6 164
47 572 463
47 403 529
5 91 139
47 55 341
44 490 23
87 177 259
27 430 240
6 96 545
21 107 214
69 169 464
18 25 129
35 225 7
32 275 535
54 463 51
38 175 169
71 241 217
29 387 254
42 292 194
36 299 412
27 504 235
61 51 263
92 541 67
89 275 103
35 255 86
59 168 509
48 484 166
87 470 186
70 93 301
66 356 240
66 25 238
56 324 267
53 163 276
5 223 343
6 48 476
20 119 223
64 286 485
44 353 494
16 159 570
11 424 234
9 474 264
7 21 153
10 368 565
5 337 379
7 167 241
37 114 282
44 379 43
84 529 446
91 553 164
53 193 277
19 365 149
20 345 481
47 79 293
53 206 7
50 133 73
18 491 547
1 496 221
63 133 92
86 483 288
32 354 86
100 355 50
47 472 420
79 376 233
3 277 203
54 447 462
72 233 127
29 493 97
85 113 475
48 567 374
8 307 175
69 315 61
86 119 140
99 354 275
23 442 126
82 219 248
65 413 157
85 373 341
51 82 122
21 252 426
63 62 303
14 233 409
47 268 420
49 56 404
48 422 431
30 217 291
0 102 518
39 162 536
57 54 215
60 101 109
33 422 55
23 17 444
36 564 83
0 175 250
41 111 436
41 515 382
78 182 474
25 319 340
80 505 237
0 69 326
34 351 225
15 172 59
41 253 378
99 293 215
56 7 449
57 101 173
19 434 385
38 264 543
0 476 3
95 543 408
9 409 131
26 495 107
53 157 152
45 230 350
97 512 98
6 203 173
99 283 386
16 419 44
36 569 60
65 390 26
78 135 577
48 110 207
31 71 437
10 80 275
93 47 314
92 31 430
2 49 509
89 296 513
45 546 221
50 289 359
91 319 381
20 413 346
72 125 398
24 448 250
18 148 85
77 398 403
90 564 169
95 231 417
81 131 546
67 372 573
64 426 529
55 228 173
19 55 266
50 117 17
45 142 490
64 138 182
89 192 572
69 183 268
44 191 54
53 383 466
5 487 155
98 454 191
72 485 577
88 216 423
92 183 479
27 148 34
88 484 239
71 422 333
88 193 482
83 564 214
73 427 150
9 212 177
23 348 469
6 525 420
75 363 425
32 24 516
81 102 419
21 352 43
11 556 470
46 359 336
19 385 384
100 483 260
76 172 544
90 256 246
46 11 557
48 523 384
75 8 279
29 249 169
90 62 317
84 108 17
99 103 68
30 321 579
53 400 380
7 445 311
58 299 132
96 367 581
82 53 234
35 357 104
25 505 243
80 79 359
64 495 36
43 50 539
38 196 161
46 175 459
77 460 294
64 26 244
29 123 365
89 480 395
40 260 33
13 1 92
80 399 34
43 409 277
99 41 394
90 194 149
25 346 186
67 432 187
1 165 370
57 147 291
83 434 269
59 194 263
94 331 524
68 385 5
8 230 223
80 11 549
38 434 252
25 510 320
72 238 274
43 469 537
66 428 440
99 413 501
33 118 36
78 477 37
78 198 468
38 504 465
2 435 126
45 464 551
82 295 552
82 149 134
44 492 311
21 334 489
48 308 563
8 388 520
89 287 298
58 10 138
17 499 101
22 478 141
0 506 24
31 51 123
89 470 332
38 244 411
85 483 359
25 464 493
96 26 351
38 243 47
73 12 257
26 251 264
67 48 244
0 246 191
6 145 369
36 88 479
51 181 565
91 276 228
88 37 64
20 303 320
10 169 26
23 2 529
3 70 567
15 106 136
8 321 256
30 36 152
48 230 565
39 261 444
96 215 573
88 523 450
39 484 26
43 444 209
76 310 496
60 141 419
95 199 214
88 23 219
82 357 384
73 358 289
40 96 25
4 382 550
71 40 457
90 298 159
61 408 127
50 38 476
63 14 296
5 417 24
2 441 536
65 307 154
61 274 253
39 184 173
62 488 64
25 304 202
17 67 106
78 544 487
26 229 427
42 224 72
84 319 146
18 284 417
29 413 453
84 95 316
22 103 478
75 358 143
73 51 473
37 369 390
60 201 550
66 375 373
38 59 177
35 407 216
25 420 369
57 200 162
97 48 400
49 132 149
42 253 575
53 364 199
76 182 546
38 255 569
83 93 473
77 483 3
22 45 361
51 535 134
45 318 89
71 68 361
29 517 452
97 571 562
26 351 449
53 102 513
81 320 72
93 437 386
96 369 331
63 163 9
93 57 581
2 521 443
57 329 252
88 91 552
18 371 579
58 398 120
14 182 311
10 250 568
99 373 94
24 31 254
10 445 207
54 46 69
55 543 463
67 178 553
72 70 393
1 339 129
97 31 514
40 563 558
64 81 154
63 14 163
43 19 438
78 284 106
91 395 144
74 348 310
57 327 371
100 506 48
11 245 316
52 200 1
29 508 310
12 404 367
80 469 220
91 313 457
47 206 134
9 104 521
2 444 70
39 525 450
35 306 552
42 233 464
36 145 510
82 465 121
79 421 170
18 334 311
83 81 351
48 230 412
74 535 367
25 74 344
3 230 509
91 559 543
97 22 468
2 498 194
82 271 211
79 145 287
89 362 186
43 503 298
11 482 199
4 133 541
18 323 232
55 247 155
46 558 225
43 263 103
24 338 244
68 77 472
58 390 396
30 139 178
92 88 75
98 99 450
3 193 165
81 9 45
22 140 354
52 521 208
100 288 118
10 24 510
94 78 29
3 316 143
45 163 348
1 40 187
22 54 512
59 121 348
69 549 159
88 202 57
96 55 168
47 123 578
1 354 404
12 160 394
36 333 457
32 393 255
1 330 430
28 434 109
32 9 165
28 428 417
46 199 229
1 333 175
94 488 161
84 488 215
0 64 375
7 451 14
18 499 207
34 265 54
66 231 476
87 514 47
56 15 363
63 120 290
93 512 90
4 466 556
4 237 448
64 566 131
23 551 242
49 565 496
24 378 481
28 458 284
11 164 83
71 547 439
2 425 404
6 511 311
55 107 9
80 8 286
75 327 150
15 441 12
23 523 364
41 237 569
26 525 447
86 281 300
47 319 296
91 316 516
72 236 350
88 399 112
51 355 311
92 311 296
35 502 359
42 64 104
80 121 204
17 370 453
34 387 0
29 525 67
43 537 310
67 524 508
54 48 121
12 320 44
99 407 451
54 325 3
74 25 289
5 133 384
77 132 497
67 447 354
14 137 209
45 311 5
72 548 32
84 287 460
91 263 245
50 564 311
78 95 472
79 254 97
22 555 44
99 42 474
81 360 510
2 261 277
59 108 169
89 52 550
27 499 524
49 409 474
60 507 281
47 303 487
72 368 448
48 512 335
70 507 173
77 482 533
30 225 108
7 105 368
98 286 61
53 543 76
37 561 545
85 192 77
26 56 213
43 132 285
6 16 476
59 278 549
2 511 161
17 449 11
47 164 565
11 39 547
80 141 301
7 455 315
56 106 293
5 290 161
51 188 229
49 217 323
21 167 313
11 216 25
50 177 375
95 217 89
66 208 531
46 564 503
8 355 27
91 221 451
59 418 358
49 374 549
99 382 437
52 263 53
92 165 459
46 190 238
61 291 397
71 109 193
9 176 8
0 303 301
63 430 423
93 249 400
54 116 574
75 331 18
44 11 55
66 309 77
13 279 50
52 390 507
8 558 314
13 164 160
63 551 210
94 166 390
86 163 36
0 332 410
24 15 236
21 34 114
86 132 417
83 441 581
77 122 77
66 369 86
77 104 524
93 383 333
49 266 339
78 541 150
62 50 393
45 27 133
64 365 495
33 192 559
14 66 223
53 69 79
51 328 305
41 100 515
49 235 574
49 419 67
5 292 339
0 490 559
78 502 93
82 251 104
78 92 243
80 522 454
77 314 233
46 377 272
66 3 418
10 266 504
39 177 444
79 322 128
71 308 368
58 246 517
49 243 577
60 34 579
26 390 464
52 109 332
20 220 462
34 307 186
84 217 144
63 259 581
51 19 195
73 131 329
72 568 373
96 63 4
49 388 400
48 502 311
15 1 295
9 425 58
100 114 316
38 219 82
79 261 283
77 363 83
73 2 242
83 198 466
94 210 254
70 249 318
95 403 270
99 62 263
87 565 439
93 404 574
45 340 122
82 30 538
93 30 310
60 538 581
85 426 333
56 277 189
58 450 574
69 8 491
94 12 224
25 488 91
56 332 425
94 317 572
54 422 557
40 0 419
15 266 124
33 294 261
41 438 86
95 422 28
82 506 399
30 172 202
81 482 373
17 136 368
94 152 99
52 216 343
56 133 153
41 315 392
42 318 278
85 124 29
47 30 539
2 272 368
66 477 265
45 444 455
75 384 426
35 554 468
77 139 578
48 58 156
53 419 90
79 293 350
8 341 248
19 200 145
13 513 112
41 447 424
98 275 345
87 182 44
99 377 437
34 489 83
47 335 229
85 476 38
64 561 371
95 519 287
27 271 351
15 7 279
1 434 130
78 429 387
9 193 503
93 527 48
46 387 418
34 572 437
30 462 359
20 349 62
61 494 72
88 335 206
2 284 361
43 552 229
80 488 278
17 558 126
51 537 22
17 113 45
88 521 122
68 555 25
89 535 148
70 460 169
72 182 157
60 400 129
41 250 372
58 240 426
76 151 234
91 374 574
53 38 333
98 283 539
30 210 198
14 514 297
85 245 41
7 172 494
52 25 204
98 159 237
82 117 30
69 424 181
26 304 546
96 494 339
27 361 55
17 218 542
43 486 137
70 43 491
51 74 27
5 48 8
74 41 265
65 35 119
95 416 179
41 300 382
17 320 2
6 568 104
78 436 294
98 139 387
46 283 59
32 301 464
33 178 40
95 478 131
78 442 229
56 25 131
14 429 449
59 77 60
78 79 88
80 48 342
19 310 6
38 450 534
93 425 421
45 480 529
50 266 176
58 213 547
45 245 385
12 287 572
64 186 559
82 265 27
50 346 124
98 352 295
48 420 520
83 340 581
10 148 356
16 438 24
79 277 344
76 32 105
42 210 369
48 422 319
51 411 455
1 347 504
28 466 543
44 99 115
23 34 206
49 471 500
43 434 501
8 484 5
74 400 27
77 108 265
56 116 102
5 293 154
58 543 8
46 236 449
62 84 157
3 66 324
24 351 26
74 357 66
74 79 446
28 228 445
96 273 546
53 375 350
97 483 49
39 421 567
12 177 550
21 229 516
25 126 402
15 195 261
72 422 211
94 566 441
58 267 385
86 263 222
54 400 572
92 551 61
20 417 87
57 440 248
46 548 467
50 247 367
4 364 242
76 161 414
98 164 16
13 565 162
17 35 518
78 521 258
68 161 33
64 78 102
72 466 374
36 158 299
91 456 273
69 385 129
92 521 12
80 557 186
20 465 577
96 109 5
17 155 573
59 329 253
76 434 406
14 245 37
68 207 201
93 463 303
95 465 426
56 552 420
94 252 417
97 563 345
3 473 109
74 439 431
10 178 494
24 188 533
95 338 252
49 211 546
41 303 554
39 39 180
56 142 354
84 508 337
92 186 501
78 525 451
40 130 355
45 316 251
23 416 323
31 448 444
34 368 125
50 448 555
66 368 176
97 181 55
17 432 447
77 74 66
75 53 295
41 257 315
1 215 3
81 563 481
68 481 470
97 571 71
6 537 352
30 48 240
29 271 397
9 214 122
2 277 336
71 136 53
52 132 354
33 463 203
33 467 393
37 529 2
18 73 441
16 19 281
65 52 29
63 520 94
66 544 156
39 179 575
94 262 135
38 163 195
56 277 313
44 34 30
25 207 459
47 82 491
98 57 8
4 110 177
95 28 410
87 286 191
34 536 488
0 21 115
31 497 153
51 206 83
36 229 377
58 310 93
73 544 376
31 559 82
19 348 323
26 361 551
74 146 1
93 49 365
10 398 7
69 177 232
83 368 372
3 202 559
1 201 416
50 248 506
51 414 181
3 504 72
78 287 38
36 360 508
47 120 410
47 562 309
93 192 312
73 319 456
66 451 552
85 335 292
36 324 165
35 525 223
81 89 232
92 153 502
16 103 220
92 434 493
15 97 496
67 569 92
76 217 489
63 352 556
16 478 52
12 393 407
29 243 62
4 129 408
79 162 271
96 284 428
94 220 342
15 67 25
75 426 190
44 348 210
18 545 150
100 355 351
56 357 563
26 309 320
17 46 580
21 236 131
7 427 72
65 82 549
13 439 65
88 57 47
90 47 305
90 524 443
26 148 481
48 84 263
37 187 31
73 418 34
69 155 363
47 478 152
21 315 356
39 460 259
38 381 417
84 107 189
58 447 511
26 25 323
64 42 560
29 104 500
79 67 579
1 254 142
71 84 334
16 127 576
2 305 364
30 561 10
25 509 56
2 258 434
1 80 364
64 409 564
61 157 300
38 418 495
80 501 171
85 104 97
37 442 164
78 511 403
81 319 459
11 364 210
4 92 467
77 286 22
73 67 419
45 114 483
28 255 365
60 446 44
49 551 428
20 308 141
18 163 325
37 384 523
13 413 438
98 574 412
86 142 399
15 321 442
81 521 239
87 93 138
67 117 126
88 181 63
32 555 33
87 30 508
15 524 556
46 291 130
87 207 179
18 296 65
30 236 544
39 361 320
21 566 77
50 280 200
38 179 7
20 11 430
62 276 33
38 466 72
48 299 223
16 114 416
45 436 479
3 203 172
8 568 143
50 472 507
65 160 439
41 235 295
3 56 90
86 415 160
72 158 94
59 271 371
79 248 186
69 104 409
51 421 158
19 20 549
16 548 443
6 311 86
30 336 547
24 390 132
26 180 65
11 410 508
94 382 395
97 281 561
1 196 126
3 117 515
40 285 211
20 475 71
0 540 26
97 329 522
93 390 10
5 61 576
70 114 541
51 121 351
60 444 339
97 231 557
6 349 161
12 325 451
40 553 82
7 222 435
78 135 132
26 231 144
2 22 546
9 414 553
8 542 317
31 540 156
42 95 257
71 550 318
59 406 42
39 197 44
92 95 214
93 129 250
67 302 223
35 393 182
100 247 229
96 380 280
98 77 222
51 310 572
64 244 21
82 193 188
33 94 509
81 388 266
77 361 187
24 231 298
74 92 288
45 249 325
87 289 105
76 447 364
15 271 55
71 406 386
81 181 113
52 20 403
35 270 435
75 213 282
98 444 94
51 251 269
80 5 557
46 471 409
75 101 106
95 66 13
56 566 510
61 84 136
13 313 392
37 535 17
80 276 191
29 536 489
64 267 286
87 449 433
51 303 86
95 190 125
13 429 70
23 14 505
96 121 6
22 365 354
11 373 107
100 311 289
97 37 309
96 527 184
20 304 358
75 437 417
72 217 370
5 332 226
99 530 551
94 301 389
42 179 301
61 50 60
95 261 62
57 304 8
49 557 182
17 230 258
44 529 230
11 359 233
78 202 411
86 186 188
20 145 411
57 86 420
43 167 344
37 487 473
28 96 477
13 509 59
74 492 490
24 370 527
53 413 347
53 164 381
87 81 400
33 208 397
92 43 310
45 6 265
85 160 377
76 93 575
24 419 535
82 235 45
70 447 114
82 508 442
59 312 233
5 232 127
94 158 113
0 440 531
56 435 490
11 352 507
32 126 153
52 174 292
2 19 366
23 553 541
50 51 259
15 89 34
19 317 399
7 484 472
11 31 237
68 0 206
19 192 212
70 455 457
80 418 23
81 550 451
31 250 502
69 211 339
3 501 76
50 559 479
24 76 80
98 367 316
62 95 51
48 496 25
29 393 294
45 433 129
79 250 1
91 498 485
10 360 320
96 371 180
91 359 447
58 311 76
25 129 218
6 298 42
4 68 320
67 178 127
72 54 469
95 515 27
36 274 244
80 31 241
46 199 282
15 364 526
14 334 396
50 369 55
1 289 475
67 78 48
73 382 483
54 323 404
98 18 131
64 572 376
56 435 538
77 84 412
54 164 564
54 475 376
34 192 154
76 375 545
79 472 156
50 145 368
61 494 244
68 522 211
55 458 97
27 32 537
20 446 205
75 530 45
4 24 368
96 229 401
69 512 554
21 427 421
48 116 163
10 113 518
88 256 238
62 462 456
1 15 447
84 315 559
89 69 380
46 180 303
15 487 95
67 135 69
15 203 396
33 164 533
49 392 61
16 271 305
21 87 279
67 526 365
48 78 112
32 401 55
56 502 366
17 15 568
72 18 567
66 325 485
52 213 265
70 201 352
21 250 528
20 73 25
50 460 382
46 6 559
41 139 129
12 179 208
44 251 512
11 206 217
38 471 11
38 410 98
40 60 129
55 241 263
66 447 557
19 553 129
99 359 121
90 313 385
20 218 344
9 249 503
30 106 568
75 323 357
97 375 305
11 143 576
81 536 262
40 272 332
75 322 574
33 236 37
51 428 164
85 277 535
14 79 179
29 19 324
71 157 138
23 56 239
43 69 170
72 359 481
92 289 581
76 26 179
14 303 434
8 119 86
69 430 14
55 51 100
23 3 554
41 413 224
55 515 491
83 538 76
90 435 534
38 178 228
86 277 316
80 374 491
87 283 507
66 207 555
93 30 25
0 211 136
97 442 554
39 39 173
27 483 550
21 512 160
77 504 135
8 481 575
38 85 5
0 230 403
0 98 513
25 78 494
70 319 308
69 486 511
20 538 318
23 299 267
26 460 417
52 570 364
75 572 494
58 270 18
82 108 108
32 122 154
12 99 141
38 261 248
85 157 391
22 141 479
53 81 513
41 574 445
3 298 428
9 457 208
38 493 78
56 219 6
82 81 11
25 108 440
56 404 99
17 44 255
31 217 235
69 396 27
56 332 423
67 408 100
63 137 87
98 572 107
61 185 344
59 498 471
34 218 493
48 247 91
57 509 274
21 466 460
77 369 352
91 78 446
7 469 37
64 369 183
59 352 496
83 514 520
97 308 75
55 188 185
85 286 155
71 260 206
11 438 519
77 23 452
51 406 477
100 547 238
4 330 180
61 487 503
13 235 544
85 190 152
50 402 78
67 264 424
95 19 250
4 6 162
35 113 131
61 550 513
20 389 398
79 303 32
75 337 471
41 79 267
89 40 277
17 262 13
52 155 22
72 464 179
54 429 56
54 288 117
26 36 92
49 175 241
38 83 162
2 249 574
81 388 387
17 34 34
30 35 3
96 81 364
0 160 459
17 559 564
18 283 529
14 504 365
64 44 62
75 293 298
42 302 526
78 184 502
47 192 496
98 563 413
30 206 186
43 88 203
91 504 533
94 218 186
84 186 248
82 349 282
75 271 541
12 405 521
70 274 87
61 79 286
34 253 310
76 265 377
20 59 478
86 1 72
28 376 480
10 189 430
33 5 552
12 420 513
16 275 85
81 484 517
54 134 364
92 64 297
58 379 162
87 289 437
8 387 46
48 489 59
13 316 334
98 556 56
82 458 152
14 333 130
79 467 246
95 160 541
7 407 52
54 172 292
28 567 150
29 409 83
3 447 179
88 91 303
50 357 319
65 16 511
27 497 175
9 445 106
8 87 347
77 393 387
27 229 57
49 143 61
84 394 534
35 173 513
26 245 543
66 196 409
66 77 51
14 367 389
16 67 390
4 227 5
62 204 535
5 424 12
67 320 391
76 484 80
26 257 281
45 210 322
89 37 197
3 491 42
23 64 432
37 94 109
30 450 397
89 490 403
46 41 201
97 381 99
10 349 568
7 388 115
53 173 168
48 446 249
46 122 9
79 411 432
85 29 108
95 359 345
23 128 570
40 83 483
46 131 538
48 77 397
23 229 206
9 27 445
7 349 173
66 268 342
17 404 68
92 327 135
57 223 111
83 387 175
34 97 234
98 256 581
36 80 432
92 83 74
9 165 124
67 507 301
80 6 290
77 448 419
72 541 443
52 422 195
7 438 58
39 150 314
47 208 411
85 300 256
23 200 15
91 215 17
91 277 129
44 479 98
23 400 367
100 431 569
71 509 417
55 137 316
79 273 72
5 168 29
47 447 494
73 468 441
15 244 346
6 186 104
80 530 101
4 12 11
7 519 84
2 124 435
80 435 244
87 472 382
33 30 411
93 63 290
38 379 272
45 383 317
62 475 458
21 145 374
83 573 519
11 121 97
80 165 106
6 370 468
100 87 54
69 301 133
72 294 12
89 274 366
38 394 449
74 36 444
24 114 442
55 346 171
80 179 247
17 319 337
38 484 65
4 127 10
97 212 342
82 318 74
11 490 467
7 94 337
71 136 116
69 423 65
85 67 345
48 297 299
92 456 543
69 147 484
46 490 141
69 146 215
66 219 367
34 320 281
48 542 354
31 347 526
61 69 72
73 525 310
47 80 515
98 210 508
76 116 336
24 255 213
75 90 492
45 80 404
30 356 524
91 431 132
65 361 194
3 129 413
58 187 400
31 34 398
91 126 26
32 570 242
46 299 418
35 228 278
30 415 84
17 412 451
18 470 106
87 248 339
45 280 193
27 283 484
41 392 114
54 359 388
90 501 176
83 244 469
70 404 406
44 264 329
60 571 3
97 74 9
76 101 407
14 154 142
94 153 158
54 533 35
59 496 187
92 165 64
14 552 249
70 384 421
18 110 494
42 534 381
90 103 161
21 20 23
34 466 488
26 564 235
100 496 120
1 52 282
4 259 462
63 74 328
42 313 188
35 566 41
43 561 183
66 319 563
66 342 297
64 117 273
34 425 189
2 39 248
13 489 261
6 18 178
54 137 324
18 329 155
22 57 252
62 16 179
69 487 250
100 288 392
29 82 379
81 538 471
34 565 459
17 246 193
32 34 375
13 367 41
99 40 486
30 503 476
23 156 320
100 151 126
99 447 181
48 436 176
42 140 552
62 518 471
57 544 271
89 389 547
5 465 65
82 106 356
100 274 105
11 228 146
31 92 339
56 335 33
35 206 417
7 363 24
59 553 565
86 113 157
11 252 568
32 227 504
41 339 126
84 363 538
62 387 225
90 36 392
100 259 376
75 434 23
67 204 349
7 420 34
79 167 556
70 86 6
34 380 265
3 246 507
82 50 171
23 430 449
10 448 557
64 96 242
46 182 318
80 9 17
36 385 212
42 136 361
32 254 308
21 501 130
73 403 228
31 394 179
96 478 143
20 7 533
83 406 489
71 421 228
91 257 571
65 429 353
73 160 352
27 26 451
88 138 479
13 1 352
87 550 266
50 462 535
60 84 274
9 36 149
45 51 89
39 216 338
45 283 349
90 308 481
11 269 216
43 52 321
39 477 445
22 12 327
7 149 172
39 320 227
4 542 162
16 153 567
2 154 214
76 119 91
29 543 365
23 516 51
36 425 258
87 337 463
65 146 471
72 92 244
50 149 147
8 123 319
22 415 213
86 225 140
97 524 319
71 338 375
55 450 364
62 215 281
41 108 107
18 398 569
33 356 229
88 393 416
81 534 461
86 356 572
82 158 490
82 163 398
20 2 500
98 395 400
63 72 34
37 0 195
80 440 213
43 170 82
49 185 498
22 193 517
74 542 472
54 452 564
80 286 337
32 159 500
19 169 113
42 131 352
76 314 294
4 473 393
4 50 367
74 251 353
10 426 114
30 136 472
89 232 515
86 203 145
8 232 80
8 75 76
64 101 475
53 400 124
6 357 574
24 287 395
99 360 437
15 79 64
83 454 43
24 521 483
73 474 325
75 349 440
91 199 233
32 357 11
68 541 176
97 512 53
14 326 279
58 353 536
27 537 18
11 237 196
39 508 355
85 3 188
79 25 355
42 246 179
1 195 440
64 367 329
83 281 232
31 496 70
39 390 248
43 288 401
2 560 467
20 224 331
8 473 480
94 543 271
8 568 156
34 391 47
14 237 110
18 425 230
52 252 386
46 380 378
16 62 382
65 357 338
3 361 249
19 467 317
86 273 325
79 252 240
7 480 224
93 168 114
60 204 543
66 185 546
45 54 463
14 495 418
7 567 74
86 47 556
95 15 114
99 465 494
74 346 410
75 91 519
94 49 145
48 334 240
10 426 248
2 249 297
44 507 48
25 23 57
1 381 137
60 224 291
38 97 542
32 379 396
16 350 406
56 190 492
48 322 299
35 204 38
46 425 352
32 102 484
99 78 259
38 158 122
15 540 332
44 459 180
36 507 95
80 523 326
88 436 352
65 37 551
71 11 16
62 323 109
63 254 154
4 76 479
13 271 562
64 274 448
23 252 445
64 372 373
63 141 214
37 84 526
93 189 134
83 540 36
96 272 145
11 478 448
95 551 506
24 528 451
60 159 569
52 103 511
55 136 188
41 294 52
88 289 237
35 205 150
82 507 260
17 390 555
62 389 90
61 488 256
53 379 522
48 241 163
67 406 60
24 204 428
49 194 177
19 364 287
57 9 139
38 315 152
27 340 471
11 365 100
60 381 63
51 76 92
64 96 107
25 250 170
18 80 434
26 221 133
97 213 186
18 437 158
48 237 3
20 113 136
69 481 357
10 105 196
98 425 64
12 179 18
62 410 266
6 117 318
100 410 349
42 124 279
0 272 112
13 92 382
94 161 431
57 101 329
94 495 94
3 270 146
21 136 121
39 295 175
5 455 110
3 324 494
51 282 39
9 412 564
11 376 521
22 165 433
20 372 9
99 24 385
76 517 37
56 50 36
70 111 283
86 403 339
35 225 437
46 535 160
82 90 422
74 451 309
96 386 324
82 88 1
11 530 279
46 284 247
46 110 44
18 260 481
23 34 382
43 496 109
32 398 242
99 259 548
67 432 113
19 337 473
37 226 316
86 529 380
71 109 524
90 196 484
78 135 397
5 533 88
39 433 299
31 422 486
97 156 413
86 500 316
40 439 208
34 39 256
72 120 443
49 276 268
19 469 259
34 224 317
50 316 438
13 217 532
28 509 558
71 385 386
39 118 405
63 528 58
57 166 414
6 503 82
100 103 263
86 429 472
69 496 244
87 78 395
52 490 340
38 382 469
47 121 169
22 306 253
40 144 477
21 385 543
73 381 558
20 306 17
50 298 409
97 432 110
67 522 53
13 326 275
56 2 169
25 135 370
24 335 209
0 153 473
54 380 456
68 65 216
79 94 488
6 8 296
74 122 101
62 57 234
27 486 460
73 362 324
39 443 183
28 418 410
89 341 552
60 345 406
94 48 480
47 147 287
51 534 254
67 360 504
36 317 195
80 309 470
58 547 478
69 236 402
56 393 482
58 422 35
61 468 54
86 351 190
83 499 160
45 509 280
100 175 470
45 410 73
41 183 35
99 536 372
32 264 554
89 207 346
32 38 499
94 373 260
81 541 258
97 527 302
54 280 303
91 101 246
41 116 281
46 11 506
75 334 392
64 167 255
66 560 319
71 538 61
84 339 553
16 359 512
10 306 509
62 309 32
71 149 440
33 171 407
59 69 567
28 36 344
99 241 568
40 449 258
19 221 508
75 529 387
69 434 435
37 74 359
53 125 202
32 411 181
67 178 516
77 200 355
22 270 318
58 377 319
24 174 224
69 532 368
50 256 81
100 548 428
45 517 202
19 329 323
12 250 477
14 254 246
37 431 195
53 161 32
67 86 337
35 39 424
25 115 175
77 141 545
39 549 292
89 385 340
95 58 75
40 490 254
5 420 162
67 285 489
28 530 90
17 525 398
99 285 349
58 210 286
43 116 251
8 569 212
46 527 380
89 219 205
5 305 447
50 419 57
46 169 558
24 259 496
53 99 196
94 47 571
33 43 487
86 55 35
80 407 519
81 43 222
59 246 485
2 378 121
63 224 334
63 510 500
93 500 289
31 332 78
96 77 434
32 109 544
6 535 258
58 89 94
60 502 456
62 543 153
57 220 117
82 342 180
11 236 277
49 99 492
80 547 28
0 444 571
44 339 164
77 444 195
3 443 339
55 206 35
82 139 223
80 51 14
7 182 51
35 362 92
98 463 577
7 329 348
85 526 298
17 17 500
48 377 404
26 404 532
24 172 559
83 539 377
11 352 444
82 74 334
36 548 348
90 263 414
24 556 507
23 95 84
98 514 575
13 478 253
59 227 118
27 412 441
10 459 384
40 556 141
25 238 237
97 386 251
10 326 53
100 255 411
10 55 517
38 274 25
54 8 514
3 372 309
92 97 339
74 185 91
28 465 37
24 572 170
74 165 543
46 391 96
99 355 384
62 534 308
2 41 399
43 87 221
93 323 53
37 28 64
84 111 545
48 445 547
74 362 205
43 34 38
83 70 330
68 217 354
46 172 377
0 137 422
3 137 153
44 519 540
53 87 72
12 213 352
96 176 324
37 344 133
74 225 555
38 429 169
90 56 245
7 417 45
41 314 57
94 303 568
52 107 441
46 389 189
72 574 217
98 396 240
23 0 41
10 204 120
16 97 537
73 542 340
76 397 419
17 260 75
0 289 102
32 451 76
64 242 393
50 356 476
57 365 200
90 496 6
23 96 567
97 173 207
24 471 59
78 245 454
38 335 458
28 393 155
10 97 256
54 478 206
49 165 437
2 356 499
17 555 279
83 214 364
71 445 85
40 85 374
93 573 185
2 62 107
85 549 52
77 200 142
34 285 576
66 55 202
61 200 265
8 3 492
83 390 423
63 209 339
81 72 426
80 396 318
90 500 354
29 383 243
61 163 496
20 13 382
80 38 496
86 336 538
84 154 198
73 109 550
69 446 429
55 520 8
87 80 469
52 308 315
64 374 430
51 545 535
18 521 556
77 244 238
53 294 533
81 131 119
56 347 517
71 245 130
44 318 65
96 351 247
61 518 442
40 570 74
27 179 105
83 182 446
32 435 334
38 148 450
9 548 441
19 369 400
84 450 105
55 101 373
48 574 165
40 223 311
53 184 309
24 98 426
97 58 476
73 422 125
45 487 394
76 322 90
18 168 168
45 302 1
43 23 433
90 142 431
63 537 450
2 36 225
1 89 305
15 99 436
87 52 205
45 487 284
68 439 366
85 320 560
86 404 353
91 54 307
22 311 206
11 549 155
52 523 203
52 431 439
74 470 201
94 456 549
61 432 9
10 487 543
11 341 381
26 183 574
72 142 98
20 108 318
49 387 439
67 191 450
88 375 97
92 562 67
25 197 560
68 234 65
65 298 256
94 558 149
6 95 427
51 551 204
9 563 460
38 360 456
78 328 199
3 197 247
40 37 0
11 101 26
95 227 6
0 255 355
95 2 458
41 59 320
67 180 447
68 5 279
86 213 175
90 422 313
47 265 31
96 501 329
93 44 523
53 564 464
100 373 150
21 18 110
29 141 130
16 533 427
19 68 306
25 9 346
94 16 553
22 183 7
80 334 242
57 523 419
84 431 21
79 329 150
50 260 241
32 261 479
15 18 396
26 82 531
72 26 393
92 393 523
42 537 157
98 214 576
40 215 361
20 236 207
16 422 468
43 245 504
60 112 95
29 411 131
99 430 380
97 560 303
5 57 11
75 56 110
86 44 402
32 528 325
25 470 7
64 268 469
65 498 286
72 28 102
100 436 292
26 270 395
97 227 406
58 450 215
94 50 575
64 338 427
57 166 217
42 283 400
49 359 163
59 382 446
97 360 188
85 157 71
93 285 201
82 66 361
5 326 245
44 146 104
6 60 210
52 93 482
31 369 0
32 68 326
86 268 442
11 70 169
46 99 246
70 265 102
82 106 575
61 483 354
96 454 563
90 44 376
9 344 245
86 12 491
54 550 12
51 355 47
60 271 381
100 187 426
6 432 195
61 101 330
45 423 215
57 38 368
77 496 380
49 271 483
27 411 155
22 27 263
45 69 158
52 435 511
76 147 521
28 190 516
13 433 414
77 130 165
78 211 398
46 21 546
39 108 562
46 58 282
10 548 96
40 396 175
13 342 280
73 184 127
93 336 135
71 217 176
39 10 552
22 366 20
53 105 328
90 121 31
43 430 116
70 47 250
39 140 61
34 417 34
79 53 164
72 16 105
41 107 497
27 150 44
46 86 61
2 373 548
83 305 260
47 191 228
90 148 504
78 245 416
50 476 178
3 505 160
29 342 560
70 185 290
41 270 560
66 144 336
100 149 20
50 531 448
83 353 404
43 136 247
44 381 288
45 126 543
99 304 100
81 167 543
34 179 521
25 442 218
44 299 564
47 41 224
11 303 376
85 62 188
86 485 474
32 314 533
86 427 550
58 146 472
84 29 307
47 102 352
24 302 204
93 405 487
47 240 291
96 176 16
14 427 302
91 333 358
42 351 15
77 189 277
50 151 74
29 273 246
5 522 185
11 399 497
66 63 295
71 169 43
29 442 129
18 498 434
77 441 289
93 442 312
74 338 550
71 463 91
19 181 100
99 337 528
75 472 304
57 123 349
12 263 11
63 16 394
92 422 59
24 332 364
10 458 337
59 520 337
84 295 219
3 314 291
33 313 139
74 376 378
98 508 234
25 569 366
62 258 267
48 108 270
86 83 286
65 545 460
74 204 576
73 422 335
35 415 69
57 517 4
99 347 22
57 290 569
66 509 172
14 254 53
79 309 381
97 56 217
51 225 63
10 574 425
18 351 286
74 409 404
73 136 231
45 568 317
2 269 152
23 307 26
31 386 257
17 571 61
10 72 262
60 220 278
91 483 114
22 368 60
44 118 67
0 566 437
83 422 3
42 17 93
6 570 475
57 300 317
88 32 342
65 383 532
58 256 377
5 281 445
51 388 451
18 409 427
68 349 532
50 300 189
81 51 262
85 173 439
49 452 52
76 284 27
60 478 321
57 555 442
33 81 212
95 478 343
87 296 302
77 356 304
25 190 351
55 478 447
26 142 398
20 501 539
22 461 55
35 514 287
49 406 184
42 474 169
40 424 85
31 339 13
59 53 449
71 390 277
38 436 317
61 402 339
85 274 208
0 531 213
73 96 186
9 217 18
96 32 416
32 160 308
57 103 209
27 275 460
86 214 431
6 191 120
8 215 472
21 52 134
68 382 531
90 545 139
47 47 497
68 113 120
17 414 369
8 105 32
49 265 520
51 353 156
41 403 419
20 418 478
37 314 328
64 237 357
83 565 578
76 459 130
34 395 293
78 249 440
18 136 326
56 7 564
56 221 117
41 450 317
38 440 150
12 26 217
3 82 73
88 60 213
2 266 10
76 10 388
89 513 309
54 115 170
67 573 323
30 523 564
43 379 494
59 310 457
63 87 324
29 180 514
32 459 111
8 265 448
77 400 52
31 468 543
16 543 274
84 563 378
44 106 349
52 110 350
13 33 298
10 134 272
81 273 301
9 548 572
81 50 408
96 64 507
36 437 153
11 182 475
53 55 497
11 283 537
38 135 90
30 258 447
16 236 497
20 349 545
48 97 248
88 365 335
93 302 361
84 87 157
44 206 342
74 462 283
1 177 501
35 541 504
59 308 562
30 516 178
99 504 163
75 432 10
86 141 0
45 83 538
50 178 187
12 63 105
65 335 238
80 171 31
10 240 95
92 24 165
88 274 238
66 538 476
69 302 483
80 265 136
11 522 389
44 413 302
71 492 295
43 256 41
11 73 318
30 502 79
10 253 317
87 531 398
47 402 258
32 346 522
61 144 362
100 130 261
91 328 289
29 265 444
54 37 93
50 285 493
72 514 351
45 113 14
85 53 441
74 239 8
45 86 85
37 103 357
22 323 137
53 353 6
86 464 267
49 76 193
28 346 67
19 161 260
36 82 120
37 563 365
12 359 51
96 526 422
56 539 299
44 96 103
45 106 291
97 54 375
6 269 534
91 107 324
90 548 359
91 44 96
35 276 284
81 285 271
12 287 24
72 60 136
50 94 180
42 251 60
88 252 186
46 388 437
9 344 17
83 324 89
26 196 560
97 558 218
20 4 261
37 431 161
5 60 288
2 238 115
83 472 313
80 557 381
83 184 492
23 362 513
93 389 371
87 342 445
93 299 251
39 331 152
38 110 416
87 515 2
75 430 399
54 408 267
29 366 14
7 192 393
20 229 546
39 124 111
65 344 428
25 299 210
71 26 553
88 188 262
1 531 261
35 523 137
86 338 500
4 344 138
57 501 413
30 282 516
59 227 52
97 535 352
95 262 252
24 555 191
63 509 326
100 475 403
97 151 375
76 81 177
28 317 163
59 419 54
89 74 152
14 227 553
96 76 410
57 301 129
0 78 306
10 196 214
34 113 511
87 89 419
43 454 17
55 478 151
34 330 577
4 110 227
67 369 254
53 342 497
81 306 539
23 375 571
50 483 117
64 437 471
27 341 173
31 535 518
55 105 67
22 246 404
56 476 247
55 355 541
4 496 423
74 359 272
46 45 447
32 516 7
31 303 39
84 547 210
57 441 225
54 238 327
42 154 256
78 123 115
93 354 7
33 66 193
13 98 556
23 364 264
20 192 21
95 380 277
53 274 49
83 143 549
46 325 398
11 69 308
93 210 318
94 500 493
6 39 169
91 252 301
95 33 1
17 558 577
68 414 477
91 65 547
42 134 131
78 316 249
77 306 113
30 450 514
15 240 160
31 309 282
7 338 261
99 436 434
26 384 119
25 23 37
1 211 310
85 322 83
51 494 483
99 506 494
1 31 111
30 97 35
69 420 180
30 371 568
28 91 345
47 108 557
76 254 18
44 37 226
80 305 276
13 138 253
43 408 313
95 82 225
94 545 414
22 495 267
97 51 246
71 515 264
28 298 485
77 8 12
21 411 29
25 550 308
49 267 178
11 187 446
53 189 347
22 185 416
42 539 252
83 422 295
42 381 321
75 527 44
68 28 257
95 202 230
21 498 468
11 478 9
28 490 209
56 119 236
83 537 375
0 127 124
87 392 324
55 316 148
42 455 92
94 49 0
0 41 56
82 112 271
27 238 409
61 341 190
60 290 572
26 375 557
55 111 132
87 218 222
57 308 536
26 70 234
12 284 372
43 573 389
68 206 539
44 463 90
4 469 475
99 6 182
40 355 114
39 80 240
37 392 460
86 571 418
89 137 377
59 192 463
84 444 85
58 373 407
45 3 215
13 381 437
53 536 570
44 501 314
5 240 282
91 469 252
7 140 247
80 528 529
66 373 165
43 385 153
67 473 228
15 125 419
4 51 400
53 308 341
98 16 449
67 452 461
4 326 280
4 5 354
6 74 437
48 268 537
47 393 167
0 68 340
17 487 397
87 338 575
90 64 173
14 69 410
99 10 525
83 540 369
33 182 334
6 193 349
39 429 47
96 498 338
48 267 319
33 571 196
87 232 166
61 505 89
83 540 244
22 238 224
86 278 566
62 72 98
64 89 299
60 483 282
52 84 27
65 67 126
48 263 393
45 364 566
97 386 77
44 243 459
23 68 275
94 91 380
70 343 337
67 380 450
71 5 91
44 557 254
11 29 352
80 349 81
57 28 170
79 453 559
30 306 216
36 381 507
35 282 278
40 221 454
74 562 402
26 388 178
12 349 274
25 177 524
50 277 314
43 448 182
80 146 356
76 333 281
79 567 244
18 113 372
84 573 69
48 539 507
27 230 175
65 212 352
56 109 376
34 305 346
90 222 571
94 295 416
79 80 270
1 353 316
31 531 313
55 323 202
73 264 418
95 573 108
19 364 179
5 518 221
74 273 50
92 548 249
23 340 451
15 559 572
75 306 23
26 493 76
11 546 332
68 108 216
11 529 299
82 140 169
53 249 384
55 129 425
2 74 417
16 528 22
83 233 416
41 563 512
41 223 330
100 318 396
65 484 244
89 367 356
53 488 54
17 267 128
71 182 385
19 559 305
27 571 167
72 334 40
91 331 490
5 62 564
65 253 307
1 493 184
56 487 571
3 143 569
62 281 567
14 215 98
40 215 77
33 181 549
49 573 353
21 472 474
40 141 52
36 460 390
85 379 422
93 33 167
54 547 74
100 204 34
83 462 454
75 461 462
83 367 411
8 86 377
7 30 134
83 569 298
63 482 505
50 546 407
82 520 362
36 252 278
33 446 238
15 511 556
73 230 318
11 463 152
47 433 140
2 553 171
100 49 13
97 322 497
52 176 479
59 290 3
73 491 375
80 239 357
34 411 402
45 168 145
91 401 350
42 220 519
68 75 56
15 395 1
21 390 256
0 378 255
10 47 215
9 447 6
73 462 498
51 317 404
79 474 155
26 318 447
57 265 303
21 105 153
72 154 189
68 494 67
58 552 565
14 321 574
100 388 68
17 52 17
49 65 527
58 137 203
17 222 535
87 351 138
98 375 335
27 351 237
68 486 524
27 77 363
24 61 455
29 562 156
93 556 98
16 186 454
20 325 36
34 524 480
4 514 192
16 519 547
50 381 457
74 495 37
13 554 477
77 273 151
85 141 336
3 340 441
52 193 233
50 387 117
85 508 233
19 106 213
71 83 578
62 18 106
81 235 238
55 207 43
35 503 465
1 141 373
45 431 515
46 371 66
36 447 569
15 315 483
53 165 95
66 85 45
28 218 362
27 212 372
38 503 320
99 45 466
52 346 214
74 424 186
34 525 97
85 178 376
79 387 541
20 171 105
73 162 89
67 181 428
70 8 72
72 521 431
17 420 136
95 500 62
66 437 323
37 216 319
96 298 403
19 563 189
64 540 315
90 574 214
90 209 353
84 420 149
33 539 183
4 379 36
99 106 164
68 33 117
22 172 302
8 563 23
37 273 204
7 68 46
19 359 45
20 297 499
65 59 343
42 255 494
23 131 479
4 334 92
75 144 237
34 268 202
66 440 527
13 559 472
79 418 147
45 233 230
64 115 318
44 79 110
35 199 64
90 354 551
24 292 401
17 118 580
50 116 228
41 180 226
25 241 50
21 60 215
18 31 418
75 531 440
43 417 264
17 48 130
62 132 213
98 367 419
97 354 492
40 309 187
16 115 421
46 307 446
3 392 396
99 315 323
81 65 474
26 394 491
74 248 518
46 188 251
25 28 137
27 437 502
82 73 254
61 120 199
35 493 36
93 124 195
57 310 211
18 512 326
43 416 418
76 45 520
68 53 113
88 518 372
58 120 552
54 500 488
90 257 120
97 116 311
44 230 405
7 72 459
56 263 191
77 161 266
8 274 22
13 430 456
68 488 417
79 51 324
13 45 303
55 456 74
50 14 149
42 368 461
97 100 163
96 467 379
84 216 247
40 113 145
67 297 309
4 505 525
81 558 301
92 520 42
99 19 178
31 23 223
6 181 390
11 218 403
34 495 305
85 87 179
74 495 301
28 48 243
4 561 418
84 411 521
5 5 81
0 178 301
46 181 261
28 217 578
86 255 378
51 138 470
97 569 454
86 491 23
13 369 445
82 66 55
46 256 213
42 145 348
26 444 275
39 485 421
55 516 316
16 169 523
51 280 346
12 134 32
83 417 177
51 443 223
18 495 229
100 155 41
45 245 77
6 282 450
93 103 194
44 126 170
81 449 76
69 170 98
18 215 578
25 29 18
74 315 247
77 352 285
7 330 241
48 175 566
7 62 165
50 301 359
60 141 564
34 193 44
69 527 222
19 557 529
73 402 102
0 22 355
36 30 355
100 225 413
61 248 201
31 54 380
38 157 46
31 189 22
18 10 73
3 239 551
100 418 15
55 167 299
98 247 535
50 422 375
45 44 271
96 390 51
16 376 203
5 6 109
48 255 516
61 534 31
62 296 2
17 450 346
57 521 173
39 382 160
47 50 269
66 183 204
37 81 158
31 269 123
17 538 106
40 350 414
31 536 9
63 287 127
19 464 235
73 420 441
84 283 167
90 526 568
36 311 109
26 226 549
78 421 287
10 524 328
18 192 381
20 503 574
61 443 429
17 296 350
50 560 10
19 381 425
20 250 557
56 528 297
61 402 197
32 132 224
63 405 42
51 56 119
9 531 301
35 463 291
60 403 563
78 462 28
84 237 500
15 30 316
28 319 100
57 386 43
61 237 143
50 169 182
2 302 388
26 133 254
64 235 202
59 476 155
79 292 513
54 303 374
77 335 158
79 128 2
82 382 462
13 11 8
50 65 168
69 34 142
8 90 226
10 157 59
67 123 399
96 207 256
61 229 266
29 538 105
6 540 195
85 552 379
46 225 113
79 303 63
33 80 111
42 227 57
56 283 391
52 1 530
83 35 238
19 261 535
82 241 175
64 50 84
6 65 446
54 224 530
59 494 548
23 372 246
76 458 474
100 485 388
83 192 163
18 379 49
87 304 266
49 354 128
55 469 467
31 227 526
88 190 448
80 515 414
39 373 365
77 429 104
44 472 58
57 131 92
25 447 480
64 248 283
21 440 92
48 498 18
84 366 467
54 391 28
58 145 62
1 85 289
95 518 491
4 453 305
50 301 179
95 261 312
50 226 558
41 66 543
69 371 41
63 156 503
89 99 58
28 48 39
33 322 483
74 452 99
38 301 393
75 30 553
1 557 307
33 322 382
31 123 126
33 15 294
85 132 211
77 224 419
61 127 293
19 186 492
79 344 232
87 283 435
95 101 11
46 518 363
100 177 544
92 25 575
94 384 145
74 18 538
61 38 98
10 294 209
62 107 28
32 509 158
66 166 309
53 368 143
57 382 225
20 339 426
98 73 556
33 135 31
44 558 471
35 509 198
64 148 429
37 145 567
59 528 11
19 570 521
2 8 401
82 210 505
68 413 360
54 394 209
17 449 218
71 334 336
93 531 132
26 109 320
73 383 125
76 350 378
36 420 44
68 207 376
11 332 221
96 354 471
54 160 304
43 99 41
45 99 91
37 237 411
58 36 518
0 540 97
22 324 86
95 275 457
98 148 332
6 138 373
43 103 567
1 379 86
25 229 488
31 166 403
54 29 7
70 380 95
74 341 564
12 175 511
52 546 210
7 323 463
86 159 31
70 85 459
86 351 41
33 555 118
53 299 480
73 174 197
92 264 426
24 198 366
51 203 269
65 332 284
65 87 8
41 486 391
44 473 91
38 276 329
41 438 414
59 32 244
89 351 445
63 505 248
28 190 428
76 540 441
69 103 275
74 207 525
100 276 533
9 130 549
7 6 304
33 137 456
0 563 179
65 349 494
67 370 476
23 259 166
56 195 452
91 566 44
25 109 215
68 48 388
67 268 370
55 297 210
59 488 373
1 207 272
95 112 272
53 195 522
88 237 24
88 242 388
13 568 344
66 452 117
20 101 363
53 246 500
34 106 135
19 292 463
9 145 577
9 374 499
91 170 515
55 470 18
4 235 524
7 431 95
52 8 384
93 166 45
7 143 175
83 38 357
33 10 549
16 363 568
65 490 273
18 195 11
7 334 326
24 525 27
55 92 60
74 388 552
34 381 350
51 178 354
44 215 426
62 572 452
86 183 137
54 204 29
45 541 291
86 47 563
19 153 191
2 266 16
39 467 399
100 532 121
34 118 558
73 190 459
5 77 139
31 398 111
16 180 466
3 25 507
78 356 264
89 60 9
1 458 476
40 478 138
27 527 204
92 220 529
56 341 34
2 552 168
82 217 84
15 230 169
90 431 200
15 508 78
93 472 481
34 496 357
99 131 506
5 9 193
19 53 336
84 451 455
77 360 173
96 69 187
26 353 64
61 97 94
91 292 414
36 519 285
80 114 229
53 201 345
49 448 227
72 534 459
22 334 200
62 266 286
45 62 423
24 147 414
26 240 320
29 184 370
17 51 509
69 18 333
96 221 240
12 117 231
88 553 352
27 167 112
82 277 46
83 281 520
47 120 393
20 55 282
55 470 164
50 493 396
66 210 320
10 142 477
13 416 101
33 304 466
3 308 531
84 205 342
57 549 482
33 41 418
89 75 351
27 371 336
13 428 552
46 419 251
1 231 480
55 252 360
52 554 287
66 171 463
42 350 281
74 459 260
91 341 357
24 396 346
28 317 72
76 334 284
87 480 318
60 368 420
0 466 168
64 263 250
54 509 338
26 415 66
71 138 346
25 471 150
36 270 188
94 75 194
92 443 148
4 550 430
41 114 453
51 193 274
41 194 144
54 257 202
1 432 148
43 13 11
28 142 156
84 420 63
81 202 353
62 9 264
96 355 420
24 437 317
76 330 402
38 187 482
92 433 159
22 54 123
61 405 430
76 445 417
23 552 51
91 498 209
16 350 212
14 16 78
11 362 279
64 332 476
65 37 67
17 10 164
45 73 497
4 405 550
57 218 110
81 211 475
99 127 372
59 469 543
48 452 81
60 339 370
34 175 371
0 441 494
87 457 299
54 54 242
67 252 249
3 553 528
33 344 214
18 505 162
100 393 72
47 191 275
84 407 325
84 225 511
12 123 221
84 514 119
36 251 117
92 346 84
6 502 205
25 204 22
12 65 248
72 81 142
7 556 123
45 230 370
87 350 109
68 118 338
87 345 166
60 344 516
54 388 199
40 70 146
68 414 579
86 246 519
5 488 553
16 264 334
87 170 353
60 535 503
35 0 400
51 519 536
1 353 72
55 336 227
89 219 345
34 159 98
40 257 553
12 441 475
91 45 19
20 2 302
67 383 397
35 320 394
77 359 309
95 22 437
69 297 47
33 22 150
22 118 354
68 226 367
91 559 536
37 420 532
48 415 183
92 397 67
82 128 243
28 60 517
30 372 97
100 374 149
62 20 16
71 27 524
2 200 160
94 222 131
47 30 510
81 42 88
54 112 68
23 383 118
5 10 290
98 265 198
28 561 313
46 142 350
79 226 193
73 304 32
86 307 554
32 547 358
71 461 129
56 99 333
43 505 488
69 413 38
48 47 388
23 395 455
94 385 299
76 379 87
80 29 460
0 344 513
32 34 483
13 386 432
23 139 493
55 93 565
88 95 219
62 208 49
91 260 308
73 26 410
66 54 65
89 51 561
49 329 519
99 365 99
76 164 113
21 450 380
23 299 297
90 425 504
60 27 285
69 134 484
4 266 444
55 216 333
68 206 26
34 358 73
88 342 578
44 155 68
64 11 509
48 235 323
19 242 289
95 42 83
47 441 480
92 95 342
68 165 356
95 117 57
56 377 80
5 418 115
7 48 227
45 214 56
30 527 369
21 361 508
58 564 301
86 305 221
57 284 170
7 396 419
91 402 323
41 389 357
88 13 192
61 136 278
60 432 549
8 253 215
46 503 175
79 11 96
38 502 219
72 113 33
75 35 250
69 49 490
42 163 80
33 53 517
76 284 90
62 230 110
7 288 307
37 292 68
13 242 197
96 204 125
39 15 26
4 129 349
1 6 317
2 91 341
100 394 197
10 265 372
18 156 477
6 444 393
46 293 178
42 356 29
27 29 111
95 370 150
92 494 43
92 86 146
45 349 273
81 207 0
84 183 87
72 277 306
24 414 124
46 333 106
63 548 135
45 81 235
28 100 33
42 330 327
1 312 130
29 399 470
79 297 508
53 391 356
30 399 544
46 166 143
8 437 115
36 146 349
11 559 212
48 363 302
91 233 137
51 210 307
18 123 272
89 223 264
76 66 293
46 270 285
88 465 543
52 409 216
18 428 246
97 518 361
83 272 482
87 570 92
4 455 248
19 541 503
58 106 294
56 380 442
85 64 192
13 447 280
22 424 478
47 572 179
25 368 100
20 449 306
16 346 537
36 125 276
73 431 522
34 187 392
96 348 387
60 159 187
92 189 441
60 230 190
52 401 513
100 297 197
94 262 351
39 11 125
25 405 189
49 70 37
1 539 8
7 42 189
39 99 38
17 124 6
21 183 103
10 223 138
14 405 223
77 441 5
22 97 5
37 282 377
57 331 119
72 313 319
55 537 101
55 133 328
9 546 63
45 200 243
26 544 257
77 401 537
55 349 384
8 427 86
74 479 86
16 530 367
64 174 535
35 30 312
26 188 47
56 265 132
23 446 544
31 359 230
53 78 253
2 266 54
73 163 263
16 484 269
100 124 265
11 303 510
35 391 228
97 397 139
2 390 326
29 54 402
59 104 3
63 384 42
34 572 128
83 414 436
28 354 455
15 282 345
43 27 146
44 99 555
61 207 305
26 173 230
67 113 218
61 140 36
77 566 379
2 159 576
73 223 60
82 520 357
10 174 260
32 310 269
35 334 2
24 216 314
78 234 154
55 106 241
52 498 278
15 195 45
29 94 530
50 356 510
77 456 459
23 63 334
6 566 202
77 405 261
40 318 489
37 388 315
62 475 133
86 420 354
56 89 45
36 344 206
16 109 482
93 420 407
4 147 547
67 519 567
52 432 39
27 503 499
32 196 149
74 259 72
98 93 110
28 526 111
18 508 449
92 295 2
18 109 473
58 444 69
87 268 499
90 187 320
83 375 276
48 52 249
