49
009065036066074123061007062065003071000
089058216073072040006060000128071019050
033006246032133007081044112036007117020
000059181011073075025002004000093004008
034143000027005044016138000025129000030
044123013006066165002057053057110058015
077010000017002051081025029104011030032
163015101021040001081031034163056028004
099026025001057010036085007013100051006
082028064052038023044033128003027063003
011080011103057012003008000054011014104
142005090161000003175040024139149029059
028047031135005020039020014001128027007
039176120102002001069060106008045030019
028045013027029027017091180063004007073
033227157083113027026004078014190195086
036135118114016226021033047032000064032
053054013005043013066015015009005005039
017000028001082180158015042141066071001
123009040044037045004031019100021056020
069169149070043070168101023072022086015
163034039113061053042016102069008039215
012012004172019006008002003178060050065
047168114111013074012011035003077146047
032079152031010041011130006038044066022
040006111075049003003063099043117001025
013006003061073005014077013038019147006
069073010074015032080011100090064107172
016033131029026003047023003116006042166
173216008075142004012061114090009143004
008061129019045014129004064009175004024
013003090102015111029005081031028194082
174127006012084126013005066021005024077
071009011096000024061049041037067000033
132058146030098011026184016003041043002
142096212022094047021136013045071029029
110017002087001070133074035015025026159
039059018140084099069064003025002001037
030091000078016004010007121046002039001
008009036022045005136091031141098068038
005123016053014009104006135173044108032
073138027011026011008106031004019073036
103105101054008132174011057015059014063
052111075067000075081148021008067113100
054008003019085114090064100050060024091
005003024151091001171118013024016185153
032113111095008003065006158040146084000
015017186031114088075015030114037071001
073003051178016116083075091010104045014
lots of room and short message
