42
213096012028245230137034077057
176242127229006200032092208168
050237060195230253046120247042
207179063133182198102176150004
191169002115230053053157208124
087004168035034039237060146017
010231152069212232167138018165
103146147239179159016187146077
141112198126164183034235218228
220037162184177026171055183242
162075138216126146129201047071
103164094099123224229057031000
119119019142239096213182181022
033192177080128172059136053217
159168207033224114048042119145
203172019228137078114222181094
192027005007023001005214021066
183121194057140036092186152213
025164014207043173014208242029
234105169001037128099018154110
184238091123016179032095039179
068070224049180099087076095120
174228053212226035231044169146
075128053253117136111053039142
061196192140030235076064122221
217111214001242019040043149041
128050187240087236035008197151
234100028027244092129221091028
040000100166058186208037130014
221206074191101153043072103074
201250062191226194197069125005
187209088000168038066122206230
124065146004180222047178203245
108243031142152027170245244050
238051074218076061125153031191
109157166047172226128016039109
108182030166165170102068037187
061030249038204027191203152021
068073047214075237134136131236
147221172239250235012020168071
120183190017055236026222084098
126034019137072109113053098054
The quick brown fox jumps over the lazy dog
