50
251190015092031025240055033054024120230127087215
213041224212231163241111102159167043171167113232
239163090155175094064041027075249232005090207120
201139204150028109028156255092031023196150226183
207199120138168175229218008224130198200117081194
237192025178189156038090066003044029191021018211
095102121166190204083124046127070090013094104176
056179145024101168177122030218120235069049081202
050061182227250185231088008225137027197129231149
045066084246245026196065095240209207239195032141
247193179140109156172219098117246226122083137124
203016079061236253052020106064120138104053102105
010133058101037211105221184022138093017185196196
187146007094249149074098059009181100211142240067
060244199016102073230047213018202196213174229247
187094146084207090175209159117165127114183035018
228052030176029015118103170101051200184040108232
078187222228064045149170183115080107138000251157
042095052206146052196233116058233203218068159015
166112046033141207030127176216244247134236066114
149239077119100219213051016167171080076172103034
210213223046252155009028193190156072095051009039
219108095164185144089107161179003177024059108242
047031104067177119152178108038239041066014096206
233092177222181230049035101143184015134232104132
017241153239190020187060247209063158115188084183
051116190028047069054110217022125136161234196113
175045031157123092120051043102222187115072033105
068005084236166011069035019144231168248035114123
088254069084029050150114082205174178100147178218
133171250208120219137109095174153032171197004109
215047243190136098132102115206240045179153088239
081063140234084058000149030201183178170056005053
038177242105101221132117208245089218245250193053
060004031213244098075012226101155111061068149060
090116107075120047021175161172097066023191052220
165022034209012092175184204234190031202120065009
205111171132054051153180023155211220183100008243
129027189033134087102127039171244252214206026018
147241033098152017066224145076162098213030096227
104049121176240063036016073029210163080149018224
029051161167050110055186032004248097175097035041
230030022245056146224241174093105069018154147102
049035230008136232001155068230133011236168052085
001190184020159123223203085237048030169138088156
013120083241163205053155226079021081255128236065
014179064069235039253241093176059038086159134095
219251239139230015089189139124095048205200213142
184085241113224093053047228048167005090130009131
095029177254035126014089242098020070144061161096
YZ 0123456789aBcDeFgHiJkLmNoPqRsTuVwXyZ 01234689
