41
085079029027143043061
061013148033002199024
081005004043018091025015
067054005041167067200034008033
116003083068109162088195
009160000126078055011057
113006146026010
058219108181150040076001048112049001198120033069
072188077033078028075173159007025054075110
090042075186013135003074012023
103010001169068
105019111067147026001007016013028109017209
064091044236006022035098007129005030060
149151028041044
011200096067130032212021056048011161081
000151234209136005009195038004028
078151212000142047085009109091080002
057084007013004010082060044068
017009075087007077000001
085029106013020204052087126013042022023000024151
030001041014057
067090230016148007042009026
058103161029033201048045150
084104000
102023049012001159123005018160092108053
102044
020215008106012164032072
051
027067221056087053161191091051058045022037
110016087007046067170207028170003116024
067069039069084113014145054049058091204099149046
147025108030
132014034187015018013037052008042
030083131033045092034025007029218142009
104016066093009019025090027
161044057101098
054135071062030237179001000026023044158
059044204029165111128067
217011097007102018140116024
025186003137009132093002002112059021072001025
010
My Body lies over the ocean and over the sea
