39
138090175107049012103132021001201113
116027021144212024016008023016140002
161004010108125108009099095116065057
030022209126051110000049017166048106
122001018030049102038081027015069008
055106048042053052001121078020001004
009027010106011120135028000000138039
010020000035147009046122080000006054
113025209040000105124004083088075093
087070000143055011026152030025069176
007038045003066189062085057071091016
000002000000178011005011011127061017
018015020015009102018106010023190080
179055049054119132031053094001028002
032029003050085166101049042004173004
037020126058088053105083113201092145
004004173066011064020081042004014161
063010049002064002047098091003051098
000072006020053047083166148037009066
083103016022077028086001003018001016
046046069056137156081140070090022137
092032010037040094004052038038027003
011029036068006001113012100035054068
076124014059036028086002036008080012
195037058173115022013094062097145049
009126123051000015050018085024064017
066118104022074127139050078042055157
136072004006089054014130063011027114
025050019063018040117017001099110100
122108025016102017017085200054102219
085050017011151080057080101157053018
000139025191021120167062007005150169
228069127058122020042091002067045011
004091024014089061127116060169017004
064000083002059002041006003043117004
082010087151200080000067029052004051
034062072088002137044101150086020025
150017133009028007082119105005034089
097016037100011039103002102001000017
Yummage isnt a word in any of 3 languages I know
