40
119128028013037007213057013161000
051060008003124021033063141190026
041098137004010088156012002009057
132024055017165001064223157061002
098086023002018058047041011034097
061049021039070038020031156043016
031132012004016027070107013001130
094060015057052000014000038053078
070012074151068058004030017054157
163001143021043055027007032099019
073151000051001021096015027178201
041043039054011029136090101031077
016191100024018077014094008028006
006046014102009000016027005170094
107030198004031065008041143051022
135042167073035018008059006042213
006004165105018015002082179150059
162151005062039020009027094043037
050135155086082024043036047038111
119010144166118080103222027108041
092141004033067045084206027006099
157089024115045226022002132036094
070028079122052138015095056068019
193151094106046118045007191032007
172056129179017043060085114010005
002020072049000056005013096108066
005136010011043003055119062041045
025058007041051002053084012003065
061017112098007151001077022056189
062017120194010163115006057017147
031018001000089002035027025031004
008043065041099095001060053044049
091087096196150115008122128058069
014018103062164007125066025115100
159021007004013043028048023067009
053088015110098140009163033173048
194010001002009017128002028000191
002052014080121006161131038097068
000104001032013115078071032050056
191024159098011075062112027104116
Oh do you know the muffin man at 250 Drury Ln
