50
018017024216082230021043088042086156006047121237
063017015030236167097140081129247076158172075169
125145181183056022052017124165227233048229019218
167099209242179117064213087108145242158032161046
019173050161125093121110023145062025073157039044
242126210095181141068025089069238103076124214072
102134208160185001154200206045121070225041155005
229121179235203207141126102073043020099208161183
086149131211149084211145132068112168109089239088
113221052046008039175058171173030077166116203249
222114220251037081215003047151190190162035062078
154152063136033080197145107034116148102085083207
021234047083108108253062239115246175022010131246
156043049023027196194020055142011028057120209018
118077003164047180187159097155038237032198026052
083026101227063248008024097021138144250196021184
104001186153004035080100059098134028243049130229
223156252094068211051119183083060023010012013036
255077122084158058187131030013123054251105096083
143143236016187102049138115221043151205084229177
010109089064091218237197173115204238129058190224
001163070139196231145100117006124056102093104128
082227197038021090058040227223030084133202147237
140205195166246230025083187215004043185104167130
036004051133046225010118172046177187221124129012
228247138235146198145149019089041173165070215196
024203003033222254207036183048084219146028216108
005242064076235118224092018012245077135152116255
021233175216196126052109143072166055129069217128
082161078028029106082005080174119107243092164094
151018051187176135144175242077140194057010057241
003111110060244207054148213055089003183182217146
054146183092182239154008099170234192021223224200
197253114150027012167119215030188173024244180023
112026124104120215088046005191164238161192238218
162017082205144110163119171209081226077218039196
168211003118182125085146176125209226050156255115
043200116050074045093001255128180128065041212153
113170120030029091015182070078056182200247167070
216006053250047153206150078020008146145102181197
021229094077086122175207072045012226042219061149
180036184176061156136145153117205077199231250249
088239120220079014244154176014227108072248210162
062229235236250107198029087007254092221018045241
127107243093210077108128006118244068212017129086
148161212066033128195118181108107093248241147064
154133208053074134226238180098141233035164227048
215186026126149215073097001131080171101240207092
004126144242217123017241158102208082078209222114
208071210017136095130234107171052097220236198237
abcdefghijklmnopqrstuvwxyzABCDEFGHIJKLMNOPQRSTUVWX
