36
064056102166096161003002000055093
030032013066009029048146127003053020127034018037
005009
067013209061003157151026210011081019005
137100006115115013140002040062107033
010138094053012020003111022012000169109159130014
001016010009064065007002111125013078129058020
114150009028153068010034021007144009013002007
186065037
018159222141
063
064014003
023074021005041188007
006093171
091087
018012012019020016
233027
000153037021047021158022110121050087016035
007082135071058068055011110030044158197007031
015083022027179075032008021055
051132003008135
016015053066077056113006030121020102197104061172
040045028008154
114062045167
002079012013001
045002154022017
088128197089064001009000123103
000157
072059007013038054186159024103
064024047066035139044010
141213084
005050
169238023073191021072066083118
127011079057065114054076022004170209056035057003
075006034017165058080084003068016103100021081
128177004024053
can you say jagged array
