40
99998887899987777999999899999998879999886778
X9887688888989876654565577787544443433344466
55445666677899999998789799889999999978988756
55556644466565555555655575334444468887788888
68798987899999999989989999999999999899989988
77666778876555577777666554454668999899998987
75546665555566566665556668888978888887777877
75333323431222222211121133321112213210112111
77676777889878766777665666654222011002222221
66656001112222333354555555455444555555677877
66567787778668999999999989889999988688889876
77789999888977777665666787789988877766686665
78899865444556666664234446666666777766666666
88778677779999977766656666777787778866788776
24554453101322212210100000000224445666666545
2222231211111002333444445666666666555566787$
65577877999899997899999766766666644665567766
56444445555554333100000100224455454578899998
43222222444422111232333579998888998776665566
45555554442121111112233533134332344422333334
22122110011122344556768999999998666556766765
12202244421345445555444567777766789887879989
66655545554322222234333444556655555557778998
44335555544444423355655567999999877777778877
55555445444433344446667677$77777555565444467
32332000110001002322001220100000001100123333
02233444566566677876556655654455555553343222
01220000010000111113343332221110011321123435
33333544322122243333467677778898888787676766
21222333333444455677798787787665797767778988
00000001111222222444422222223334666677899899
00000000001000101122201000001111111122223322
75445467678788766657667887667644344443444433
66676766667897689999998999987765689777766766
55655565321111100002211111222122121122223334
54555666655667778899889997866435666666566766
99887766544455666666676657766677777777677766
99999999898887755557789888888777789999999876
11110112210122112122323345444445567765577555
22244456667778888878999886566678776888889988
