35
111111110011222X233224566
2344455442133231011101233
3211112223111133333455543
4344455555554445357799999
3344677777778888$999999$9
1134443434322111100001111
3443223443211100100001011
4454324454343233332321111
0110001122101111211000000
1111343334334544555545567
6777898899998866665455577
5666432122222211120001100
31110000100121111122$1232
2200023354456653323355557
7788889889888998999888898
7777546555555555567766655
1100000010000111000002235
2332344444677765544334322
3333334445432222222100000
4445578889999999987776899
5444555678999998776688889
4565576666766443433243333
2344444443444435543444423
4444457666778988889999998
5545788899987787889999998
4433432$33322111000011122
2222221011012000000121112
2345566776577$88765578999
3443244223566778998898898
2321100200123457788999999
9999899888977777677999999
8776766655666555555678887
6677765667555576667778878
6799999999999998887865787
9888999999888777765355556
