40
9778887665555446788878756889799999987788898
9789998887788987999987768889999998888999998
1210012233333556667654554555544445777778788
1233431121222323220010011110132322$21000132
1111220010000121110110000001122222122211111
2211222232222212334455X21122221111000000000
2232110000000011211121211100000012222234221
3333444442222220000113224456776886666556777
1000001124445554657988887999999988899999987
3443111111012$5544544444222$110012244443332
0000000112212221001100000000000000100111100
22335555778886777776687788887888$6665577898
4433554566899989999988779999989888787778898
455444445554333$454432100100100000012211000
2222112221212221111121011101210011111000111
1233234433332211000001134553333322123212224
5444456797678889867653221222120020211012333
4446677766667889998889887877777777766689767
9999998877899988888888899977667899989888778
9999989987777766432111112455544554555555555
7656666664467777999999999999998999766667655
5$54566555533344333223432210001111220100001
3455566677675534433100000000001002122222111
4332022233332234333321222335445555444566888
8776566667788999999999998999999999999999888
8886775455443433211120000134444444567766645
4455787667767888777775321223333133333455565
4444566666777776655654444546666777765766776
6676766788878899878998888776655687887776766
7666433345565446444445443333334454444311012
9999889988999998999987679999975444322100001
8889788888877889888778989999888887888998898
2222111000122223243333454555666777778889888
1000011000000000001211101000110000000000000
199988888777677667$887667999755544443220000
9900000134444577788766554443135666$68877655
9997867778877776556666665655544445566556445
9999999988998876665446777776676545433233311
888$887764333211111231100010001110000000000
8777777655444$467999999999986665$4445444444
