49
211124444455443
000012221211000
000000000000000
110000010110110
112113332332222
$22110011111000
211011001111011
2222$1332013334
654445543233343
766666533344446
766899999988898
899999998655777
888788887656866
889999999999999
677776666899899
433345555577999
777788768899999
566566555555566
675666778886756
666757988789987
888899998888776
876545643455334
221100010010113
222222222454444
111100111222112
223433333331111
666432222221221
55666X766677898
322333344334567
355677777777777
777899889976677
787776788877777
667665644446887
666556655567655
887766788987655
888877776667777
888866778878887
677667668888997
787877777999887
666666666777766
544555444356756
789999999999999
899999888999999
876887766655755
766656666666676
665423333556664
110000100244433
100002446545544
000112222444445
