41
010101010101010101001010101010101010101001010100
010101010000000000000000000010101010101001010100
010101010101010101001010101010101010101001010100
0101010101$1010101001010101010101010101001010100
010101010101010000000000000000001010101001010100
01010101010101010100101010101010101010$001010100
01010101010$010101001010101010101010101001010100
0101$1010101010101001010101010101010101001010100
21741254125612784100$000000000001010101001010100
010101010101010101001010101010101010101001010100
000000000000000000000000000000000000000000000000
010101010101010101001010101010101010101001010100
000000000000000000000000000000000000000000000000
010101010101010100001010001010101010101001010100
000000000000000000000000000000000000000000000000
0101010101010101010010101$1010101010101001010100
000$000000000000000000000000000000000000$0000000
010101010101010100001010101010101010101001010100
000000000000000000000000000000000000000000000000
0101010101$101010X001010101010101010101001010100
000000000000000000000000000000000000000000000000
010101010101010101001010101010101010101001010100
010101010101010101001010101010101010101001010100
000$00000000000000000000000000000000000000000000
010101010101010101001010101010101010101001010100
010101010101010101001010101010101010101001010100
001010101010101010100101000101010101010100101010
000000000000000000000000000000000000000000000000
010101010101010101001010101010101010101$01010100
001010101010101010100101010101010101010100101010
010101010101010101001010101010101010101001010100
010101010101010101001010101010101010101001010100
010101010101010100000000000000000000000001010100
010101010101010101001010101010101010101001010100
010101010101010101001010101010101010101001010100
010101010101010101001010101010101010101001010100
000000$000000000000000000000000010101010$1010100
010101010101010101$01010101010101010101001010100
010101010101010101001010101010101010101001010100
010101010101010101001010101010101010101001010100
010101010101010101001010101010101010101001010100
