47
09010101010101010101010101010101010101010101010101
19199999999999999999999999999999999999999999999990
09090101010101010101010101010101010101010101010191
19191999999999999999999999999999999999999999999090
09090901010101010101010101010101010101010101019191
19191919999999999999999999999999999999999999909090
09090909010101010101010101010101010101010101919191
19191919199999999999999999999999999999999990909090
09090909090101010101010101010101010101010191919191
19191919191999999999999999999999999999999090909090
090909090909$$$$$$$$$10101010101010101019191919191
191919191919$9999999999999999999999999909090909090
09090909090999999999999999999999999999919191919191
19191919191010101010101010101010101010109090909090
09090909099999999999999999999999999999999191919191
19191919101010101010101010101010101010101090909090
09090909999999999999999999999999999999999991919191
19191910101010101010101010101010101010101010909090
09090999999999999999999999999999999999999999919191
19191010101010101010101010101010101010101010109090
09099999999999999999999999999999999999999999999191
19101010101010101010101010101010101010101010101090
09999999999999999999999999999999999999999999999991
1010101010101010101010101010101010101010101010101X
09199999999999999999999999999999999999999999999990
09090101010101010101010101010101010101010101010191
19191999999999999999999999999999999999999999999090
09090901010101010101010101010101010101010101019191
19191919999999999999999999999999999999999999909090
09090909010101010101010101010101010101010101919191
19191919199999999999999999999999999999999990909090
09090909090101010101010101010101010101010191919191
19191919191999999999999999999999999999999090909090
090909090909$$$$$$$$$10101010101010101019191919191
191919191919$9999999999999999999999999909090909090
09090909090999999999999999999999999999919191919191
19191919191010101010101010101010101010109090909090
09090909099999999999999999999999999999999191919191
19191919101010101010101010101010101010101090909090
09090909999999999999999999999999999999999991919191
19191910101010101010101010101010101010101010909090
09090999999999999999999999999999999999999999919191
19191010101010101010101010101010101010101010109090
09099999999999999999999999999999999999999999999191
19101010101010101010101010101010101010101010101090
09999999999999999999999999999999999999999999999991
10101010101010101010101010101010101010101010101010
