28
5433321123442201000000001100223222221134433323554
0013333323555677788877755446766766554555455533334
1123335545445676667788787766678999987665566666766
9999977767766777777555556655555554565444534444555
8665678786543312221233333100000012211223322333200
33210000000000$0010122221233332332122000000000000
311112231112111113345445779988X886887777788898999
3232201100234344443444423355788999888766666667889
3343322234565544335766765444445554667999998787777
4555542000012333455445554468999978888877899988887
5544445555566776666678777777877555566533353344444
3333333334544333444311012344467765655444443222333
3333334566578766788664455332232222243322223322344
0111110000112233355554557777677888877654310120133
120000102212$565554433333222222222433333444554321
5455555553335566545553323222233233433333322222011
4433343344322222000011112222344532223333555556666
4566764444423320010000110112333433346799999898986
666022222223442244434544555444665556776666433$466
8998766667777767777766665566665466642356668776668
776766779889999$98899999889988$887899999977777654
6665543445665334555666666667544434444545311112$44
6664678889999999$$8978777998877888899986665566787
7678998899988878998999788999899999998879998888777
6666667789999999999998755555554455444545555432334
3201133334446665676666677756667766664454332223344
3333344453311334433344667777653334454566899777778
6777789886667877755444444444442132344566788878988
