50
X9010101010101010101010101010101010101010101010101
15199999999999999999999999999999999999999999999990
09090101010101010101010101010101010101010101010191
19191999999999999999999999999999999999999999999090
09090901010101010101010101010101010101010101019191
19191919999999999999999999999999999999999999909090
09090909010101010101010101010101010101010101919191
19191919199999999999999999999999999999999990909090
09090909090101010101010101010101010101010191919191
19191919191999999999999999999999999999999090909090
09090909090901010101010101010101010101019191919191
19191919191919999999999999999999999999909090909090
09090909090909010101010101010101010101919191919191
19191919191919199999999999999999999990909090909090
09090909090909090101010101010101010191919191919191
19191919191919191999999999999999999090909090909090
09090909090909090901010101010101019191919191919191
19191919191919191919999999999999909090909090909090
09090909090909090909010101010101919191919191919191
19191919191919191919199999999990909090909090909090
09090909090909090909090101010191919191919191919191
19191919191919191919191999999090909090909090909090
090909090909090909090909$$$$9191919191919191919191
191919191919191919191919$99$9090909090909090909090
090909090909090909090909$99$9191919191919191919191
1919191919191919191919$9$$9$9090909090909090909090
0909090909090909090909$9999$9191919191919191919191
1919191919191919191919$$$$$$9090909090909090909090
09090909090909090909099999999191919191919191919191
19191919191919191919101010101090909090909090909090
09090909090909090909999999999991919191919191919191
19191919191919191910101010101010909090909090909090
09090909090909090999999999999999919191919191919191
19191919191919191010101010101010109090909090909090
09090909090909099999999999999999999191919191919191
19191919191919101010101010101010101090909090909090
09090909090909999999999999999999999991919191919191
19191919191910101010101010101010101010909090909090
09090909090999999999999999999999999999919191919191
19191919191010101010101010101010101010109090909090
09090909099999999999999999999999999999999191919191
19191919101010101010101010101010101010101090909090
09090909999999999999999999999999999999999991919191
19191910101010101010101010101010101010101010909090
09090999999999999999999999999999999999999999919191
19191010101010101010101010101010101010101010109090
09099999999999999999999999999999999999999999999191
19101010101010101010101010101010101010101010101090
09999999999999999999999999999999999999999999999991
10101010101010101010101010101010101010101010101010
