48
9987788999888799999977766666666666666545432211111
6766677990100112210002333343321224333344344334345
66777679988887778999999$8789999999998899988998865
6423333333333343221000000011000000012222331000123
7666655543333332344556555444444554334433333334323
8689899999999$99988999999998888876654544466665564
2354422222111111243333222333321111123443232333444
1000000000000000000000000001111110121333222223100
6666655557776566666554322333212200101111223320000
5556778899766656667776789888777776666554433321234
3344332334656776788998777766666667686556666646554
5443445554455555643312110001110023443244667999998
8999887776566664332331122356665777666X75677888988
9999889997765644457667897777776678898999998688999
2123544554422222001112233345445556667899999999999
0121100002100111111000000000133555655445556444334
222322344220000000110210001110000000001111002222$
2200100000000001110000010000111134454555554333101
6668887666565688888887555565455433433332432222122
7777$97678889989998889997679999787667665566776665
4244444444446667889865677566888899999998898786666
3311121122111000102244434333454245776666467778778
3466545545566665554444444334446777888988998997788
3544554454333344554444546776889988766666654343322
4566556788988889999998777666776666655575666543111
4555555544444553443444455666432222123333444344433
76677767777764$6653455556566655644433224333344443
7777778899998778899999999999999999999999889999999
4443334564355666643311011333333233444555667877788
5444433234554433332222234342344432$22222221211100
3110022000002212221000000001111001211123232101100
1111000$00000000000000002221000233334445678878999
2223453333545665656766668889999999989999889998999
31000021100$0022333234545555677666677788999998876
01133454444444656667777799$8888867788976555444455
00001233233355655566777543433$2222222234446553464
5567887778766778987666777776664454345556644444446
5532456766687776888877799998886767776665443223333
8999988775445566675555666667999876654322222222244
88889898888778$8877876776799977788665445442112112
98764566677654333356676555555556778899989887544$3
9999999999998877787655566555576688888888889998866
6775666566666655556666455555556777666675678755556
6554422222212001224432222244455555788899777577777
7889887989999977554544221111211121121100011122455
7687788999999888888778788888777899897677787788767
8999999756576666444344333333355467889988875555678
88777888999987664666555668999999999$9999999888888
