40
111112322221000
443320000000000
4434454445553$3
566665344333445
557988$888899$8
876556$89999778
899988999999876
777899998997677
899999789988999
345543444568999
332222322232224
999765565555564
999999999977666
998788988888777
887777764443333
65433232$223454
676566666788776
666666675456665
776656775565556
545645555555677
224556566677700
233432000010010
223332223233333
11001000$100012
001111334433434
555554333224323
798875543344444
543333233334564
566666777666666
879999989988777
999986666666888
867655557778999
6553323343X3332
444444432212222
433434654333443
001222221100221
001110100000000
101110011100001
220000231111111
444331100010000
