33
3311332345566655
223101113434$101
0000000000000101
0101210000112211
0010100224322323
0000000000231000
0111100000000100
1100000000011221
7666643431012221
6675554444445566
656$665676655666
7788988998789875
3121100101211135
3111211222112332
7877666554456442
7666875444443433
443$$22323445422
5576567577766556
87789999888876$6
8789999989989998
8654566667779999
7666789999987988
46X6776667779998
5555543332221000
0000000111221100
0000111111112344
00001000123$4455
0110000000111100
2222100000000000
2211110020020112
4433422334442222
5555666545577899
5579$77898889999
