26
99864445555664678889888777666665433101112
123435664668866555433332444$3333222333443
11112223312344221123202100000011100000000
11221110010100000000222100000211010000112
11242332111011100011000001211100001122211
99987688876656666643322233322222220000000
99999998686666667779888899978899899999999
78899888999978887888999999999998877899899
779999987677665$677875$433310000123544554
00001111122111001001210111123354444454444
02111221101222221100000011111000000000000
12211234444422255554333332223312223321110
44567777766655550111000000000000111000000
44434444332100000232210011334432111110000
44576766565555444312222221110100020122333
97777788997767767754332443445433211012223
99876777654332111000223433456432200000122
2443444433222121120$000002111113331211212
23333453333333344356876665344432220000000
42200112132122310222334432222233553232210
44420021213333444443334445765567677776666
86677899889976665432333333122221234456556
77754445533312322244442100000111122222000
11211101111000011111112110222223234442100
0001110012344345776666653334442332223$443
554333$221X113321100000122223333210011223
