37
78786655454544432222
33444543122333323221
33221000000022233320
11211122211X00000000
11333343243444555544
22234556677677755455
221$3211121212210001
33442233222221110111
34445776678888887777
55787789998777778998
65778888887888678776
67999999865566666667
6555667766555533322$
79990011000010000011
00000011010001223566
00000000013333355555
00000001100233464333
55544445777766544453
43222222211001221220
33455556654454311110
555665556666644$5555
45656554454445544555
533122111$1112245434
66678888886776544455
77767655666679998998
34557877765686778999
33232111111000000001
00000000000010000011
00002223333333333332
33222322223333333332
32232333556667866688
21000000111113344687
21121122446665444554
577755443332345$4444
56655554443344455666
7755688$898899776666
88887678987899978888
