47
77776655554332112322000111000001000124322
00000002123322322000000000000000000012222
01121232224433443433445655566666566667999
99999999999989878778899998888779899988899
99999898888897666779787778888887555777777
89988886677899988999999997899998899989997
98677555555344344566655443$678878$7876555
66677887887777765657766667888898997644355
53345555555444234321222000210001000110223
76554455466554444443322334444333355544543
77887766544444445555555442332111024224444
89999866555567777988898999999877877775444
88886643321112222010000100000111122221102
00001100000001221100000000000000000011111
1332000000100210000000123566644322$444554
67999987899889999897676688887668997778764
55444687777656644455777657876655655687999
64433557888766888898889878767766899999999
88665434444435532221111232100001101244221
55444555332333333332232100000000001132211
55422212011021111122211111111133223211001
45443333233222210001101100001002011000000
44566877665566533333212211222221111222221
11100002223333211100111222111100010000111
11100011223223444544656555454434444334444
21013444333433243233234443444444555655534
22333344455445668788877778667999866667777
10011022222211110000000012333234555555567
11000000000110110120111022333111133455668
57643554556567899998899998899999999999878
33433435666788999999999999998898899887777
55556655533345554433110013222443333577767
55444443454233222221122345466555567788866
667789999999999888X9976446556655544457776
77889876555567788877533223322233334443444
677779999999999899897787012$3456756655444
21110012112333222222110000110000000011100
21000122233435543334443331011233344543210
21000001233334457766667788999899999976553
10110000000011001000000000211124554211101
10001112211345566556667866543222223211111
23433222221002312333344444310232122112011
23333124333443332221123233211223344321100
00110000220000010001223333333333100001000
01233101111111110000000000011233344344211
56553321110000000000000000112200000000111
656666889999999777$7999998666787555432000
