34
2222443456665534555445455
3355444442234432000000224
4555554544344456668775423
6665455666655454333344323
5555666544456678766676667
X334333334433443346677777
5544545433545553334454455
5555666777766666666777766
4444443223310000000000000
$422222$12222321244443101
4433333332223567766644465
55555566788779999987666$5
6667888999899878866688999
2333555665767777888899989
2222443333444443232233333
1223233544332111111223333
1000111000000000011100010
4443233343322111112222212
4344433333322102235677767
7788888999988877797766776
6899987766779999754545666
6655455421124453344455556
0011111111011112221000000
0000000000000000000111000
0110001333346666544667779
5688999899987766678999879
6666777667778766666678877
0000000000123455689888999
0022001001134466665554444
4443444332211001211112345
3343222221221101223334554
5322220000000000000011113
5545657766444344455656667
9888999799889999999899888
