47
99999998999999999999999899999999887666778889
99998786899999999999987655665557677565555788
22222334555555577878777888899899999998887778
13332223433322100011111111222111010010000111
01000100000001122220000000000233333211000000
11000001212201111123334654577889999998899999
767777666444546777788999988999$8899999999999
78777766765756455553444333434454444456788989
32123344444444434456678887777788888999998897
11112433222233333323222111222210221210011111
53322011000111223311122334444210011110234322
66642321121322223444333232223343200000000000
44334432434423465467643332110000000001111110
44565444442333455433444443444333333445322201
0000100000001$2345$7554444344444332233421121
01222232110113343333443334332222221001100000
55555643344443433222222211123322110000222331
65554335444442101000222322233332444455445653
33333320100000113122334454333443555555455444
33323455555666554444422222222333333333321000
44444666776555421222122212222333333321110000
43333446556688899997779999999$88998899998988
454445555555544432122221176667878889988899$8
88998665334445546533435567000011001000001112
8$888888877789999999999888899999999889888864
88998889999999888887688776789999999999999999
000000$0001234443433223323332112222345556889
10001100000021121200000012010011000000000001
01245544544443222321233332345454333444244222
00000012110001X00246667888999977778998887768
67767767899999899989988888999999888888889999
66644434455755668889987789987777899989999999
45665667765665455433100112223456678899899889
33543222001245644323224455565543223233455677
66467789997767777888887779889988888777799997
65555444554533344556778987786666455433433334
3345566656666534$$55446666676655686645554544
24466689988988899999999999999899875666687888
66788999988878987765555566555554555567999988
44443234567654233333322221112201211223222333
66555555433432101110222211222001121001122332
67665456677776644334210100100000011111122211
01000000001110010000022222222321110110011112
00001110000010000000000001123200100011123221
5531002210011121$000123334545556675434322111
664554444446445555543323222112222466$6665556
76777889999999899997899986654565644667788886
