723
43 21
3 59
65 2
6 38
77 36
65 15
7 35
60 9
65 62
21 63
13 7
0 40
40 48
54 72
74 3
42 5
78 19
1 74
63 0
13 44
78 38
13 28
18 65
73 74
40 7
78 9
40 77
40 55
0 55
76 23
35 46
4 6
74 26
7 39
57 37
26 52
40 28
48 21
69 79
71 44
22 11
32 51
17 42
15 33
4 66
44 43
46 62
15 40
0 66
23 74
35 3
13 39
17 66
47 31
77 66
10 79
54 33
20 77
33 8
56 45
15 43
26 44
79 40
66 77
14 62
11 8
16 2
52 3
79 12
21 62
31 46
47 43
32 7
28 11
49 53
53 0
50 29
58 51
67 46
68 69
75 67
64 50
72 29
46 14
4 62
56 16
72 27
71 19
15 38
72 53
73 38
25 70
16 55
73 29
74 50
75 5
65 71
42 9
79 33
15 16
23 60
13 64
54 6
2 20
23 0
57 38
66 0
54 10
24 24
46 10
48 63
28 79
43 20
27 10
3 40
38 44
8 76
21 9
13 71
52 35
65 28
49 70
63 5
71 58
70 37
29 28
70 42
33 58
48 79
26 56
23 23
23 71
76 77
47 77
28 17
7 5
29 2
11 34
0 61
46 27
43 73
37 11
52 27
11 49
73 51
68 78
76 27
65 63
73 19
54 62
62 26
68 79
47 46
27 2
52 24
5 3
51 5
31 6
56 2
69 67
69 55
21 10
41 38
72 72
49 62
11 12
11 68
10 40
4 68
4 33
59 45
25 2
43 9
63 65
9 37
73 48
44 5
74 7
74 54
50 71
60 32
76 38
52 20
25 53
23 43
66 28
49 50
36 12
72 40
27 63
25 38
32 35
3 31
71 62
60 28
33 57
55 56
54 58
44 16
46 13
63 79
25 61
29 55
56 70
61 62
68 54
55 59
49 72
40 9
19 19
4 7
13 68
2 34
44 44
76 5
62 32
5 7
6 72
77 46
66 62
32 23
66 29
12 70
58 35
36 44
57 28
19 44
41 20
18 48
10 67
5 75
60 55
28 40
45 22
59 71
51 43
45 28
61 34
49 25
38 51
75 8
39 28
34 46
18 46
55 38
37 45
73 25
50 16
79 39
62 57
20 40
7 15
17 25
72 17
53 5
12 11
76 29
6 2
36 71
27 12
42 71
60 3
14 40
43 4
60 14
75 1
45 12
70 28
5 51
22 21
4 50
1 47
67 68
22 63
30 10
48 38
64 14
35 13
66 65
1 52
22 53
7 44
22 10
74 38
72 21
27 77
23 20
44 28
72 36
79 70
52 36
66 2
11 76
50 1
21 15
23 10
15 41
40 67
65 66
29 54
46 60
37 31
30 32
58 23
0 38
46 28
29 78
74 72
68 43
64 43
28 68
32 57
45 78
5 13
10 63
79 1
28 42
18 28
65 8
78 54
8 23
45 5
51 11
20 63
52 69
12 41
66 48
25 3
21 13
64 10
25 7
76 74
75 7
2 68
42 62
32 69
4 13
69 70
69 30
16 74
39 49
47 7
65 44
50 61
79 46
71 63
15 7
9 10
47 34
34 57
66 70
76 0
36 52
19 13
47 8
75 38
9 25
77 73
71 35
50 58
36 27
27 56
3 76
39 34
46 49
73 22
29 66
4 37
59 16
26 45
5 46
70 63
69 76
42 14
50 49
11 11
79 31
15 68
78 46
75 75
32 36
76 43
78 37
78 61
77 16
78 44
22 61
35 23
71 79
60 62
19 24
1 13
1 18
30 18
26 48
38 21
62 11
33 71
17 63
60 63
14 3
5 6
28 15
59 79
38 54
26 23
79 24
4 69
65 59
17 11
63 32
36 67
42 53
9 77
17 36
60 30
60 12
11 40
34 52
50 51
14 8
67 70
72 2
59 49
44 56
55 30
8 47
69 19
74 39
71 51
3 7
48 43
74 78
10 3
75 28
40 25
32 75
39 62
68 62
51 79
39 44
37 59
22 27
63 43
25 77
42 21
42 43
48 53
56 52
66 74
46 31
62 23
48 44
13 57
51 9
44 66
8 79
38 18
73 78
60 76
47 14
2 50
62 38
69 50
30 45
8 18
27 15
2 41
37 62
13 67
75 37
4 31
26 50
14 72
47 6
47 55
38 67
31 11
31 7
50 28
76 64
20 70
65 30
30 27
54 50
70 45
67 42
72 79
49 34
63 59
16 45
39 65
1 6
6 16
39 9
18 77
71 15
30 20
33 79
5 71
38 25
15 58
50 75
15 22
8 27
76 41
4 28
33 43
21 4
42 54
22 62
24 60
61 58
61 65
20 1
75 33
53 76
64 77
14 34
59 11
75 77
36 26
26 21
27 21
31 66
72 45
52 50
16 15
63 10
74 40
11 17
5 19
56 46
70 34
64 21
30 3
72 25
29 69
8 49
14 39
47 56
42 68
65 78
70 6
56 0
18 31
25 16
19 74
29 65
7 19
8 58
13 38
44 39
74 74
72 57
32 0
12 57
9 0
48 77
41 41
22 38
64 69
20 5
12 40
6 25
37 6
36 18
18 27
56 37
28 65
9 9
56 75
67 18
57 66
22 43
38 62
36 8
51 20
74 23
61 8
64 54
21 0
23 29
27 47
62 51
65 53
65 48
15 52
66 43
61 20
23 78
29 72
23 63
69 13
49 58
25 79
2 12
43 22
42 36
71 59
45 10
15 57
58 21
11 52
19 64
14 65
10 4
4 29
18 78
42 50
50 73
58 34
29 59
19 48
10 75
6 51
28 16
68 21
78 56
26 2
21 66
45 60
73 73
0 36
72 28
15 67
66 16
41 33
49 0
7 22
12 74
56 61
65 60
51 48
63 3
2 53
13 62
16 50
19 43
55 60
79 56
39 39
35 6
74 41
16 7
49 22
72 61
49 33
44 18
76 37
50 40
42 40
58 70
42 56
58 47
23 50
20 32
25 71
55 33
11 54
49 68
74 0
38 2
64 19
13 2
22 48
56 40
6 76
32 16
20 78
73 68
78 57
14 45
48 18
25 41
18 68
9 44
54 76
69 44
1 16
79 5
32 25
63 55
37 40
18 40
76 57
52 57
46 24
19 26
33 54
56 60
68 64
71 45
34 69
32 31
12 22
76 60
51 24
1 2
1 54
25 76
10 9
76 33
4 9
25 31
45 63
33 9
40 53
2 69
69 63
20 67
70 1
35 5
15 6
79 68
33 34
70 7
36 14
1 12
23 17
30 60
76 47
54 19
