664
4 47
33 16
39 42
45 15
35 49
7 2
42 8
8 7
28 35
18 32
25 29
11 31
12 21
20 15
32 19
28 17
40 41
24 14
22 40
18 43
7 12
16 22
27 41
28 28
6 7
47 39
31 23
2 26
49 34
5 19
15 11
39 43
40 15
32 7
19 4
5 8
44 39
17 30
7 6
24 32
29 35
11 23
7 41
10 25
8 44
29 38
6 44
28 41
49 41
12 32
49 11
33 31
43 1
32 1
37 26
49 2
13 2
15 34
13 1
17 5
37 25
29 1
22 45
12 14
15 15
43 17
46 41
15 28
6 43
23 10
35 2
48 17
15 6
19 48
36 13
47 23
16 29
13 27
48 9
10 22
37 12
48 24
3 26
37 8
24 29
13 45
24 25
49 38
37 7
27 7
6 39
38 42
8 33
4 16
8 14
38 18
18 12
18 42
49 42
49 22
5 13
3 9
40 42
22 34
20 30
28 49
45 42
17 8
8 22
33 34
9 44
45 18
3 16
10 11
31 13
2 28
22 16
20 20
18 19
47 4
39 4
30 38
25 30
49 28
35 32
4 17
41 13
17 29
15 18
19 31
17 38
13 39
46 46
40 39
1 44
3 27
44 43
0 20
4 11
23 38
5 29
48 32
35 21
42 31
46 9
14 28
17 45
19 16
30 4
25 5
19 9
12 46
14 1
6 23
11 33
18 40
26 43
21 14
8 19
0 35
46 20
29 39
1 0
25 9
9 28
4 6
4 44
49 32
41 30
45 9
22 5
33 20
41 23
7 3
27 19
39 38
44 1
27 32
33 19
17 48
11 4
29 46
32 38
48 36
30 48
13 48
47 21
10 41
31 48
47 46
26 9
38 3
26 38
38 37
41 39
31 35
9 17
36 30
23 35
1 29
42 28
24 2
0 42
23 40
7 0
12 16
23 13
20 4
45 25
22 33
14 45
28 0
47 10
6 25
12 5
3 10
47 14
19 38
0 17
39 26
27 27
8 26
5 27
27 9
37 33
14 6
1 36
33 47
10 38
4 29
36 33
5 4
1 11
47 19
20 38
16 30
29 9
4 2
7 33
41 25
23 21
9 15
11 35
26 15
0 47
31 17
48 37
0 44
14 2
25 19
5 37
16 38
28 18
12 6
18 45
36 39
20 26
45 5
7 47
46 28
3 49
9 35
48 8
9 42
7 15
36 10
35 17
7 11
44 48
0 40
48 11
41 33
45 45
24 36
31 21
33 1
0 22
12 0
44 17
41 46
20 23
22 23
4 22
16 26
32 36
18 9
9 7
30 6
26 12
33 38
23 22
4 33
18 11
17 46
43 26
14 38
17 34
14 5
37 4
35 25
3 20
16 8
39 19
21 0
40 21
30 15
34 23
48 27
47 9
19 29
38 0
41 17
3 13
23 20
33 21
17 13
12 22
44 38
17 15
38 7
29 8
44 22
5 46
19 28
14 46
8 4
21 15
2 7
2 8
48 7
22 26
26 22
46 48
8 39
5 21
4 24
38 28
33 42
48 6
18 28
27 4
13 15
37 40
7 22
35 11
17 2
41 38
15 41
38 43
49 45
26 20
14 22
29 28
26 6
17 19
39 14
31 11
14 13
40 47
12 34
35 3
16 12
5 47
37 34
45 0
32 29
36 1
47 31
22 24
26 47
15 47
1 4
49 46
21 21
8 43
37 16
3 39
40 36
13 11
14 47
21 4
5 31
47 32
1 7
37 41
12 38
21 19
14 11
45 27
24 20
41 43
48 10
23 17
7 1
41 47
15 14
1 13
40 37
47 17
6 45
49 36
4 49
12 1
10 17
35 27
38 6
2 14
39 36
28 32
11 34
41 29
7 17
36 35
15 46
34 49
25 32
27 11
47 7
29 23
36 34
34 9
4 8
47 29
49 48
2 17
3 14
27 36
20 22
30 0
34 27
17 16
44 31
4 37
30 45
14 44
47 8
44 27
31 10
33 11
28 10
1 48
9 22
22 42
47 33
28 40
2 34
38 34
17 37
31 5
13 14
36 42
39 27
24 5
10 42
22 15
18 27
47 41
5 1
43 30
8 24
16 31
32 12
48 15
27 8
29 15
36 16
23 39
45 40
48 4
49 25
25 2
8 35
5 9
23 2
11 43
37 23
34 6
44 4
4 40
27 40
39 46
41 6
20 47
48 26
26 39
11 13
2 47
13 31
49 37
31 4
1 2
48 23
42 45
1 41
41 18
30 31
37 48
32 42
1 16
26 19
42 49
4 13
28 42
41 10
2 48
35 38
34 2
14 49
34 37
32 45
47 49
34 15
39 12
49 8
2 9
5 2
4 43
24 6
14 33
40 22
35 44
22 12
1 5
3 3
18 17
49 9
16 6
26 2
11 44
29 18
24 48
22 10
13 9
15 45
29 48
23 11
20 9
41 3
17 44
31 42
49 4
25 45
4 20
21 37
13 6
42 33
20 29
2 46
18 23
46 19
24 3
16 25
36 8
33 35
31 32
37 36
43 18
20 13
26 8
45 16
9 30
48 39
48 14
17 7
5 25
13 0
11 46
36 36
20 10
8 20
22 30
18 20
49 44
30 23
24 17
42 35
25 16
30 32
26 26
46 10
27 35
22 49
41 11
30 35
0 37
39 23
9 14
0 3
35 34
33 27
15 21
44 2
31 25
7 28
39 44
43 23
6 24
8 46
12 30
46 38
23 29
39 40
30 9
12 33
41 19
44 0
18 0
39 22
38 48
18 22
41 20
27 16
29 16
38 4
25 14
19 1
20 12
13 28
27 23
5 45
4 39
48 21
15 22
17 9
17 42
21 11
24 0
14 40
7 18
5 34
30 14
46 15
12 19
41 24
37 5
11 45
27 31
34 46
9 33
43 19
34 34
48 31
22 37
16 18
18 47
48 43
46 6
43 22
2 22
44 36
37 47
4 48
41 40
43 31
36 26
36 25
49 40
16 21
47 48
2 4
6 33
20 32
22 0
12 36
