566
19 27
42 39
26 9
41 9
42 45
13 47
4 38
13 55
36 11
54 49
34 33
53 14
72 35
35 31
26 74
72 16
5 63
38 17
11 9
47 75
47 71
34 32
28 27
23 33
41 15
18 1
30 2
24 11
19 72
54 7
35 13
55 31
62 27
76 48
74 35
59 53
70 14
58 8
28 74
27 6
65 11
60 37
33 40
50 39
20 25
21 43
51 21
66 73
30 39
19 50
46 57
17 73
35 37
39 14
42 15
24 24
40 65
38 41
6 51
41 6
35 64
0 29
51 40
0 44
45 46
31 17
67 62
15 65
9 76
29 54
79 16
69 50
26 51
60 55
5 41
56 5
75 11
39 56
62 36
63 60
45 13
24 59
67 14
13 78
18 14
35 65
44 7
45 70
26 78
14 53
44 54
74 65
40 6
6 58
26 50
30 53
67 73
39 3
37 9
42 65
63 19
38 73
27 73
74 71
72 32
64 21
33 4
34 74
0 39
48 73
72 17
20 14
44 35
29 7
2 36
64 33
59 60
40 4
26 64
32 8
44 46
16 31
53 71
79 61
6 18
17 12
31 36
28 23
42 69
38 71
8 77
21 25
49 66
43 47
58 71
25 54
29 39
10 0
64 35
35 4
54 39
38 36
74 1
24 9
51 50
54 71
0 16
66 78
27 9
4 8
63 52
78 77
78 69
50 69
68 46
34 20
52 14
18 8
31 24
56 50
39 31
37 3
28 11
38 72
7 61
53 54
61 33
63 54
18 13
55 55
78 39
29 47
61 32
65 24
31 64
61 59
63 6
22 52
2 22
3 37
20 11
36 74
69 56
29 53
40 7
36 3
40 52
52 75
74 47
50 74
4 12
16 38
71 62
36 38
49 23
49 9
67 32
74 46
34 47
21 4
59 27
49 55
43 57
43 65
78 67
34 58
65 78
5 60
55 4
27 27
31 47
61 49
38 30
12 7
59 1
18 9
59 18
75 6
63 70
11 26
45 2
50 71
56 67
12 22
8 44
48 18
21 31
55 16
46 30
37 26
43 39
42 75
56 54
28 18
8 56
27 45
56 53
75 30
18 32
39 71
56 58
19 41
25 38
43 30
29 48
64 15
75 0
2 67
6 75
26 42
18 49
20 7
3 47
65 15
75 71
56 18
65 59
22 36
2 69
41 69
69 40
48 77
65 5
35 25
64 19
27 44
66 0
46 71
58 9
6 1
68 45
7 64
7 47
76 61
65 60
8 30
29 16
47 45
65 72
31 58
55 46
21 73
13 49
54 12
72 19
38 77
42 32
4 30
48 26
59 72
6 46
35 44
60 31
53 53
5 71
65 20
37 70
47 23
34 70
73 20
24 79
52 74
40 51
74 36
1 75
46 38
63 44
66 65
54 67
47 50
62 21
45 14
12 11
71 55
36 17
46 40
79 38
8 9
77 0
21 12
50 65
76 18
46 5
9 42
18 26
49 37
79 27
69 1
3 2
70 63
75 15
77 30
48 60
72 24
66 66
67 53
41 60
37 21
31 70
57 41
7 42
39 5
59 46
52 22
4 54
42 51
3 71
17 10
48 43
71 53
32 48
12 0
3 22
40 36
24 68
38 2
38 60
28 28
0 38
34 40
51 49
25 26
47 47
45 8
9 29
76 37
66 18
68 43
49 33
34 39
42 16
6 27
8 57
76 40
44 12
77 20
50 42
29 25
52 78
72 64
74 19
26 10
6 11
75 53
0 49
34 15
38 5
41 52
79 64
6 67
55 3
63 49
6 12
61 38
66 7
69 60
71 6
25 71
7 24
23 30
51 37
50 29
55 43
1 12
58 67
79 12
47 11
76 20
42 38
0 27
54 37
62 3
73 67
37 58
9 13
77 32
61 21
23 71
50 26
25 22
32 73
77 45
37 35
22 73
53 17
8 74
70 25
3 20
70 7
31 21
14 69
59 31
16 72
73 35
30 43
64 46
37 39
73 57
77 70
72 30
68 56
9 54
77 56
0 19
60 69
60 50
74 15
3 40
39 7
41 68
0 40
5 21
20 18
5 56
75 22
29 15
79 67
3 48
52 79
30 50
74 27
40 26
66 13
15 33
4 29
17 75
59 50
4 66
16 22
36 51
72 74
5 79
73 34
59 34
30 0
17 71
2 9
39 64
11 18
68 30
7 60
55 69
50 53
56 30
57 7
1 21
75 60
29 3
72 22
27 56
51 23
63 35
46 58
38 59
48 78
41 71
19 58
34 71
62 23
67 59
76 38
46 66
49 44
71 52
66 46
25 47
19 39
16 2
14 36
2 10
58 34
66 69
26 54
77 78
6 25
65 55
17 39
30 60
22 71
69 62
50 21
30 20
1 74
24 65
51 44
69 20
24 14
75 78
22 10
39 47
29 71
38 23
52 26
6 43
37 24
67 56
27 0
7 34
4 56
64 78
43 26
63 12
22 72
6 37
12 55
6 3
17 41
66 36
1 27
52 18
33 25
30 26
70 69
26 40
73 76
70 48
16 50
5 66
8 63
35 67
8 33
16 42
74 5
77 16
22 19
24 26
