5189
163 163
106 92
167 119
177 201
71 22
75 35
147 95
46 50
45 178
138 24
187 77
61 2
174 21
110 92
130 183
125 87
131 52
200 9
105 152
143 107
157 31
187 34
156 178
169 124
152 58
59 57
41 62
42 11
149 178
155 13
63 67
107 42
46 180
157 26
5 202
115 130
38 147
41 69
208 137
30 51
202 1
172 5
111 170
195 118
29 192
42 17
177 148
149 193
173 114
81 59
139 159
120 29
127 117
37 60
50 166
65 187
193 101
142 70
70 209
48 68
70 29
29 63
144 41
23 40
22 189
107 172
65 182
121 32
86 81
14 152
115 179
59 74
37 144
54 17
48 124
26 2
117 124
148 14
70 110
120 193
19 57
115 178
15 92
28 197
77 24
204 96
21 49
143 85
67 39
47 193
126 130
169 188
167 179
109 74
2 185
72 24
17 31
193 91
33 26
145 194
43 70
156 179
112 81
107 184
139 14
28 61
124 41
187 173
107 11
178 49
5 63
128 147
10 109
62 48
68 117
94 209
185 92
199 153
14 186
151 80
16 120
19 206
45 201
39 74
140 172
143 23
17 196
51 87
178 88
200 148
106 197
175 107
89 86
86 20
76 200
158 87
150 28
26 131
64 168
42 171
194 145
43 1
2 65
6 99
170 200
200 171
47 29
14 141
75 193
88 112
97 93
97 94
129 72
102 130
87 160
83 87
158 190
111 14
89 14
163 195
71 107
90 194
57 68
180 192
174 151
70 91
47 130
148 8
159 47
101 8
1 86
66 181
26 57
124 138
65 80
128 167
154 48
179 187
190 169
61 203
61 163
14 36
28 7
155 45
32 6
75 99
45 143
199 63
137 207
83 33
79 79
42 205
10 99
122 120
198 30
141 99
78 57
48 194
57 63
185 193
193 94
157 101
196 40
197 33
126 35
176 13
190 84
50 6
41 88
103 86
196 158
54 207
138 185
121 119
15 49
42 120
142 54
196 41
196 130
146 61
151 181
149 185
98 161
124 58
157 120
178 200
6 38
1 18
117 192
196 121
207 35
56 13
156 150
125 15
45 21
26 134
178 9
182 184
43 74
71 25
37 204
118 69
125 125
14 121
9 136
116 153
186 65
42 143
167 1
209 165
138 181
44 165
130 38
82 5
157 146
35 2
104 80
21 64
114 66
123 40
92 167
115 185
85 85
89 169
48 99
188 64
148 1
139 47
180 41
196 157
48 195
68 154
21 75
95 153
201 161
14 88
166 53
187 48
111 149
204 51
88 30
201 41
154 92
138 135
29 20
132 130
147 109
92 86
132 6
114 99
117 165
162 146
208 59
74 135
140 109
17 205
22 209
81 140
152 192
126 187
39 21
106 194
150 181
56 81
156 80
90 56
92 32
59 153
208 157
104 122
201 186
92 93
117 64
33 139
139 147
120 20
22 24
45 120
11 6
162 132
12 177
96 91
83 66
132 205
101 18
94 115
94 179
186 28
113 14
32 93
185 54
45 5
131 14
55 88
43 168
89 18
118 60
40 179
38 199
200 119
204 173
119 20
62 149
30 106
36 128
20 11
7 50
168 8
205 201
177 159
131 106
60 28
111 113
172 94
58 178
164 145
192 139
184 10
140 191
137 199
167 88
63 153
190 61
172 194
42 164
54 15
12 204
200 17
110 47
55 24
29 196
40 209
165 152
22 145
77 155
127 153
156 10
84 30
12 107
88 175
165 159
3 63
74 96
78 135
44 173
83 111
96 124
161 59
22 197
32 70
14 61
29 55
101 131
130 42
99 158
29 95
65 149
105 50
189 134
179 106
97 175
184 161
175 49
193 64
105 110
168 114
36 100
71 172
55 115
10 137
5 9
57 62
124 4
177 2
149 98
99 123
152 197
3 186
153 184
164 137
177 56
97 181
154 99
46 144
39 181
45 193
48 35
208 158
181 22
74 57
142 200
106 118
103 103
51 25
9 167
130 198
41 36
204 120
194 111
94 204
162 88
98 176
51 106
87 5
88 2
194 134
209 45
9 46
113 188
59 12
98 163
123 9
18 82
135 30
112 86
201 69
75 186
176 198
20 157
188 130
77 72
4 6
176 110
94 173
122 103
171 57
131 84
64 137
184 94
79 125
161 200
34 206
139 115
112 12
7 140
199 195
133 54
7 160
106 206
23 205
127 151
132 2
94 34
60 66
145 58
129 9
102 201
35 65
15 59
129 50
190 185
174 195
43 92
1 67
177 123
205 126
128 38
63 11
174 0
205 106
62 92
66 151
22 36
194 53
46 81
69 26
62 200
74 136
28 108
105 164
8 23
27 71
131 92
90 171
151 72
151 99
41 35
188 20
201 189
77 31
208 29
164 28
27 150
18 60
22 104
200 204
102 43
207 65
82 190
99 132
35 158
29 119
147 98
160 196
186 190
79 69
187 150
30 192
192 8
45 97
124 93
159 41
0 63
22 70
1 206
40 155
202 97
22 191
96 12
31 115
109 55
78 68
47 76
198 135
5 162
197 173
35 84
180 72
197 84
200 10
118 107
12 142
181 113
109 153
159 204
168 110
174 168
94 98
140 62
199 132
141 100
44 196
30 87
65 40
120 109
28 31
106 154
30 57
149 109
102 46
104 45
80 51
182 147
60 39
158 61
93 90
182 96
124 145
87 53
167 182
107 122
30 18
144 190
188 85
48 156
66 180
15 101
113 83
123 124
29 80
1 136
133 152
172 190
9 162
2 177
180 209
17 179
25 43
99 53
174 127
197 23
109 68
19 36
155 62
38 194
183 11
37 190
27 173
205 132
44 4
155 37
155 34
125 86
3 115
48 157
42 160
17 180
150 10
156 174
193 139
3 156
108 132
124 184
171 101
167 99
192 63
31 188
108 164
183 70
187 125
49 71
91 183
165 147
32 198
171 33
153 86
133 198
97 16
165 19
162 29
35 5
131 46
76 46
180 163
45 189
206 11
125 155
7 155
141 62
209 44
179 139
52 45
36 200
180 123
127 135
189 160
40 206
15 111
117 209
139 67
43 115
125 92
18 74
100 46
149 17
57 40
167 120
10 142
47 170
94 119
101 58
122 196
57 20
119 89
175 159
188 63
107 54
151 173
202 98
24 60
34 144
60 10
186 129
68 79
11 90
33 118
144 164
157 29
71 71
90 64
98 36
30 135
121 91
67 120
6 52
195 19
96 54
44 193
184 148
23 130
12 97
28 56
68 38
19 194
178 113
1 26
198 90
165 117
15 37
187 20
125 19
124 59
97 54
107 109
192 33
21 98
203 51
57 165
134 57
71 5
200 196
15 17
12 27
150 94
126 49
49 84
111 136
5 60
150 184
207 172
189 49
209 71
171 40
195 47
75 196
92 95
179 156
82 67
99 92
96 179
67 153
148 203
120 52
191 117
104 115
207 143
189 146
60 7
67 170
32 83
175 47
76 3
194 95
141 206
3 66
52 208
167 46
206 209
115 47
81 147
19 19
38 116
49 120
33 19
101 25
102 205
45 151
202 51
18 131
196 75
116 164
128 104
154 27
89 184
11 103
28 62
109 106
111 208
53 64
123 108
24 136
70 113
19 157
206 106
69 117
128 194
69 42
38 138
162 140
98 32
134 63
187 120
182 97
124 47
184 95
158 82
180 160
88 9
63 169
21 122
3 44
34 115
90 110
146 35
113 176
172 62
70 143
69 89
94 195
40 8
174 41
105 116
39 5
96 182
24 4
120 49
155 42
59 58
179 206
66 44
172 14
144 9
138 209
99 128
30 146
79 110
50 120
173 14
196 96
201 70
138 115
182 79
144 83
150 15
199 205
101 65
5 57
159 178
51 85
97 128
25 66
126 181
170 170
90 141
73 137
201 199
52 68
6 114
168 2
181 107
161 147
18 176
93 113
170 146
179 39
3 140
140 115
66 14
205 108
30 194
200 51
186 27
113 50
24 176
72 72
55 66
140 114
90 17
185 37
165 115
60 208
160 15
83 105
141 205
140 69
86 75
168 155
176 78
48 116
116 132
75 87
184 137
119 49
146 149
51 190
56 74
203 190
189 58
150 147
140 118
182 80
103 54
25 84
22 90
125 67
137 110
182 101
118 53
44 71
75 173
209 40
170 87
147 130
77 176
27 129
121 159
136 178
112 129
24 43
5 88
123 133
14 56
52 20
180 8
48 142
125 132
174 138
95 180
143 121
5 38
56 143
54 71
82 194
126 87
121 30
159 90
92 92
126 13
100 137
80 185
101 105
72 149
31 177
83 181
138 54
126 8
57 17
25 152
45 169
193 192
61 148
151 138
128 82
176 20
3 175
176 156
63 62
184 188
91 60
105 0
200 173
17 182
172 165
160 103
168 9
24 205
112 171
106 167
153 160
149 3
46 103
195 197
97 25
115 48
185 11
63 159
63 84
196 138
87 126
87 35
131 91
60 165
102 164
139 64
3 163
71 154
137 17
124 143
168 4
77 53
141 128
167 194
123 53
34 95
198 199
192 167
117 157
113 114
164 109
34 36
193 96
64 100
20 147
90 150
191 38
153 179
109 164
37 82
115 4
103 92
6 123
185 150
99 81
141 97
64 169
56 171
70 142
121 20
206 28
112 101
193 89
11 177
133 79
201 39
69 170
119 131
61 34
185 164
72 64
165 101
172 104
167 144
129 186
93 6
27 120
36 166
140 197
51 118
119 101
203 111
195 188
175 192
3 29
165 12
78 154
182 201
150 206
179 163
58 16
205 203
146 180
77 9
129 106
71 204
27 197
56 92
103 65
41 200
126 63
114 77
20 5
137 49
163 7
52 186
90 58
76 124
167 147
78 90
179 131
54 26
85 207
115 160
72 187
137 31
128 160
176 112
202 108
79 176
25 157
185 12
95 70
167 18
105 143
121 88
71 44
35 171
18 27
80 66
132 203
105 4
50 40
162 201
13 44
70 128
57 116
53 75
197 162
125 38
114 125
27 109
123 11
24 99
168 203
114 31
146 74
126 172
14 97
178 142
206 179
40 64
105 60
192 58
160 142
99 88
53 165
142 79
175 15
28 63
74 46
125 203
115 22
34 42
152 151
39 169
170 111
179 61
94 131
196 36
188 110
164 22
170 159
84 29
177 178
40 10
190 206
33 93
183 79
49 139
179 180
117 185
89 93
56 164
150 112
24 174
52 153
7 177
94 92
94 199
104 108
112 89
27 13
84 89
194 31
111 34
119 8
192 180
56 175
50 198
27 192
177 33
200 168
106 9
54 167
54 181
53 19
157 79
147 18
3 59
185 2
167 189
27 126
30 21
158 9
100 120
12 121
76 82
63 38
117 153
72 143
204 40
116 192
133 24
39 142
91 192
88 61
206 136
86 45
70 45
194 192
190 25
84 39
158 116
0 50
109 36
49 203
186 90
109 176
131 157
52 55
36 182
95 162
116 33
15 109
86 152
132 170
105 70
3 134
39 62
38 137
176 192
197 209
158 48
81 188
14 9
2 105
181 136
41 79
102 42
194 126
153 205
190 207
53 209
21 115
148 19
89 173
83 201
75 66
181 148
102 52
43 56
124 124
174 86
29 183
56 51
109 9
151 158
124 157
116 111
19 132
92 46
176 57
38 140
170 142
14 123
59 116
146 22
134 192
71 118
78 63
67 171
207 78
155 140
12 100
25 151
132 66
105 111
13 165
25 127
100 134
3 111
188 160
95 60
96 183
157 30
135 153
50 14
94 104
102 209
202 33
96 16
76 208
95 111
117 152
113 166
164 95
69 36
155 92
10 91
205 26
71 24
24 161
33 61
14 30
133 166
104 141
151 204
15 170
78 103
170 149
167 169
0 112
208 4
181 54
98 135
110 32
208 189
190 52
71 67
199 139
139 205
69 123
51 104
37 201
124 188
17 133
88 89
20 207
9 34
89 125
37 157
181 99
209 109
125 198
52 101
56 85
29 70
0 110
174 80
17 1
149 78
125 64
180 58
36 195
174 88
71 174
65 156
135 81
103 109
190 147
22 142
100 77
149 51
131 132
179 10
119 62
82 86
21 129
167 206
132 79
188 90
186 127
158 97
78 69
142 112
22 59
184 63
147 159
207 55
16 100
83 103
1 135
155 133
193 109
201 204
148 110
120 209
94 52
168 142
205 80
24 20
79 64
88 168
28 0
202 10
52 10
75 23
141 65
158 139
67 35
148 39
8 63
189 197
164 144
46 149
141 180
45 89
17 172
150 71
112 19
24 168
60 173
191 66
86 104
203 114
74 123
50 118
76 21
38 187
120 9
186 181
71 64
49 141
187 122
151 160
160 2
204 45
156 8
22 66
88 39
192 130
62 30
82 81
140 140
2 40
13 84
48 50
92 197
149 183
152 184
107 146
157 76
173 36
104 90
22 116
67 121
153 50
99 157
202 45
135 133
150 195
156 90
67 62
138 71
116 207
39 31
193 26
137 6
95 24
144 75
16 143
156 182
59 108
172 137
141 86
48 204
138 109
55 126
29 115
120 50
173 199
126 37
6 143
81 194
74 17
108 169
142 1
167 129
197 124
179 137
80 44
24 103
39 44
132 68
135 141
112 167
15 102
122 143
204 24
109 170
95 72
68 59
88 36
39 184
175 116
13 202
58 33
156 88
120 125
51 193
185 202
25 49
78 97
102 31
30 197
183 102
31 193
132 18
29 26
90 74
98 69
153 20
196 183
180 31
52 152
137 203
4 110
67 4
84 179
158 109
64 69
126 3
187 133
151 14
127 66
12 93
200 34
97 99
102 57
128 51
97 190
1 190
34 63
4 65
74 190
111 92
201 76
92 82
191 132
145 127
32 200
44 203
147 54
133 105
26 116
21 22
8 69
100 125
138 138
134 181
163 160
30 181
209 115
76 129
38 186
68 157
9 179
54 119
98 136
103 209
25 41
196 208
88 3
4 23
107 174
130 165
131 121
80 172
43 162
192 111
199 94
73 100
16 166
161 183
204 29
63 78
110 153
163 154
69 20
70 160
139 162
83 190
139 134
83 12
71 136
56 91
52 111
97 182
82 142
105 146
0 125
166 99
197 170
178 11
68 71
54 100
52 52
105 168
183 96
206 137
195 165
161 129
8 115
48 40
204 9
115 61
68 9
7 179
8 67
156 21
91 140
85 197
207 182
43 149
132 53
134 164
28 21
17 18
5 51
30 160
11 12
201 47
208 42
63 44
197 38
47 78
107 151
54 12
167 31
107 58
148 107
24 1
72 6
156 6
184 100
85 83
36 26
134 132
24 184
31 57
103 206
189 16
12 34
109 138
61 177
196 209
109 185
51 81
23 90
130 17
204 147
57 50
185 134
77 200
172 31
92 34
208 145
61 188
107 207
97 173
97 146
22 185
49 190
96 159
103 53
12 131
85 160
150 21
205 22
134 47
40 123
91 27
40 36
59 81
98 140
143 61
195 75
88 106
59 152
113 118
138 174
93 10
139 74
189 46
36 181
80 175
71 14
29 199
95 5
26 106
10 59
85 22
13 168
75 182
69 30
88 33
26 156
142 122
206 17
104 3
39 15
166 22
127 62
138 106
185 135
197 52
12 36
79 183
117 168
183 58
69 70
94 26
151 195
13 77
163 37
36 121
146 60
152 6
185 107
176 205
146 206
44 191
67 194
39 174
143 57
62 50
52 56
42 50
34 192
205 23
5 128
171 10
181 151
31 78
132 116
86 164
127 194
143 136
83 172
92 159
75 4
29 45
198 100
60 68
54 175
44 176
9 178
149 82
197 77
145 6
104 28
131 40
53 96
30 58
95 82
78 127
85 192
54 101
201 64
198 119
98 120
120 137
135 176
41 179
102 118
120 112
174 52
77 152
20 21
180 129
145 30
159 35
26 118
95 88
176 164
180 105
89 134
5 53
79 155
188 95
79 164
173 44
161 84
190 131
104 166
37 86
144 175
71 142
195 97
40 148
149 122
195 206
69 62
46 192
71 96
157 16
74 72
33 181
78 172
194 51
53 21
101 51
182 48
126 77
175 190
75 44
104 2
110 97
55 135
106 130
122 8
58 43
205 50
107 142
54 39
56 105
80 207
74 144
112 53
205 72
198 110
173 9
12 186
55 94
124 162
36 99
11 138
114 35
146 169
35 48
181 95
192 71
203 25
147 32
61 119
52 94
140 137
182 26
85 125
70 34
147 11
39 209
146 131
11 32
145 161
24 29
182 203
99 66
31 160
91 16
96 189
196 17
45 74
182 88
114 105
199 47
162 43
45 6
56 127
133 66
36 168
173 50
79 77
38 6
62 178
20 28
49 80
121 44
117 170
80 163
205 11
198 191
183 17
196 139
79 56
17 187
206 187
164 99
141 190
178 191
96 13
129 138
59 11
28 69
55 131
112 82
101 55
11 118
12 175
157 116
107 72
148 96
163 196
182 134
152 48
153 163
19 11
5 156
31 119
87 201
201 113
119 87
117 105
18 43
207 64
87 177
139 196
63 0
75 11
92 208
76 180
146 58
135 105
21 123
43 99
196 181
171 176
197 155
198 74
92 205
84 160
150 190
112 106
83 137
170 4
169 140
102 37
41 61
122 106
148 197
81 185
40 198
29 200
157 33
152 76
135 123
7 28
18 187
14 181
29 121
32 148
110 200
104 152
45 128
207 115
65 19
137 189
201 134
175 117
54 28
36 119
188 26
164 97
103 164
72 157
38 149
56 45
185 157
72 150
121 171
23 28
33 72
20 83
109 124
97 61
199 157
169 138
133 68
133 73
143 47
172 91
38 169
117 125
66 5
116 58
66 76
163 186
56 198
77 48
135 5
65 153
208 95
75 192
208 81
33 89
130 110
186 31
113 58
128 139
163 47
171 65
207 166
173 78
201 91
58 5
197 154
75 175
181 35
38 162
54 43
5 16
122 92
15 116
182 182
117 89
57 200
47 138
82 124
1 44
88 192
162 25
88 151
209 112
150 12
204 79
73 157
3 121
19 156
128 115
20 100
132 8
96 174
174 104
72 112
189 75
61 63
24 56
170 16
174 133
157 141
120 130
15 198
63 23
45 67
102 73
143 182
105 8
6 104
84 189
177 51
7 33
84 33
127 108
203 153
22 72
109 50
40 26
138 45
16 45
32 131
95 27
153 207
42 18
91 6
109 159
44 32
53 62
44 202
94 74
45 17
144 43
158 53
134 185
163 83
153 71
138 15
40 66
57 132
165 166
98 24
111 133
105 93
167 54
122 23
57 42
159 180
74 168
88 76
181 87
124 23
25 73
190 174
21 139
73 131
54 105
67 60
31 37
93 52
20 69
0 100
124 186
101 111
106 128
165 134
0 140
150 199
46 176
100 1
184 155
72 148
43 51
109 131
195 86
206 21
77 140
101 44
91 61
10 189
55 163
30 148
108 202
131 167
162 205
198 43
185 71
112 190
204 20
198 163
165 15
33 38
208 90
178 185
148 11
113 12
40 176
188 203
61 197
176 7
100 9
167 105
174 134
108 44
43 136
193 87
118 6
190 101
15 202
164 171
192 162
199 51
118 174
133 141
72 91
196 103
161 17
19 59
130 203
182 110
40 201
168 20
118 30
38 154
155 159
98 199
204 135
67 40
100 67
176 101
162 204
157 104
152 11
109 190
39 108
2 61
197 134
130 62
39 12
112 149
100 90
93 64
22 176
48 9
153 157
141 9
80 5
41 92
63 148
105 148
82 31
79 179
47 141
39 136
19 135
69 121
177 192
194 108
11 20
15 117
155 86
42 87
0 182
17 72
16 107
14 109
193 59
193 150
111 125
55 187
169 195
124 1
1 122
64 149
47 58
81 26
9 126
117 0
26 206
20 196
105 197
1 70
121 41
142 88
175 137
129 43
131 32
88 135
2 10
86 37
138 64
55 110
63 152
83 196
51 56
200 30
201 93
98 78
71 132
117 202
170 15
206 71
116 144
12 161
33 152
60 181
141 58
197 25
59 121
2 85
135 59
36 20
129 105
81 45
112 208
202 62
58 89
40 122
102 100
45 58
56 139
115 157
98 6
179 176
145 205
3 48
55 43
126 24
119 109
167 13
82 13
95 194
199 169
162 165
65 133
114 123
109 197
199 53
0 62
78 96
160 27
200 141
162 183
134 80
104 198
189 118
208 50
47 97
104 81
98 14
48 175
91 103
19 2
47 139
167 93
77 179
149 205
196 7
43 108
88 74
149 45
29 137
198 197
23 159
104 132
141 41
115 5
69 116
48 168
1 112
151 149
22 139
127 168
163 93
80 73
134 94
82 138
8 49
64 145
37 99
164 156
108 69
19 41
86 112
170 160
36 157
116 133
44 142
36 93
156 151
144 108
26 88
76 8
142 167
205 202
170 167
32 11
25 186
7 96
163 190
30 83
72 54
20 149
207 107
75 112
36 51
93 137
79 165
96 201
86 172
92 122
134 15
53 149
169 182
181 161
198 130
126 161
155 189
83 101
52 39
161 70
71 194
200 182
185 20
108 173
50 191
79 136
163 205
136 88
129 20
103 141
160 39
61 73
15 48
120 141
104 164
158 20
31 82
65 93
165 160
85 56
165 56
85 178
75 166
2 38
61 174
206 90
77 111
108 170
18 67
97 201
78 79
69 65
137 39
205 91
82 125
70 77
121 68
107 94
52 67
15 80
61 80
93 204
91 45
167 170
43 4
116 62
43 73
42 0
48 188
16 80
109 158
161 74
54 93
5 175
88 125
152 106
85 204
113 49
84 57
141 109
167 121
22 65
159 51
59 196
0 142
0 26
172 181
152 16
190 1
153 129
100 145
29 73
185 69
123 71
19 189
0 56
98 98
17 56
65 58
125 108
18 174
196 28
142 155
99 12
193 42
125 163
143 100
89 52
1 158
23 55
148 122
173 34
177 89
150 207
68 204
118 101
106 187
37 45
160 100
43 111
72 208
166 44
93 4
48 87
101 53
208 119
200 155
38 49
27 90
163 122
197 27
108 115
65 56
37 77
153 34
121 77
79 41
47 205
115 193
31 159
158 60
22 163
52 151
102 132
59 66
193 30
199 8
91 156
163 91
80 26
124 168
127 60
21 134
45 152
91 74
183 61
46 7
110 49
10 128
186 58
140 26
195 115
166 45
108 166
8 90
110 150
94 90
136 189
209 137
177 206
101 14
58 168
169 161
53 9
20 148
198 183
196 143
11 167
143 96
75 14
159 152
103 10
197 140
134 96
44 164
8 175
197 47
162 155
186 73
29 128
154 54
193 179
25 47
206 41
61 168
29 168
43 166
148 101
173 98
135 150
33 158
123 155
160 74
1 166
170 181
53 80
202 194
164 57
149 66
175 85
191 115
126 176
81 18
154 88
22 168
46 71
155 167
61 158
110 42
83 6
22 122
154 164
157 93
181 201
21 162
187 91
33 95
193 49
144 33
121 166
126 12
48 118
197 13
89 123
22 175
174 165
170 10
28 11
62 62
87 173
141 78
46 55
81 85
74 193
9 182
34 39
2 160
152 75
64 95
69 127
19 37
163 157
174 208
156 57
130 80
169 102
144 82
168 145
74 156
167 127
98 154
36 96
144 38
25 16
153 185
185 127
136 183
10 77
160 11
91 158
91 5
58 51
133 35
36 110
170 134
142 86
117 136
88 124
27 155
47 175
187 156
128 74
74 117
179 43
43 175
154 205
130 200
144 184
179 129
70 190
27 151
168 156
101 93
16 149
169 169
157 46
24 87
28 208
110 180
136 163
158 66
95 188
149 55
138 197
52 50
196 81
3 52
159 191
66 58
133 183
3 42
6 75
136 132
44 11
149 198
116 100
75 47
155 144
79 128
127 74
40 108
45 134
63 156
70 162
58 60
145 95
173 17
86 67
104 104
166 195
126 50
6 84
198 171
61 103
105 189
180 81
25 192
91 85
143 196
187 174
1 188
124 66
139 148
155 146
78 53
130 76
88 148
134 27
147 91
133 2
101 166
131 74
65 177
20 121
194 34
72 35
72 95
142 63
90 132
119 2
4 135
143 90
109 205
143 111
68 17
51 152
158 170
28 77
33 81
153 8
100 86
44 82
50 96
88 16
90 88
182 60
110 84
108 5
56 73
185 165
36 169
134 41
180 170
59 55
131 133
56 67
117 115
100 202
183 178
2 21
177 62
25 15
126 94
100 2
123 127
100 68
46 62
89 78
64 28
117 45
74 44
160 177
7 174
65 42
100 25
74 130
34 208
184 15
8 154
94 20
2 149
154 18
93 115
199 177
35 107
86 114
112 146
55 35
188 135
87 179
123 54
194 124
6 181
206 196
67 169
3 190
199 147
20 19
178 167
26 120
91 26
85 4
40 75
125 177
125 22
62 7
50 79
74 127
124 132
96 186
189 9
186 168
2 123
95 0
22 184
116 92
136 38
32 137
131 19
139 117
171 196
40 45
89 183
108 99
87 66
120 18
182 157
9 85
154 179
4 97
203 52
126 170
175 163
78 116
77 59
136 206
38 160
36 61
187 4
6 66
160 36
173 180
151 207
59 199
187 160
187 118
80 90
203 78
189 156
44 93
175 70
13 186
186 94
65 78
145 67
150 46
133 14
151 16
31 205
192 118
167 192
58 187
81 54
193 41
40 49
51 66
38 133
99 6
46 37
65 39
170 144
116 183
57 160
73 162
85 124
105 205
2 94
37 147
182 20
44 59
189 31
21 0
62 44
137 187
10 176
126 153
117 145
130 130
104 15
159 118
190 168
150 6
25 74
22 156
153 124
57 53
86 150
66 209
25 109
17 13
179 90
169 206
13 169
96 83
130 39
205 78
128 40
195 185
149 62
181 125
192 165
174 191
187 184
8 185
60 141
8 17
101 49
88 158
139 17
26 169
121 121
139 195
136 9
66 2
139 130
117 58
65 33
95 58
198 93
156 156
169 196
183 88
167 96
33 40
92 195
205 160
123 206
30 161
131 53
102 199
140 155
129 39
109 6
167 38
195 67
170 119
136 21
52 122
75 39
3 84
188 191
11 139
9 2
161 165
32 85
86 125
148 133
80 14
202 19
195 142
207 189
104 46
45 115
117 20
39 117
86 167
200 36
70 123
153 159
75 31
5 120
209 183
142 143
202 71
47 152
177 30
184 112
108 49
120 87
44 50
109 69
166 33
144 26
8 70
200 55
69 133
5 166
27 3
13 80
12 120
147 74
71 62
172 157
144 55
100 18
139 31
122 26
17 155
92 41
170 143
77 63
81 192
47 31
104 182
137 88
87 129
204 89
151 42
53 46
44 137
70 102
62 141
189 102
30 77
158 21
102 80
128 128
73 156
31 75
92 38
52 127
93 131
25 181
152 50
14 165
208 197
72 147
118 206
92 102
103 135
123 31
34 118
192 164
23 198
139 106
97 59
128 195
209 203
134 138
109 83
37 156
1 41
198 62
10 159
27 137
17 88
24 143
47 75
5 133
185 15
5 114
183 15
148 126
4 82
34 155
125 197
49 31
161 24
98 104
114 54
110 170
121 153
18 170
153 35
5 145
47 120
189 144
17 22
140 119
203 200
158 141
126 89
187 117
47 27
20 59
128 125
102 7
168 138
196 171
161 76
203 79
175 102
205 62
7 37
105 193
133 13
145 106
53 22
64 203
82 139
104 201
13 147
139 8
129 174
90 130
113 201
59 1
16 82
44 5
205 128
103 24
208 51
101 95
30 158
114 193
0 159
52 170
124 87
132 29
124 97
197 89
134 177
95 164
142 139
106 43
196 54
18 22
119 108
14 138
56 10
46 126
55 64
0 192
137 68
57 90
69 150
140 41
126 85
83 197
80 98
117 27
82 120
119 135
136 54
128 206
167 85
1 8
120 67
116 46
139 202
104 101
101 64
73 164
50 54
21 169
169 112
0 2
133 59
137 95
181 7
78 40
124 103
150 124
206 26
143 122
136 57
76 135
90 208
127 65
145 136
4 89
19 172
9 52
93 177
157 108
45 86
138 141
120 58
137 137
102 55
164 131
70 14
181 163
67 159
86 85
82 175
10 62
63 188
150 23
206 44
169 55
172 148
130 208
168 181
19 58
208 43
152 80
44 66
3 16
33 115
130 49
104 118
55 141
131 108
154 73
21 20
106 41
88 132
102 196
32 2
151 198
204 170
74 153
181 11
5 126
207 79
103 75
64 178
169 91
167 185
2 83
205 81
32 65
171 119
63 24
135 107
16 201
154 62
63 53
28 18
122 4
122 95
57 46
22 208
167 136
34 164
209 138
120 202
204 36
39 130
184 25
152 183
160 44
207 82
58 92
39 71
23 191
103 27
154 157
114 162
42 101
90 75
4 181
148 22
114 28
123 7
147 17
174 90
93 133
106 68
198 23
188 199
140 35
117 16
57 70
24 28
140 162
148 57
80 145
8 34
52 165
142 192
47 90
195 12
101 176
106 52
9 141
56 101
145 118
84 174
9 135
99 192
147 203
153 172
90 192
183 174
109 199
85 99
188 125
176 10
91 161
127 69
10 174
209 47
77 98
174 2
21 126
161 98
209 38
88 134
195 117
32 64
152 169
59 113
121 117
141 38
135 68
132 75
137 48
77 12
39 100
168 204
3 62
3 191
75 7
91 125
130 108
164 123
95 176
113 87
155 107
114 160
134 61
196 196
154 43
4 106
58 196
157 95
115 118
21 61
104 32
119 119
91 145
23 127
179 177
154 55
205 4
128 133
120 102
79 18
144 29
38 1
173 142
101 79
59 135
185 125
177 199
193 149
147 191
87 147
205 24
13 36
71 173
53 191
99 174
180 59
69 108
193 2
188 200
157 176
184 48
128 174
20 51
3 73
188 93
153 144
28 99
112 61
178 169
159 179
69 53
148 181
3 126
193 32
102 8
70 81
190 189
131 160
135 132
103 200
48 154
53 189
11 54
68 150
202 9
69 114
32 10
11 15
120 149
111 62
9 89
11 42
155 170
133 199
48 78
190 119
176 5
102 58
1 82
75 72
175 128
178 6
194 149
127 83
37 203
127 2
54 5
149 168
40 28
32 44
155 155
63 21
208 71
75 199
171 30
67 193
180 1
109 157
156 146
60 86
141 207
201 108
36 54
202 178
10 76
146 23
75 183
39 75
93 101
38 83
140 30
90 55
103 6
74 29
152 180
176 128
30 20
62 106
45 94
10 2
200 150
3 70
166 79
139 60
17 45
102 103
25 156
36 1
40 39
9 67
181 66
69 99
155 74
171 69
39 192
146 205
48 21
30 79
60 25
79 113
166 91
4 105
74 183
26 187
115 145
110 89
109 103
204 159
74 110
165 57
190 126
131 0
191 159
88 201
182 116
162 148
96 108
161 18
25 70
66 79
18 91
144 140
88 29
124 121
3 125
31 131
2 111
92 70
118 209
207 59
200 184
59 38
20 132
39 99
8 65
206 122
202 17
5 62
149 85
141 51
71 74
40 84
180 161
207 147
74 92
89 105
93 165
84 164
97 200
110 13
187 68
168 180
45 163
111 36
130 27
141 20
18 53
150 31
114 52
178 56
101 113
116 85
80 201
95 183
155 106
138 161
0 168
6 83
92 97
85 149
99 167
134 40
35 191
164 53
33 117
207 128
154 183
188 121
46 14
72 111
209 91
79 161
121 50
64 110
202 50
35 196
130 105
45 70
125 140
83 170
179 117
129 38
180 78
123 138
170 125
107 68
37 32
180 65
93 94
111 109
96 28
107 46
18 59
142 83
20 53
33 133
200 99
90 65
72 113
55 196
114 137
83 94
70 175
142 24
84 114
15 132
57 185
25 137
64 43
83 204
42 187
31 26
52 31
154 6
207 139
112 27
108 109
32 59
1 113
131 58
178 208
119 92
188 62
47 123
55 62
24 8
64 119
177 44
112 25
81 107
95 34
127 197
97 126
33 126
172 206
46 102
61 90
207 173
52 75
180 67
183 59
177 203
191 90
208 36
65 163
195 146
58 31
208 139
121 80
26 85
116 137
41 89
79 63
192 191
206 57
107 194
61 55
86 55
36 135
1 34
185 19
105 158
73 132
47 137
77 202
67 196
100 73
26 4
66 182
30 84
193 13
162 171
53 205
132 109
80 32
68 97
196 129
153 196
55 122
72 47
133 80
33 69
132 102
3 83
131 51
24 81
168 61
112 92
120 179
17 117
39 28
42 136
137 29
29 145
206 51
5 100
110 77
9 18
194 181
165 61
203 103
53 48
81 101
136 179
186 201
68 164
168 208
56 111
97 141
200 59
202 141
23 2
200 61
133 9
27 134
34 162
134 75
150 89
33 84
40 102
8 116
38 87
39 154
196 150
206 81
116 209
118 1
22 76
113 141
141 182
18 64
61 187
191 57
112 48
105 88
186 174
68 8
197 56
175 120
179 91
149 2
111 206
199 54
169 25
163 67
49 150
79 171
160 162
16 67
177 112
26 65
200 78
24 149
132 119
8 183
22 12
162 163
29 66
194 42
129 111
68 6
66 59
20 67
176 124
166 29
116 181
129 163
197 130
101 179
29 91
75 122
104 73
131 182
61 24
19 152
21 194
170 121
67 28
8 157
142 168
175 71
36 158
89 48
90 15
2 199
114 85
193 138
27 42
134 108
117 114
32 140
46 104
85 65
143 173
136 35
69 111
193 3
101 134
65 25
57 167
46 99
180 52
126 203
100 10
45 127
55 72
83 134
28 198
0 37
112 156
59 137
75 37
114 95
129 6
192 127
90 33
195 89
37 61
36 8
186 9
29 164
195 24
192 6
55 193
109 179
7 83
92 59
201 169
34 70
193 131
140 138
50 161
182 51
45 119
1 97
118 4
4 125
136 3
157 155
177 32
4 39
23 186
46 187
67 25
119 64
55 154
53 120
140 195
13 108
208 8
138 2
24 117
193 28
195 26
36 65
154 72
197 71
47 106
69 115
48 114
133 187
205 61
70 116
94 37
44 145
45 27
71 19
76 176
131 156
154 125
36 113
152 10
72 202
70 73
23 16
109 19
53 50
24 153
61 9
147 110
135 196
190 49
154 184
37 76
6 184
98 137
187 194
119 53
88 110
176 9
25 53
33 78
4 167
70 185
198 206
167 145
35 148
175 150
119 176
24 144
102 91
133 70
152 105
110 191
147 182
16 77
200 105
140 127
99 4
50 16
145 88
99 38
60 132
32 25
158 0
83 165
53 177
197 188
168 194
104 133
157 197
199 186
79 2
209 50
146 43
121 66
93 75
112 135
192 41
205 113
121 14
60 125
74 152
121 94
47 22
65 84
20 176
203 177
112 116
45 50
155 127
69 68
182 22
120 192
155 75
139 176
36 124
64 113
4 150
33 56
98 156
5 30
190 194
85 53
81 184
150 96
18 167
94 88
40 25
134 99
184 30
127 169
124 70
79 40
12 47
204 150
128 165
88 187
186 34
159 142
42 104
82 176
53 70
202 164
64 143
51 166
89 34
94 157
122 136
113 3
78 47
98 131
167 113
104 31
201 66
0 149
54 200
86 163
186 137
19 169
71 37
102 63
63 160
146 154
81 136
199 61
5 184
167 157
61 0
18 143
109 15
117 194
198 140
144 191
109 20
24 183
80 103
37 108
133 85
195 148
109 75
191 171
94 200
180 26
3 209
97 106
40 58
39 160
20 126
108 151
114 1
69 135
58 151
85 176
117 7
73 23
184 169
3 24
86 39
119 161
32 69
199 70
111 111
137 102
87 150
185 192
8 102
191 119
198 51
12 132
121 107
169 69
18 95
169 145
147 104
45 139
62 207
79 5
110 172
152 43
142 153
209 194
108 174
49 181
51 73
76 2
48 141
203 4
141 80
189 195
178 44
183 172
62 109
189 190
109 181
162 28
198 79
208 54
161 209
158 96
189 172
55 75
120 144
54 33
198 188
130 177
191 30
82 56
130 120
152 164
58 17
71 147
189 119
92 73
94 82
206 2
56 183
152 147
112 128
108 136
121 96
64 71
100 160
2 33
10 106
175 94
204 98
169 204
68 80
208 35
202 49
140 70
25 62
173 47
189 73
6 164
61 71
12 192
56 84
70 95
159 21
102 195
1 207
2 181
140 58
119 26
46 29
42 180
27 206
151 37
147 125
43 54
102 59
116 150
204 44
143 58
4 44
32 17
45 47
148 81
82 70
191 96
51 161
90 24
196 203
138 23
22 203
55 170
109 149
78 155
84 178
151 135
63 20
150 209
204 55
180 84
35 97
192 36
96 60
22 174
96 75
204 62
178 63
45 81
83 35
143 130
104 207
191 77
30 15
73 63
159 161
199 188
51 131
47 56
109 160
192 152
74 199
142 201
106 134
4 80
122 61
95 156
186 178
119 154
97 62
149 194
132 196
126 126
23 133
7 120
76 85
197 29
107 193
39 72
3 146
55 155
18 77
15 95
86 28
28 187
97 100
75 176
144 7
142 205
34 116
74 98
137 90
30 154
69 154
38 34
176 150
146 10
19 113
115 101
111 97
142 137
6 152
42 189
141 40
89 43
84 148
186 18
60 148
163 109
127 145
81 10
162 187
198 149
206 7
44 84
17 41
144 67
179 9
113 153
89 71
118 24
145 200
97 145
132 15
19 100
104 27
153 79
189 140
28 144
135 173
35 133
32 152
38 130
85 122
203 5
169 65
203 122
190 115
112 123
0 72
101 154
31 77
130 189
207 83
27 186
74 116
158 55
163 156
162 79
195 131
100 16
66 157
74 23
183 134
130 85
155 134
196 39
116 49
42 118
160 93
138 183
172 40
180 99
160 185
54 128
184 9
28 84
34 142
98 102
37 10
56 145
76 102
2 45
147 149
1 162
44 94
169 3
182 106
94 50
61 4
68 49
69 16
140 85
128 207
46 77
143 28
162 17
158 166
78 98
92 174
68 176
44 162
96 184
113 207
114 153
98 201
172 132
14 168
97 68
136 70
6 101
30 12
116 178
99 148
125 95
134 71
54 38
90 62
88 55
147 204
139 198
24 159
93 149
13 49
8 184
89 87
129 54
67 11
114 135
180 30
131 116
132 3
163 131
3 136
152 71
119 88
101 165
36 123
93 174
195 135
22 146
65 54
7 193
14 145
40 109
77 119
148 187
47 165
40 79
102 85
27 62
104 87
31 21
28 158
160 123
131 42
146 158
161 106
51 86
179 37
6 129
89 64
113 180
157 148
124 117
165 95
138 65
120 126
26 208
66 184
208 146
110 148
7 139
83 198
200 201
61 88
140 132
13 50
101 61
188 180
83 40
107 134
160 99
175 37
205 63
162 192
115 192
65 191
9 121
106 21
88 75
195 173
176 72
181 24
140 108
167 112
204 171
7 25
59 61
116 75
1 49
81 76
189 99
156 29
82 33
114 42
20 64
159 26
83 207
68 137
7 188
106 11
188 196
7 73
5 153
97 86
120 129
101 28
196 15
122 90
49 97
77 191
177 92
190 182
126 18
201 71
128 31
52 86
75 126
209 22
56 68
142 190
44 28
160 135
45 34
86 196
104 107
197 39
94 153
163 79
185 41
193 23
134 121
202 143
69 33
47 20
105 192
146 29
92 62
131 89
45 107
57 118
7 154
193 146
158 135
77 60
2 159
39 191
140 17
24 90
97 10
162 128
56 128
30 187
51 97
34 33
67 34
27 51
28 34
115 142
19 102
95 73
112 66
110 23
180 2
154 112
165 91
111 201
85 157
172 74
142 179
31 190
139 54
57 37
152 126
62 131
102 160
130 91
171 182
11 153
53 76
165 157
115 98
22 57
64 120
155 154
176 25
126 23
73 184
164 110
147 178
37 107
66 119
101 201
68 199
109 166
159 37
86 162
116 4
146 57
141 70
131 37
128 112
42 144
16 88
166 123
134 178
61 74
6 145
43 141
102 98
16 94
154 117
198 4
204 160
198 65
51 180
156 203
89 63
85 129
150 58
72 141
172 119
41 182
184 97
125 147
155 198
56 190
16 170
43 124
97 17
90 30
152 145
28 8
7 92
89 61
76 134
94 38
62 55
188 140
119 209
23 137
139 201
207 4
200 122
96 29
30 203
147 40
159 170
136 157
121 25
164 80
34 137
28 4
144 72
2 31
194 167
144 28
68 159
13 86
93 193
114 108
126 190
196 153
67 31
202 175
135 193
189 194
63 129
23 19
22 108
76 173
80 155
10 114
33 165
194 18
48 177
188 168
80 15
106 143
184 69
121 60
195 91
172 145
38 198
57 76
38 153
112 150
173 187
107 98
110 35
167 55
115 44
27 10
132 151
94 49
49 45
177 87
59 171
13 161
15 63
57 168
62 23
120 118
135 16
80 31
112 54
124 22
102 10
131 178
77 108
25 60
69 174
206 145
90 159
8 133
205 147
105 125
161 208
145 64
4 62
75 17
22 63
44 97
109 178
128 66
40 105
146 203
145 116
153 66
60 131
7 45
125 94
5 69
9 4
191 18
50 188
140 201
178 37
8 29
179 40
143 143
83 26
93 146
30 48
51 61
91 105
2 203
205 176
8 38
89 85
69 90
132 95
184 150
183 41
197 55
10 20
65 144
132 41
78 207
157 98
112 24
142 129
55 105
48 109
101 191
193 115
116 176
116 28
123 115
151 7
40 27
160 145
107 60
33 112
155 95
179 70
179 181
57 80
171 117
111 88
116 114
202 206
176 82
46 164
56 208
112 111
43 97
178 140
185 31
127 174
82 62
46 140
192 178
45 63
179 195
92 143
52 124
103 106
197 75
52 180
60 34
112 17
49 10
174 115
59 203
62 100
209 21
107 15
13 6
65 118
72 29
75 89
186 203
177 19
81 42
100 60
161 83
24 162
120 30
53 116
44 77
134 189
61 69
55 19
8 59
60 14
112 6
74 25
1 81
203 164
179 146
121 5
116 172
80 10
37 174
7 11
28 152
108 121
194 13
82 23
70 72
149 206
22 82
144 114
54 171
125 153
22 148
2 76
38 35
42 21
50 57
204 119
87 133
23 108
58 140
118 132
86 124
59 209
117 99
199 19
21 198
174 79
51 196
108 35
133 82
95 168
96 151
164 170
183 120
80 194
4 47
60 56
109 95
127 36
96 157
209 170
136 176
161 180
45 141
127 48
113 184
162 50
181 184
27 146
84 52
129 198
1 43
75 194
75 167
14 105
130 87
133 65
104 194
110 58
183 158
56 23
195 139
182 163
6 62
95 200
80 97
176 102
142 14
33 193
35 177
41 141
134 58
21 72
16 106
109 2
123 88
195 149
165 13
149 14
173 174
93 185
122 135
178 94
25 188
72 191
176 107
130 36
126 19
174 65
105 74
3 129
175 180
21 125
176 148
57 99
151 121
82 141
93 102
60 87
28 100
68 19
97 152
122 129
137 92
107 165
88 50
125 169
40 17
22 171
201 58
181 197
164 158
78 55
112 65
53 28
79 17
65 175
34 6
37 162
56 197
197 68
179 185
195 17
182 185
61 59
83 11
42 30
109 70
177 68
30 76
30 56
8 31
89 104
19 28
142 117
54 64
32 170
196 148
102 116
76 0
194 163
4 56
174 209
63 208
173 23
5 86
190 114
120 96
157 131
64 140
83 30
82 1
105 5
115 31
146 177
155 72
125 29
165 94
106 200
25 26
35 43
131 166
82 170
207 23
38 38
20 193
71 2
12 46
198 175
178 163
70 94
79 184
65 179
71 134
87 199
139 28
111 119
74 36
143 6
44 12
66 99
170 29
151 93
84 101
200 208
123 23
112 121
90 86
98 83
73 201
177 124
141 189
96 160
119 96
32 66
80 156
131 2
151 68
21 28
101 102
6 48
49 189
27 37
166 60
42 146
156 48
101 47
31 3
128 42
9 203
69 63
153 70
6 29
178 111
7 116
183 144
192 72
14 12
93 170
110 126
177 45
172 75
96 77
2 13
110 68
131 80
17 153
36 77
45 147
74 61
150 45
137 87
60 116
89 10
103 188
65 69
77 135
35 154
18 75
81 92
184 2
9 73
202 136
21 206
80 174
176 0
192 101
23 32
60 161
208 64
120 63
46 163
104 61
147 196
100 181
83 86
132 175
84 76
16 158
98 20
196 94
159 126
30 201
138 89
201 2
93 73
169 125
83 203
200 29
91 84
98 122
177 74
89 117
158 187
75 80
166 77
187 99
17 139
173 119
60 112
50 105
187 188
33 169
60 157
80 179
173 99
161 163
32 203
87 61
123 118
17 43
157 25
189 77
50 10
197 177
138 121
203 185
3 154
62 61
101 91
105 40
194 36
175 34
180 200
143 209
137 164
58 4
119 69
114 202
6 185
135 10
204 15
173 124
208 204
108 131
131 67
52 44
20 175
131 194
186 80
99 25
162 60
61 167
139 3
198 182
106 57
113 167
64 152
179 99
49 152
32 124
94 191
37 25
31 198
190 31
165 67
135 92
154 152
70 60
202 83
120 107
89 19
5 124
191 83
71 116
38 163
195 187
172 41
126 96
49 198
105 209
208 122
66 61
113 147
121 187
150 48
39 179
50 138
46 143
152 92
42 159
48 8
144 3
31 67
98 45
59 94
69 46
130 13
151 193
60 175
167 137
144 73
168 169
86 71
177 25
13 137
84 193
74 208
127 101
46 5
71 111
14 55
49 53
172 172
46 59
166 168
197 141
6 59
191 16
51 150
71 169
190 205
148 92
20 118
135 85
25 169
34 65
53 92
200 8
186 194
112 139
76 112
71 203
77 148
88 11
198 180
115 111
74 204
202 66
56 47
161 166
51 70
207 149
98 49
191 97
186 140
23 178
147 6
88 153
200 32
137 117
84 80
50 43
146 84
45 200
183 60
2 167
104 16
101 89
56 17
67 56
93 98
141 2
60 152
202 64
66 188
208 44
209 89
125 123
87 7
126 186
6 8
4 112
155 181
159 208
181 47
69 41
40 98
52 108
91 91
173 197
207 70
20 156
110 2
157 9
26 13
130 93
50 183
184 16
23 150
133 137
126 171
169 114
176 39
154 126
76 48
109 207
25 99
152 85
171 209
161 66
40 35
16 99
144 21
205 154
25 125
124 86
17 76
180 101
164 90
88 59
166 20
194 147
146 173
204 94
148 99
180 151
42 24
162 126
47 99
176 138
33 177
24 110
161 93
26 140
191 180
160 114
173 149
54 80
59 173
152 205
170 189
189 109
142 169
5 149
26 190
97 69
18 104
74 54
13 116
183 85
122 97
43 197
172 6
120 69
3 139
207 155
122 81
164 105
36 45
85 182
205 14
209 202
187 180
2 44
116 169
36 193
1 159
187 143
13 179
31 149
98 186
119 151
141 4
124 43
179 103
121 3
19 167
87 86
117 79
80 40
39 197
206 197
16 92
193 173
138 145
206 105
117 198
50 64
18 144
5 199
139 77
30 72
93 97
209 34
149 50
171 129
208 136
72 107
136 107
