953
34 44
53 76
5 56
15 57
7 53
50 46
44 17
51 22
2 22
39 60
62 15
51 69
41 45
73 37
79 48
65 49
44 4
77 69
43 7
70 9
13 21
35 35
48 60
74 62
76 28
72 61
5 62
23 4
64 40
23 34
51 12
63 4
29 79
37 24
72 51
72 3
59 4
63 70
6 38
4 29
63 14
42 54
69 48
48 40
40 37
30 70
39 76
73 57
4 56
76 19
71 29
79 41
7 61
77 56
59 42
67 45
11 56
17 74
43 53
3 59
19 20
5 38
2 33
4 6
3 50
24 75
20 1
66 71
69 79
36 41
22 26
50 67
59 10
29 9
79 4
10 7
76 39
61 5
41 27
54 45
12 57
18 79
35 16
7 58
46 47
63 68
51 37
46 26
32 66
5 7
54 51
66 53
60 9
33 58
21 4
53 43
0 67
79 78
6 13
60 63
60 14
33 66
73 27
25 48
50 21
48 47
46 15
58 33
77 9
35 42
5 39
40 27
5 30
49 74
34 66
77 57
2 40
74 56
50 37
34 12
64 62
38 38
9 62
78 38
19 24
73 43
62 16
8 19
59 41
35 18
48 25
59 61
32 71
6 28
5 1
49 72
63 0
27 33
6 3
29 3
13 5
52 64
59 45
7 65
26 78
63 12
15 29
37 57
52 69
19 29
54 40
38 34
7 77
33 20
37 43
66 15
0 39
43 18
61 67
15 5
9 7
72 48
51 43
20 17
49 61
0 13
63 26
71 5
60 35
76 44
34 51
10 6
0 4
73 63
20 75
26 47
58 34
16 70
40 7
42 16
54 24
43 26
65 63
36 51
22 32
27 14
48 18
30 32
58 45
72 74
34 53
54 54
29 26
32 22
54 41
18 30
16 19
17 77
13 10
51 15
76 59
60 11
50 34
50 63
54 22
1 17
2 42
9 17
22 62
18 20
27 35
47 10
0 62
75 10
57 29
21 57
17 43
55 51
76 65
5 0
16 32
63 66
12 79
5 44
25 37
54 38
0 17
69 41
54 25
78 15
5 49
68 15
19 10
25 77
12 7
39 29
3 57
70 45
27 29
10 68
9 79
40 39
34 24
25 60
72 66
8 21
44 57
65 23
4 49
14 61
29 77
47 61
64 41
54 70
70 34
26 62
65 33
72 72
34 60
62 58
69 46
3 35
16 8
56 48
28 23
1 43
4 21
20 5
4 35
17 34
69 19
42 49
19 31
20 68
31 7
66 46
6 8
3 41
41 1
48 49
36 18
65 34
25 55
3 18
62 59
75 2
5 41
29 19
45 16
39 44
46 35
69 0
79 15
10 30
55 20
61 42
41 57
75 18
58 23
60 15
43 1
20 36
40 47
42 67
55 26
62 61
77 53
66 54
20 74
35 66
46 43
29 31
27 2
9 2
7 28
64 65
45 49
29 32
2 39
46 52
27 43
22 65
19 65
73 2
45 18
61 59
77 27
15 8
78 66
15 55
23 62
47 53
49 67
16 20
10 72
57 72
15 39
31 41
24 64
14 52
49 3
38 2
1 16
12 34
44 53
69 73
43 16
36 49
65 78
61 27
1 58
20 13
70 13
61 45
22 79
14 26
2 15
33 21
40 64
51 73
24 14
66 5
42 43
68 22
38 25
67 33
7 57
40 25
76 58
22 27
53 59
15 53
29 52
17 24
61 15
21 39
6 70
70 61
58 19
7 78
65 35
20 8
25 41
56 79
62 64
76 53
17 73
13 35
12 17
68 35
3 75
72 54
37 8
58 29
36 52
49 64
57 24
9 11
2 67
64 6
30 10
3 61
23 58
40 17
33 72
77 32
69 6
32 39
53 61
22 38
53 50
61 79
74 72
63 64
59 58
50 4
1 4
70 14
2 74
41 52
15 54
60 61
52 42
67 30
22 45
41 44
53 4
11 74
68 21
41 36
25 52
43 61
0 53
16 25
57 57
39 31
78 52
19 53
73 75
7 32
71 47
35 6
72 38
30 11
63 60
58 55
76 30
26 33
60 39
14 76
74 9
62 44
34 35
60 73
51 64
31 67
57 39
49 22
40 14
4 11
39 58
42 75
58 21
23 65
63 33
59 76
55 8
29 30
66 9
49 47
6 10
78 26
67 24
51 53
38 77
78 64
67 4
6 62
49 19
27 60
14 67
0 15
66 73
1 40
47 76
52 10
30 1
50 43
24 48
66 19
30 42
34 78
72 8
34 76
20 22
51 60
44 12
48 34
79 6
19 33
68 59
71 73
1 20
44 19
27 21
10 59
71 16
40 43
3 14
48 11
70 67
49 11
0 11
38 5
19 64
6 21
26 54
70 28
30 7
18 11
54 67
61 26
6 46
7 21
19 54
33 69
71 59
53 21
59 52
50 35
76 46
11 42
43 71
48 44
18 67
70 74
26 22
28 3
30 77
55 58
61 76
65 67
15 17
75 50
6 24
61 43
32 6
45 58
35 78
34 40
46 5
10 79
63 73
18 69
26 2
49 70
28 19
65 26
4 59
44 21
66 65
10 35
43 9
49 37
30 72
3 6
2 68
77 63
9 67
58 18
42 28
71 65
54 12
56 36
74 45
64 18
3 12
25 36
38 3
37 27
55 27
37 65
50 3
60 13
2 6
29 65
14 77
65 10
12 52
7 60
35 5
72 79
55 14
30 0
26 56
3 10
26 29
67 41
66 30
25 7
54 61
64 17
55 53
68 5
0 30
23 48
19 6
21 32
16 55
65 55
72 13
55 21
74 15
72 37
75 30
53 63
41 77
34 33
47 71
36 22
44 55
76 47
77 68
10 63
65 39
15 44
76 27
46 59
73 15
27 8
15 49
43 2
61 56
67 26
61 4
56 52
12 77
38 1
36 53
15 9
56 68
32 38
63 7
50 23
77 48
67 31
56 17
74 33
12 43
69 57
40 16
79 43
67 60
33 39
44 8
60 42
49 53
55 46
9 74
31 63
67 48
75 38
37 54
1 62
33 60
45 42
44 0
24 77
58 69
8 77
10 49
38 75
65 70
22 5
45 9
46 24
30 54
66 33
67 53
36 9
63 21
11 37
52 77
22 20
60 25
68 71
52 76
15 4
56 60
19 16
3 11
2 73
53 33
12 19
0 22
37 47
2 24
72 5
76 79
9 0
10 15
40 30
42 65
70 73
50 12
25 9
0 48
55 30
42 55
7 55
43 5
17 54
11 14
19 12
8 41
47 65
58 73
67 43
78 18
22 18
18 55
69 9
29 72
31 12
45 10
64 30
14 58
25 39
18 64
13 63
62 70
13 20
62 63
5 21
47 45
29 12
66 67
12 41
39 32
7 63
8 38
52 46
16 4
12 14
35 72
68 63
43 6
5 16
43 32
63 36
31 72
17 50
16 22
8 2
33 25
8 59
75 36
52 8
18 52
0 47
21 7
30 39
65 47
29 55
62 19
34 21
16 71
38 15
54 66
37 76
67 73
24 41
36 28
32 77
69 51
37 79
28 1
17 60
68 12
53 57
37 66
46 27
28 74
17 65
68 9
1 65
18 51
31 27
49 20
12 38
57 56
70 21
43 57
2 9
32 67
78 6
43 23
43 54
78 42
62 21
52 7
64 42
57 42
71 20
11 28
9 65
70 16
7 72
40 21
60 76
30 15
1 33
53 70
39 36
7 71
15 69
40 72
16 1
17 63
22 29
73 47
56 50
22 35
60 37
24 59
9 21
14 38
46 50
52 62
57 7
10 51
53 18
55 54
1 28
72 52
34 28
36 21
28 5
53 10
73 14
77 13
12 35
55 60
59 28
41 65
43 4
37 26
67 19
26 35
30 66
43 52
62 41
37 77
57 31
62 28
17 46
16 60
30 40
14 20
28 64
18 70
41 12
39 1
58 78
26 76
31 70
5 10
53 54
47 37
39 79
14 59
26 36
16 78
75 64
46 66
5 78
24 61
32 25
5 55
48 20
17 22
32 28
0 33
78 78
37 19
7 11
28 13
46 3
4 22
7 34
6 74
1 56
73 64
14 53
76 72
65 1
73 40
39 47
35 52
36 72
30 79
2 35
32 19
68 40
16 45
11 41
1 27
49 18
67 67
72 26
50 38
38 74
30 16
64 29
8 39
41 68
65 19
18 5
71 61
17 8
18 66
9 66
13 27
65 77
48 45
7 73
68 56
67 64
69 67
23 3
58 44
7 22
36 46
75 60
76 54
72 36
20 35
36 15
68 20
50 59
44 35
17 59
50 48
33 44
24 2
26 21
55 77
47 47
2 38
23 68
67 56
20 0
3 66
