8231
93 1
73 2
19 80
89 14
81 32
126 65
122 1
41 82
101 23
35 90
79 71
6 61
78 92
116 52
2 63
5 102
22 83
0 99
59 36
56 24
77 120
16 53
31 110
13 125
107 91
65 21
124 120
120 97
70 27
129 13
37 113
43 109
18 5
90 55
18 18
76 92
106 80
33 82
65 56
126 64
92 118
18 129
108 119
50 36
57 55
100 54
42 10
119 14
113 20
30 0
83 34
105 15
23 111
51 19
33 120
83 31
2 71
9 129
71 90
71 11
51 84
4 33
25 19
122 123
57 73
44 92
49 84
80 50
39 88
58 8
7 67
48 55
14 8
70 25
118 35
34 126
102 90
69 118
5 31
62 128
103 47
83 27
41 123
110 77
122 34
74 83
3 99
21 112
23 39
82 9
47 20
108 110
13 60
103 33
100 51
11 89
47 32
15 116
46 18
20 83
75 8
56 78
43 121
106 57
72 55
33 115
56 95
25 11
25 2
71 96
127 98
40 58
110 73
29 72
117 114
111 70
108 53
55 55
47 48
11 8
73 100
71 83
8 97
101 36
51 95
25 112
75 0
61 12
39 104
116 39
108 46
67 85
96 58
10 54
46 50
70 5
91 1
59 58
41 113
90 111
125 20
25 104
30 73
22 88
59 115
32 99
15 11
80 70
89 59
33 56
107 112
22 97
46 71
58 86
5 12
95 17
111 79
87 57
17 42
73 83
91 126
46 65
95 87
30 116
126 107
111 47
77 98
66 96
83 6
98 37
115 25
82 11
96 53
19 127
33 16
108 52
98 16
109 108
34 69
85 4
44 123
76 101
93 110
61 65
5 6
105 125
79 38
33 1
71 7
59 100
72 39
95 71
33 103
35 120
29 106
40 100
23 112
1 102
35 123
101 30
121 86
102 8
96 5
85 68
45 110
22 19
120 1
90 100
26 61
8 115
6 99
7 74
118 11
113 17
118 119
89 3
102 91
55 112
127 51
3 48
94 114
104 73
82 82
73 31
58 48
34 55
14 96
89 36
94 37
23 114
72 26
56 57
63 7
51 75
69 54
82 99
82 93
71 16
46 12
120 76
121 106
41 35
56 11
25 7
127 58
100 99
19 105
20 126
60 4
88 57
123 91
34 35
2 114
55 16
55 113
107 29
126 48
29 38
1 19
29 103
92 50
89 80
124 43
123 46
87 118
24 107
1 64
65 111
32 49
122 121
35 8
6 16
4 79
14 62
6 7
106 63
29 101
120 103
2 11
87 119
111 128
88 31
31 112
58 85
79 55
116 101
12 28
28 52
95 33
54 24
82 14
127 89
9 2
84 107
41 63
56 103
120 112
15 50
23 81
106 56
64 65
30 68
15 77
120 46
17 84
26 56
96 81
74 85
115 98
52 77
44 103
13 107
105 17
104 119
120 35
11 23
48 98
44 0
88 102
44 45
11 106
21 24
15 123
60 105
95 92
48 89
62 16
99 114
70 98
13 105
104 67
98 58
122 35
36 46
24 26
115 68
67 48
77 83
45 72
74 81
81 25
106 87
53 44
124 34
110 86
4 85
51 35
99 115
27 97
89 88
122 17
27 25
110 18
122 115
62 56
129 0
40 50
124 3
122 86
57 62
123 115
78 32
52 56
87 26
58 117
61 45
30 12
45 23
97 107
62 116
112 29
106 99
92 21
58 100
93 80
54 112
85 60
112 34
69 28
40 31
104 29
36 78
57 54
128 30
17 113
23 46
55 62
51 108
90 105
18 79
92 99
60 73
70 110
58 127
46 29
44 96
74 22
43 59
83 123
107 83
106 118
73 114
79 113
38 66
119 52
67 109
124 71
111 97
112 86
66 127
10 59
54 37
129 44
79 43
128 72
43 66
124 122
108 15
60 18
22 6
77 111
14 38
64 62
108 48
116 96
42 16
2 27
93 109
106 59
16 73
50 40
11 58
96 9
104 93
114 56
28 120
5 82
54 105
89 122
91 32
68 84
65 61
78 30
3 12
76 115
23 53
50 42
58 121
82 2
5 4
56 110
93 105
107 38
127 80
110 11
16 36
71 112
118 128
63 44
84 96
46 108
104 6
109 35
44 122
96 111
113 124
93 56
91 82
50 18
79 110
7 15
76 56
43 69
49 4
71 107
129 58
91 66
9 52
18 21
81 29
4 73
44 61
119 44
106 67
126 83
114 79
128 78
38 55
4 7
26 3
23 28
50 119
21 96
97 39
28 112
40 26
102 113
88 47
27 75
91 77
85 118
120 99
115 72
101 27
12 123
77 21
33 129
68 29
79 124
45 88
43 91
77 24
84 100
74 35
43 1
98 26
57 124
8 79
53 76
50 76
99 119
103 13
69 11
60 118
51 116
116 110
56 1
87 70
62 0
60 67
62 65
89 102
127 39
30 86
10 84
59 121
115 108
41 91
93 7
79 80
17 88
119 104
44 98
129 1
31 52
100 23
100 96
11 29
33 84
13 63
99 117
38 57
39 29
28 109
81 6
15 91
118 110
48 51
36 104
54 23
118 123
126 95
80 129
76 49
74 105
106 90
104 129
9 36
43 5
123 31
106 21
12 108
77 64
105 33
72 86
92 44
45 35
30 94
32 5
3 17
35 102
24 125
68 24
86 12
26 80
88 26
115 44
71 32
23 42
4 16
1 49
51 78
104 1
21 19
81 15
60 34
5 128
96 72
43 11
23 103
82 116
43 32
82 84
27 101
69 127
56 119
37 89
1 4
121 64
29 14
118 86
18 84
72 27
74 90
49 116
98 92
74 100
92 89
39 19
4 122
89 41
91 37
59 66
37 125
108 83
21 17
27 114
28 96
97 67
118 29
100 72
74 61
92 40
123 126
86 111
34 125
21 67
37 16
101 71
54 113
112 4
116 75
26 71
19 14
10 42
93 27
22 14
70 20
42 59
53 115
32 16
85 49
117 103
129 38
119 25
13 31
118 45
52 69
87 83
109 49
69 42
36 23
90 38
67 106
72 52
49 47
76 81
86 27
45 120
18 6
127 31
121 111
44 51
109 42
120 10
62 10
80 36
115 57
73 81
22 82
78 80
113 19
82 77
43 116
119 34
21 9
68 61
70 64
19 5
56 52
22 42
75 56
15 118
12 68
86 69
52 118
27 123
39 118
60 56
44 66
17 112
56 63
126 84
70 18
34 100
63 43
48 50
71 92
32 121
3 70
4 23
29 51
29 28
116 61
77 115
92 128
88 113
95 83
76 4
67 98
40 53
119 22
123 17
75 93
63 126
4 105
34 7
105 100
92 43
83 1
73 65
77 116
19 71
96 77
0 19
57 65
118 64
105 88
41 73
14 13
36 3
15 115
17 89
27 45
120 81
0 124
62 110
94 56
34 94
42 29
103 61
16 9
33 14
126 61
26 24
98 96
82 81
67 80
5 52
83 117
22 114
53 64
111 111
48 82
40 8
76 17
18 0
46 34
35 99
78 119
2 96
129 95
48 68
22 20
75 107
72 0
15 39
35 110
25 96
62 28
62 84
0 104
127 37
24 43
102 89
77 62
76 111
92 82
104 3
106 79
111 65
95 18
53 61
45 3
59 95
68 35
128 41
119 106
12 90
26 11
66 36
115 113
62 74
31 4
120 120
96 34
12 121
15 57
63 117
28 116
95 111
51 42
1 75
127 81
75 97
41 33
55 0
35 117
60 69
65 10
72 128
105 97
115 106
33 53
84 49
125 23
107 75
83 14
21 10
34 15
66 50
18 44
98 72
117 127
102 72
46 128
127 15
2 86
108 111
20 54
29 24
57 90
17 80
56 38
58 41
97 6
91 107
108 109
32 71
69 122
85 54
36 129
125 77
81 31
63 18
37 95
52 22
94 55
83 59
119 55
3 3
106 44
25 30
76 24
76 50
71 75
46 32
66 45
20 84
51 129
44 7
70 11
53 28
30 20
13 87
61 115
111 23
28 19
13 57
118 92
53 50
95 90
6 23
18 125
81 90
68 39
102 30
92 85
25 31
89 54
58 81
61 37
75 11
87 86
117 106
53 96
110 68
65 43
104 15
45 65
4 104
111 113
58 128
28 21
103 30
10 23
128 75
57 44
96 75
67 94
105 60
87 13
10 115
110 5
48 59
59 69
48 77
9 96
69 92
60 76
128 10
104 88
58 104
99 112
28 7
95 3
103 112
22 122
83 92
85 13
19 91
25 47
36 86
74 11
103 74
120 123
32 83
21 86
27 32
90 35
127 62
63 119
40 0
98 103
109 18
122 75
85 53
93 64
55 88
128 52
17 23
19 124
73 23
51 28
107 87
47 11
37 112
128 77
21 21
46 6
84 34
54 19
101 25
37 63
102 16
12 14
0 71
81 14
31 58
81 95
59 105
77 72
25 52
65 11
95 102
91 89
23 27
80 18
22 29
37 55
33 111
101 124
90 99
36 76
12 93
7 42
120 65
34 34
91 90
110 7
79 86
128 113
38 71
27 99
4 64
73 101
78 67
61 90
67 125
20 129
29 90
35 48
16 29
1 50
80 47
110 21
50 21
81 33
31 65
9 59
27 77
104 46
13 123
73 71
56 7
101 108
83 69
86 107
66 61
43 70
48 114
90 70
53 12
34 73
40 62
69 19
75 119
90 114
16 69
72 116
104 68
12 73
101 21
49 32
9 121
76 105
81 46
79 29
125 59
60 38
63 40
62 125
47 81
102 86
44 106
47 33
50 49
14 121
71 103
69 107
10 68
51 13
58 62
43 120
27 31
105 1
115 120
95 124
90 72
34 24
64 72
83 81
41 92
21 94
35 70
33 33
31 100
70 34
33 86
108 12
21 40
77 129
120 16
9 15
65 8
53 38
60 65
82 45
3 63
111 59
3 8
101 18
79 121
115 20
30 49
30 76
114 34
98 94
107 13
126 127
100 88
54 127
18 47
113 55
4 28
86 89
42 34
106 102
34 127
28 32
15 108
5 68
57 20
20 99
124 22
20 19
127 86
5 21
52 125
52 92
58 105
110 105
85 107
30 3
101 33
97 86
40 6
105 121
61 55
121 17
67 97
113 76
95 116
109 106
122 41
36 9
33 25
35 100
102 50
86 100
96 114
16 19
86 17
122 25
57 9
119 62
14 114
113 50
22 84
71 111
26 101
125 100
48 10
80 89
13 120
77 46
63 51
108 57
123 21
7 111
1 79
125 42
27 49
88 15
122 11
29 45
2 106
34 95
30 72
56 71
37 80
23 18
106 37
43 41
77 61
15 61
33 94
36 58
38 25
4 125
31 9
19 29
67 38
114 32
128 0
79 50
62 29
122 47
33 116
123 52
58 91
23 72
44 24
4 76
29 80
88 92
125 16
52 90
38 72
55 116
110 84
20 76
3 6
63 87
35 85
116 25
115 69
0 48
49 52
37 60
122 24
117 111
88 59
10 39
120 72
43 115
68 113
28 9
52 13
27 102
115 87
16 100
53 125
3 10
30 18
123 119
111 117
35 17
42 74
42 8
97 83
44 104
125 76
33 76
60 45
115 54
111 96
6 91
61 57
19 37
70 48
75 19
74 54
127 9
15 15
98 102
50 61
22 103
18 40
13 93
101 67
127 41
81 104
23 30
86 122
43 48
46 121
80 42
6 117
42 9
110 119
73 62
124 49
1 117
81 75
74 29
122 70
43 78
67 23
87 77
66 23
18 37
126 24
24 115
39 5
42 84
60 88
110 74
80 101
88 60
87 42
110 54
69 96
57 110
118 114
25 40
18 115
6 81
84 0
93 69
92 1
36 116
119 116
122 42
110 98
80 95
93 46
116 124
126 47
115 51
117 98
77 124
62 122
22 67
66 47
24 20
50 89
43 39
58 0
117 53
121 21
110 47
50 5
88 3
75 7
93 0
127 0
109 59
112 114
13 3
117 56
59 15
17 41
18 69
56 12
53 88
102 55
115 84
102 94
114 94
116 11
60 24
16 66
115 112
122 30
13 118
115 22
30 59
27 22
119 0
118 17
99 45
118 115
88 114
56 42
35 96
29 95
53 99
99 93
51 53
104 28
2 103
60 98
64 6
35 87
44 19
124 40
95 82
63 128
83 12
122 21
116 83
56 8
56 80
50 74
98 55
121 126
107 73
86 28
70 42
1 129
20 71
69 117
118 85
90 58
30 1
116 58
83 108
35 29
88 50
95 126
73 13
91 57
108 114
113 21
94 4
24 104
118 20
122 58
42 120
65 112
97 37
88 89
31 83
81 125
99 61
119 61
91 78
97 63
114 6
94 115
35 107
110 87
60 33
19 46
126 59
31 31
9 86
49 57
99 59
93 118
78 1
5 93
58 32
119 78
37 15
82 95
84 98
100 19
75 41
4 69
117 35
4 108
64 83
102 71
52 116
13 112
54 115
27 21
83 98
62 120
119 30
89 79
104 104
76 70
1 88
103 26
20 27
60 57
44 23
70 87
7 122
110 36
13 18
54 20
115 125
115 52
27 37
12 8
123 25
89 81
104 92
101 123
109 93
83 122
31 34
113 84
33 124
40 3
43 129
108 95
9 8
108 99
97 30
46 20
16 84
109 96
112 40
48 19
77 50
54 124
86 49
22 68
124 5
52 41
6 2
23 64
126 74
118 129
71 8
106 46
54 3
26 47
7 25
75 123
0 68
117 90
109 73
113 28
129 110
71 74
94 96
91 85
104 11
82 24
101 0
48 28
7 53
128 85
101 98
63 70
122 45
17 33
115 78
127 63
111 60
44 31
78 70
124 114
27 69
34 79
71 114
89 24
125 54
103 96
124 12
105 74
24 81
62 23
127 22
113 91
41 116
122 78
49 40
42 33
122 88
81 94
69 119
108 90
99 13
99 38
3 52
91 31
28 29
84 26
3 120
0 107
14 93
68 128
41 30
59 57
104 79
50 57
13 117
100 6
42 128
47 1
58 68
88 112
96 128
32 80
115 90
29 88
2 69
108 105
44 70
3 111
89 7
39 84
23 106
59 98
40 81
76 16
121 123
86 81
78 89
30 45
32 115
113 49
87 3
88 129
125 121
18 56
65 26
128 74
35 94
32 81
71 59
92 53
80 80
64 10
95 122
117 69
47 91
38 79
87 85
79 6
125 10
54 46
79 104
68 94
42 68
115 59
69 105
53 26
120 34
116 115
21 76
64 69
89 10
89 64
47 83
66 120
93 34
31 53
123 109
82 7
1 15
6 106
85 83
102 19
31 13
105 38
15 3
8 45
124 7
120 25
111 124
9 63
98 33
106 117
7 119
46 112
55 123
25 14
121 3
37 30
8 30
73 112
59 30
45 57
75 42
121 18
103 67
14 15
118 49
16 88
75 15
19 31
7 38
82 20
11 120
28 5
34 48
92 113
9 54
13 78
4 92
5 114
117 100
6 19
87 103
104 121
0 87
125 41
19 96
106 0
17 6
50 103
0 4
10 47
31 26
77 81
22 52
47 40
103 43
47 58
54 65
122 37
116 114
110 111
78 90
127 72
16 54
83 29
102 18
55 45
58 71
64 16
13 95
37 23
52 17
68 58
12 2
24 6
80 76
116 56
110 122
1 57
117 81
63 69
68 117
10 57
58 36
27 103
33 78
35 77
126 104
77 69
102 37
108 122
113 93
10 45
100 57
94 31
48 61
28 115
51 102
23 80
41 110
77 127
33 71
47 122
0 85
4 57
5 123
33 126
66 51
63 102
126 81
43 101
41 100
4 77
111 121
74 110
16 60
49 86
76 64
108 108
97 42
59 40
122 62
83 68
109 75
38 40
86 90
85 26
3 32
2 44
0 113
107 60
25 45
126 28
6 35
87 0
116 108
71 43
106 126
79 111
21 105
93 121
52 54
97 9
34 122
12 128
11 123
40 127
39 13
87 76
115 27
16 72
86 71
15 32
13 14
78 88
124 95
104 86
101 129
71 72
128 26
75 96
5 50
123 36
17 95
50 66
32 109
44 49
75 67
18 68
103 95
3 93
95 16
2 76
34 87
55 73
105 120
88 16
44 125
111 63
35 38
32 122
96 62
37 52
96 19
30 111
128 69
79 42
55 124
54 77
123 92
67 127
87 32
73 45
125 119
7 44
55 106
113 114
7 92
75 12
5 36
4 123
117 119
109 77
87 112
73 118
22 65
47 55
129 94
57 87
14 129
6 102
9 126
40 66
11 3
83 42
19 73
124 74
3 128
60 60
25 25
25 72
75 78
71 4
87 123
88 27
45 97
21 44
28 75
26 83
73 18
78 78
45 41
123 76
19 26
57 66
76 34
109 94
9 12
94 79
70 10
80 37
120 121
62 48
39 41
106 62
41 48
59 127
17 11
88 71
93 43
0 115
36 87
66 3
105 14
42 37
124 36
127 101
112 100
72 88
47 47
35 93
111 99
103 15
51 68
114 103
47 25
42 72
103 28
97 79
58 49
90 48
95 114
75 121
64 0
18 34
55 9
104 38
50 114
3 54
123 81
66 113
31 29
119 123
47 23
94 92
119 42
116 22
21 60
74 123
69 22
82 33
43 88
32 35
80 74
41 85
125 52
53 9
68 97
12 25
47 38
99 17
110 83
14 7
74 49
48 45
89 123
40 40
68 10
69 50
45 76
17 10
33 102
128 87
72 115
47 53
27 82
118 82
68 107
62 42
55 115
93 17
24 22
78 122
34 108
56 89
89 101
20 97
77 28
101 109
126 99
94 108
87 69
29 91
19 63
15 80
68 18
116 42
125 74
97 24
114 88
56 73
56 44
24 9
91 5
123 68
81 91
30 64
82 92
24 98
2 10
124 70
25 95
99 90
75 36
95 127
129 104
33 9
79 106
62 26
30 83
83 30
16 13
78 61
49 89
39 95
93 59
42 20
76 104
44 77
25 97
117 52
23 115
11 7
6 123
35 62
3 50
61 3
73 47
49 108
44 29
93 85
106 24
1 37
95 0
65 45
116 53
100 113
121 9
8 105
129 29
120 26
94 2
53 85
15 103
24 33
15 20
105 81
17 36
13 65
99 36
87 121
42 88
63 64
86 82
58 98
125 24
6 121
70 128
92 13
65 102
10 116
61 122
84 65
45 80
44 32
28 34
24 91
99 1
12 44
84 77
100 66
86 25
97 36
101 69
73 89
92 116
72 129
85 10
75 80
107 37
23 9
126 57
127 16
7 66
74 72
27 47
0 52
88 17
74 34
50 115
122 87
101 2
27 12
101 1
60 41
125 12
19 28
9 101
2 53
105 5
24 37
13 98
27 119
113 89
11 112
23 38
81 78
70 30
102 69
19 50
117 118
78 38
79 70
0 33
109 76
10 80
126 55
126 106
16 114
38 113
45 38
17 5
46 68
6 55
98 106
17 121
84 31
101 47
51 34
119 73
33 49
108 64
80 2
69 27
111 2
89 89
87 90
49 54
64 15
31 129
58 75
57 81
70 125
30 112
74 104
85 40
65 117
92 108
59 94
24 27
58 97
80 58
88 49
100 11
115 13
81 101
99 68
19 27
40 7
93 37
51 30
15 52
129 96
127 25
32 22
48 127
78 6
104 103
88 8
7 8
29 70
82 53
65 27
2 39
82 90
109 15
61 85
70 80
96 18
124 115
63 73
75 50
61 117
6 101
70 54
74 48
12 0
80 125
124 64
118 7
69 63
27 16
74 86
61 31
53 119
107 92
25 83
80 8
79 39
12 12
29 99
15 43
68 98
62 101
80 52
112 6
27 42
114 46
119 110
128 117
103 77
119 31
3 5
67 43
121 128
65 40
15 49
82 60
125 7
49 43
66 27
59 32
77 8
59 97
12 48
113 37
123 73
92 31
110 0
121 56
126 58
108 67
22 78
68 60
59 10
31 73
128 97
16 76
32 62
114 24
83 0
60 64
87 9
110 50
31 95
4 71
40 102
24 45
75 61
77 40
87 2
76 102
40 128
84 90
54 101
31 79
19 67
106 83
125 60
62 79
122 31
43 49
34 2
64 35
111 10
115 122
37 68
117 110
104 49
14 125
88 46
85 20
121 27
75 69
11 56
66 30
36 83
30 79
108 5
128 6
98 113
24 56
34 45
106 110
57 42
4 24
73 79
25 16
101 11
125 120
100 117
123 98
0 114
2 84
37 79
47 82
20 94
54 15
71 128
18 52
79 7
70 76
84 72
79 78
89 1
15 2
33 26
92 37
88 30
53 59
87 44
90 122
29 55
119 82
95 81
36 90
5 96
1 72
82 5
123 62
75 35
117 41
99 21
122 10
99 26
95 125
3 77
109 90
72 91
57 85
120 106
73 24
63 54
55 33
57 25
78 99
33 51
57 46
121 114
68 124
62 4
92 69
61 125
2 26
15 70
94 10
96 124
31 128
123 104
61 18
98 12
61 25
105 80
54 34
122 71
12 81
43 106
107 69
27 23
64 34
24 57
25 101
89 12
93 50
62 40
112 53
86 103
107 77
106 15
109 64
95 19
3 95
125 105
86 51
125 21
91 87
78 59
29 54
97 29
32 106
68 53
43 37
31 113
8 71
72 65
9 50
77 102
5 66
42 32
5 40
7 101
118 8
66 93
103 57
22 18
103 97
92 95
31 14
121 12
13 32
34 129
116 127
117 18
39 57
86 91
92 111
100 64
71 110
37 82
24 28
43 43
49 123
33 122
105 112
88 58
16 31
71 104
14 36
34 68
121 7
57 18
82 25
38 15
125 99
62 96
40 115
120 37
79 95
46 14
124 75
8 0
99 100
73 115
20 50
107 5
112 75
62 109
64 64
0 80
15 67
2 116
128 115
27 129
129 46
26 114
108 20
107 96
16 103
46 10
81 83
61 60
118 127
121 115
59 70
26 115
85 33
92 78
68 30
29 52
6 34
68 64
79 112
91 39
52 57
48 1
121 66
16 3
96 33
85 0
68 37
51 44
40 54
117 125
12 49
21 104
107 110
26 77
63 92
99 33
68 67
16 68
28 118
52 29
122 28
10 111
43 110
73 40
88 41
110 34
98 10
89 62
95 52
21 98
52 0
113 48
8 31
29 87
12 22
70 104
58 64
67 111
85 93
128 59
18 124
49 38
90 37
38 61
87 95
80 78
50 87
120 90
72 102
47 121
69 35
120 129
74 39
9 34
33 74
21 7
115 46
55 111
89 38
30 41
33 32
51 47
76 5
28 126
96 109
54 13
21 114
94 111
77 79
18 50
82 46
98 78
5 33
112 97
52 51
23 60
99 64
76 128
90 51
48 69
107 57
70 47
8 13
37 5
31 89
91 30
10 95
83 64
122 52
66 39
108 84
11 109
60 102
27 14
69 73
115 26
46 76
22 57
23 45
1 2
109 29
15 59
105 107
84 47
17 3
90 76
94 75
14 24
109 71
87 92
41 45
112 54
99 91
113 69
123 60
6 119
107 12
85 92
19 125
77 5
98 125
56 15
102 107
37 119
57 77
96 0
60 113
109 22
35 115
36 74
83 26
20 53
26 49
11 83
33 48
3 9
85 7
96 25
80 14
78 53
105 52
94 58
85 37
51 110
111 62
43 20
34 4
49 106
45 89
39 49
120 15
109 45
11 41
90 69
115 29
98 67
65 47
64 54
77 96
24 90
62 12
105 40
124 66
28 25
59 112
67 78
97 52
66 107
1 111
58 46
9 53
0 44
62 21
42 117
112 99
80 83
54 80
1 127
15 16
71 35
10 117
20 40
51 65
111 21
104 69
17 104
66 59
78 104
125 48
119 8
33 13
48 85
40 106
42 107
73 36
85 124
28 114
7 104
39 108
8 18
113 70
104 57
113 122
85 56
97 119
30 126
91 20
44 117
29 109
3 33
121 50
60 23
29 3
6 87
12 57
26 50
61 71
25 3
76 35
105 65
71 76
80 24
115 60
29 50
61 44
90 96
104 60
88 45
66 117
89 90
121 42
56 16
114 1
11 50
20 9
72 19
113 68
20 80
98 71
73 6
1 77
42 118
23 43
84 45
27 80
37 53
55 92
76 31
127 13
83 62
79 53
3 53
111 11
37 73
28 64
80 92
69 115
75 101
13 104
97 58
46 117
100 34
4 61
96 80
117 74
87 20
107 65
126 113
62 3
41 25
100 61
86 116
11 80
113 119
34 76
27 79
32 100
37 9
6 33
22 89
112 33
7 72
102 87
56 65
100 109
112 83
57 83
88 93
109 46
6 48
98 21
60 47
86 119
15 54
12 51
124 28
38 27
113 36
54 81
88 69
6 13
62 8
24 129
98 20
57 32
15 71
24 12
103 125
65 110
83 104
93 83
51 69
31 80
41 39
8 87
100 30
77 125
52 87
49 31
48 58
114 3
45 129
118 5
92 28
89 60
27 95
48 79
19 60
33 22
59 51
61 21
3 110
106 14
114 51
41 0
120 61
6 58
50 124
116 93
126 82
50 22
48 103
4 91
113 24
10 8
71 10
88 91
117 122
47 124
25 116
39 46
69 0
118 53
48 25
38 47
40 91
46 41
81 96
120 56
7 91
48 122
29 123
4 124
103 64
56 74
121 110
57 92
24 123
12 31
14 20
50 35
8 70
74 74
17 40
113 18
104 116
38 99
32 84
43 3
101 104
8 55
43 6
62 117
20 38
63 9
108 75
124 47
112 28
81 7
25 111
77 11
99 80
33 37
0 38
41 49
103 129
45 113
59 67
110 38
107 104
13 82
122 82
36 97
91 72
1 91
10 6
45 1
0 66
52 78
28 121
47 24
113 121
90 17
20 4
50 1
0 24
92 110
82 113
16 108
78 125
17 68
118 31
126 128
21 2
37 0
92 72
111 125
9 99
6 31
68 47
122 126
61 103
26 127
69 67
37 108
123 35
99 98
57 122
74 59
79 73
63 68
119 99
64 40
88 12
32 69
83 19
21 115
59 77
95 5
64 60
17 45
17 59
7 5
65 59
42 127
26 9
5 104
19 33
118 3
5 19
115 83
30 58
22 16
27 51
14 61
87 51
105 34
70 119
125 104
40 97
101 3
97 101
89 28
33 7
116 107
75 128
26 95
61 20
68 79
43 50
95 88
18 11
6 62
58 4
4 80
119 12
117 1
92 102
94 116
46 7
49 55
98 100
83 41
91 65
77 103
33 3
129 2
10 19
126 50
100 90
82 1
4 65
44 33
66 28
6 120
42 67
54 114
4 58
115 118
2 120
101 19
120 38
90 0
0 32
54 51
64 88
58 94
33 123
18 109
108 26
24 122
107 45
127 3
114 77
1 106
46 52
118 38
104 71
119 33
116 20
10 63
23 17
125 96
1 11
89 66
110 26
112 95
92 39
35 88
93 22
4 99
25 99
110 3
96 36
8 9
78 100
79 68
61 78
104 32
59 91
121 104
83 115
128 61
101 50
17 127
5 103
83 105
109 79
3 29
99 125
89 65
128 95
87 15
77 43
38 43
30 24
30 26
92 6
78 114
29 128
49 41
125 94
21 4
116 100
15 127
105 66
124 127
88 62
128 25
72 2
97 126
98 54
4 81
63 24
80 97
36 20
65 84
34 89
52 60
87 60
37 111
116 50
83 125
128 81
78 13
64 80
101 116
6 11
81 22
42 71
115 19
87 74
33 40
33 105
51 96
31 33
118 69
32 91
107 34
97 44
82 36
43 8
93 104
65 104
23 11
92 70
75 30
0 105
75 105
51 55
31 49
1 59
11 101
1 123
67 54
88 82
24 105
17 99
56 87
17 122
118 109
34 82
81 59
109 13
120 93
116 64
40 55
83 22
47 45
15 104
41 94
114 67
80 48
32 102
24 99
9 3
119 19
80 118
94 121
16 45
54 48
86 1
115 5
103 106
39 38
58 122
126 26
104 54
112 85
18 92
25 15
9 37
96 104
65 24
35 76
21 43
33 34
122 127
89 120
45 11
118 50
75 72
20 113
120 86
50 93
15 7
63 79
31 41
44 8
67 96
26 109
88 116
113 129
115 110
36 108
106 119
19 43
11 72
118 112
19 47
32 11
22 37
22 80
92 65
69 43
48 102
79 79
38 60
85 86
84 101
108 35
37 126
107 118
5 34
32 113
74 68
122 114
63 3
31 122
63 11
20 17
58 108
114 58
115 89
89 40
124 20
128 64
76 73
30 101
30 43
3 80
100 21
116 97
68 103
63 65
46 93
110 6
1 78
105 22
3 91
89 53
24 38
9 60
51 18
7 83
109 39
51 87
35 14
112 0
58 84
4 40
107 100
36 103
39 37
33 63
95 128
123 4
2 102
126 98
103 114
58 50
25 56
108 102
34 46
112 124
5 119
36 77
86 35
59 116
43 34
3 11
103 60
78 46
34 8
9 104
0 12
109 83
7 46
117 83
112 76
126 11
79 96
26 96
62 20
61 16
114 41
123 55
39 66
11 63
87 101
4 75
55 52
56 77
126 27
57 116
98 128
86 123
67 55
110 14
9 33
109 37
48 62
67 99
87 114
129 75
1 18
112 79
128 36
65 38
42 41
19 74
118 57
14 40
60 42
34 102
90 116
85 24
18 73
66 94
36 19
10 101
48 20
27 90
97 26
82 4
105 86
12 9
16 14
98 44
4 119
26 110
73 125
102 103
91 42
9 127
54 2
58 44
123 101
117 80
110 67
61 64
124 42
10 67
93 47
22 60
65 99
118 60
23 97
3 113
106 23
51 62
92 120
97 88
121 90
54 54
102 88
67 84
51 20
46 33
91 16
43 127
108 127
33 107
68 38
104 63
57 63
3 44
119 98
103 31
68 80
40 61
1 121
109 114
107 64
116 73
72 117
83 95
2 68
76 30
7 95
46 98
93 74
16 102
81 21
123 114
90 56
121 102
5 75
27 128
83 8
105 109
84 120
108 43
34 14
75 25
82 104
3 38
92 97
6 125
66 65
124 48
23 4
35 58
43 85
32 82
63 113
110 112
72 23
56 34
62 47
7 32
53 126
58 35
89 34
114 108
96 48
85 89
89 45
20 120
12 127
92 101
100 112
30 90
64 26
1 76
99 63
101 112
107 99
75 91
88 86
15 31
2 9
18 32
82 74
33 52
28 48
48 44
82 124
85 55
100 45
31 37
51 45
6 29
5 85
42 108
116 68
12 92
78 29
112 59
121 58
119 45
52 1
115 37
74 57
127 28
38 122
117 6
26 122
29 121
61 46
123 117
58 37
0 110
48 126
109 36
9 113
90 126
5 9
9 75
75 113
41 2
30 92
45 15
96 106
65 51
56 39
96 38
30 63
50 46
74 64
43 24
71 22
126 66
72 44
38 42
57 115
55 120
118 73
87 56
49 76
55 83
83 94
79 114
129 25
4 19
58 3
6 104
1 25
9 39
97 47
82 123
40 63
15 22
123 45
89 106
84 124
113 11
124 79
90 89
53 20
118 104
44 6
106 18
9 124
11 2
16 106
38 70
38 93
71 15
124 69
111 57
68 3
119 29
27 33
65 78
38 26
96 121
47 19
25 9
67 118
105 122
10 102
114 0
19 12
88 4
60 70
67 8
21 118
123 39
112 38
2 105
72 3
76 21
51 17
81 24
30 128
112 84
80 10
24 70
43 4
118 90
27 9
89 70
101 77
102 122
78 52
24 111
84 85
83 39
102 52
129 11
128 23
10 93
113 26
22 75
84 127
38 22
48 30
123 47
112 109
14 9
107 94
125 3
85 95
87 63
80 117
73 54
94 14
82 119
35 35
9 20
127 107
8 127
63 6
107 129
9 116
64 3
65 79
48 4
57 118
101 118
27 65
83 20
39 125
89 85
25 91
3 100
121 20
112 127
8 126
2 55
66 78
81 89
104 80
45 71
2 41
107 89
18 62
113 56
6 37
102 120
50 65
20 92
121 68
41 54
23 59
40 46
57 3
129 106
51 40
18 63
75 29
104 83
98 109
86 58
98 48
68 120
18 12
2 60
48 2
44 127
34 60
39 39
93 38
123 61
42 65
80 128
79 30
59 129
96 103
112 36
42 105
80 69
41 120
100 124
11 71
123 124
7 127
105 115
125 97
20 32
95 8
31 23
72 32
108 129
66 102
125 34
85 85
36 119
53 90
87 68
74 16
18 98
84 55
114 61
113 0
54 57
90 16
87 33
14 49
4 26
45 49
73 57
17 69
112 98
87 117
90 106
45 28
35 89
68 125
22 53
39 75
48 112
18 122
109 3
19 61
88 100
109 69
53 98
80 33
95 89
114 112
31 42
115 58
124 77
68 91
94 61
37 25
5 78
6 54
85 113
0 125
62 67
6 74
16 126
24 82
17 105
1 81
65 81
78 98
48 7
128 107
104 81
39 99
31 91
17 75
90 74
46 77
56 26
119 36
93 12
0 56
88 2
40 77
121 53
72 61
50 8
42 94
32 108
2 16
21 107
89 124
128 67
122 7
120 6
13 103
83 48
15 33
0 78
41 29
72 118
33 60
108 39
69 15
119 26
35 124
114 105
104 115
50 6
70 109
23 10
63 75
32 107
6 95
70 100
49 119
88 40
72 111
91 15
62 30
46 99
79 17
3 104
36 79
45 62
102 101
0 109
46 107
91 3
80 84
13 15
123 10
79 41
91 33
22 115
29 118
8 62
106 20
50 82
13 83
100 123
64 49
53 72
61 120
39 45
85 108
64 30
55 79
46 0
42 39
29 127
64 21
108 59
32 103
127 120
106 61
106 93
76 44
121 65
84 58
32 9
5 71
46 89
92 119
21 103
49 109
101 92
113 128
84 8
89 115
36 60
32 2
125 29
13 30
95 55
16 129
24 17
1 118
10 83
53 94
81 71
38 87
92 33
69 91
110 99
5 39
113 60
86 104
34 22
58 119
61 5
5 51
3 127
4 48
87 100
126 93
70 106
103 5
114 70
48 35
16 104
111 106
43 13
52 120
32 64
124 35
33 35
47 71
9 57
83 103
47 125
41 51
79 5
65 128
3 22
91 122
46 90
43 119
78 91
108 40
30 4
58 22
25 20
83 49
0 13
125 32
97 17
100 76
35 63
43 95
62 97
95 105
72 127
84 7
118 113
69 49
60 40
50 64
82 87
1 26
118 25
106 128
16 127
87 80
92 98
112 58
92 86
37 109
41 4
70 79
20 37
73 82
81 87
125 73
24 85
68 31
9 18
84 22
25 120
115 85
125 6
124 116
110 24
91 50
38 124
105 117
118 101
52 121
65 73
12 100
0 96
69 124
100 46
86 127
111 95
66 115
22 64
37 76
49 61
25 71
56 51
103 128
42 11
47 51
114 2
13 121
84 102
67 31
117 9
127 116
36 69
80 77
74 38
48 47
120 109
106 65
54 128
52 33
94 50
50 38
85 87
126 56
8 6
76 66
47 73
78 105
78 10
76 10
111 84
10 94
89 128
75 22
125 127
89 83
120 113
90 59
20 91
128 56
125 0
39 77
78 115
19 42
123 70
37 66
94 21
92 129
48 104
76 83
109 52
44 38
95 30
78 87
65 15
27 17
104 52
126 6
86 126
122 106
86 129
117 14
37 103
89 75
20 112
108 69
59 64
24 86
110 70
62 95
48 73
65 85
46 53
109 125
17 93
46 31
49 107
69 114
53 53
0 62
95 50
55 84
1 32
61 8
61 84
6 51
25 73
91 74
66 62
69 110
11 16
71 60
63 19
4 101
95 48
10 17
124 41
27 35
23 95
57 40
49 101
81 88
56 114
48 115
120 33
42 23
22 51
126 88
104 45
112 74
40 95
24 65
31 5
119 83
14 28
82 21
97 82
54 85
70 107
46 120
12 34
110 65
128 119
84 106
23 55
12 118
122 118
66 34
36 85
116 16
53 113
39 25
106 27
20 81
119 2
54 126
16 115
84 18
114 116
16 113
33 99
10 5
50 7
23 68
22 106
108 38
50 45
13 33
0 116
38 34
36 31
56 21
123 123
125 80
83 90
59 109
18 106
109 120
72 4
98 85
123 72
30 75
10 21
22 81
85 65
67 0
90 49
46 69
91 125
45 112
86 18
31 21
104 20
87 125
43 51
62 124
113 87
63 97
41 59
78 43
83 111
21 80
59 82
85 3
102 60
42 98
33 64
83 63
89 48
45 121
77 42
123 66
21 127
107 1
39 129
26 30
47 98
13 56
85 120
21 101
119 107
53 34
51 8
75 64
53 95
60 123
48 36
102 25
95 75
27 100
128 54
16 77
128 102
8 125
128 42
35 103
75 102
31 81
93 71
2 23
29 108
37 39
23 117
34 42
5 14
114 20
50 73
106 36
22 21
51 11
54 62
5 94
13 110
35 22
3 73
126 116
14 50
6 40
29 73
4 102
70 1
41 89
31 60
1 128
25 8
54 117
82 22
97 94
113 9
129 9
129 89
29 81
36 121
120 43
37 12
108 13
119 129
120 62
129 117
51 38
29 89
87 28
129 85
73 4
83 53
20 123
71 122
6 98
75 27
6 20
21 125
29 75
46 87
89 74
100 52
125 2
91 120
22 76
17 12
17 118
111 15
42 61
56 113
102 21
96 55
16 39
115 56
123 86
36 65
17 111
16 122
87 49
129 68
0 120
125 113
66 2
91 49
90 10
14 56
12 20
129 88
75 16
20 86
28 78
90 45
74 23
126 87
32 34
112 82
7 18
33 98
52 35
89 92
38 11
11 27
68 106
35 83
6 5
57 102
103 88
85 36
66 100
51 43
75 34
45 48
127 52
44 85
104 22
51 113
44 56
123 100
114 75
99 96
44 46
121 54
96 90
18 75
34 77
40 121
122 57
59 125
14 27
108 32
118 61
36 18
48 106
81 48
112 112
85 99
62 123
106 89
46 1
47 63
35 64
24 93
33 57
86 92
89 95
69 98
9 84
1 108
64 105
105 95
73 123
97 125
17 9
39 18
69 18
22 105
3 85
124 45
124 16
94 49
74 76
12 27
101 82
108 125
44 102
7 57
116 78
66 101
61 4
45 117
26 21
117 45
81 77
73 117
54 55
93 67
19 109
71 82
48 75
4 66
68 36
1 70
113 62
90 112
19 110
82 114
69 68
97 28
104 110
125 129
24 74
12 125
34 37
104 99
40 24
68 105
1 112
107 70
23 129
75 86
63 42
34 113
54 96
80 61
82 105
118 87
51 123
67 104
28 47
91 27
107 127
64 27
43 99
126 5
128 21
39 109
108 6
19 79
128 91
11 42
43 123
43 98
120 111
34 80
129 124
26 66
44 90
56 108
34 99
8 117
64 89
127 104
74 119
127 111
71 24
42 24
60 46
108 80
16 21
23 86
2 18
39 64
38 62
83 32
108 74
85 16
54 100
126 124
39 62
84 80
53 78
96 37
55 50
100 13
95 76
43 31
6 38
102 5
28 125
75 51
78 39
71 29
35 47
12 55
33 69
77 65
88 90
1 98
11 104
72 79
12 88
110 92
37 42
128 108
27 13
48 76
69 99
8 72
51 37
36 43
90 95
14 14
49 93
47 126
41 84
41 76
97 95
86 88
31 40
95 41
120 94
11 74
84 16
37 28
64 1
99 0
117 28
83 89
65 25
3 34
64 76
36 0
73 103
39 71
113 72
108 44
69 17
120 13
106 123
107 88
80 67
111 50
55 95
107 95
54 47
60 78
59 83
87 47
105 53
110 72
118 37
18 113
102 127
120 124
78 73
88 28
47 0
41 111
49 96
64 96
117 11
75 23
1 63
119 11
109 129
65 114
51 124
84 117
88 79
34 50
99 29
60 93
27 36
38 32
113 80
88 6
33 110
127 7
128 100
14 67
44 71
46 13
8 68
90 12
115 61
22 54
19 36
115 73
104 44
96 63
84 99
46 23
58 95
119 1
106 49
74 60
128 86
31 98
88 25
38 16
87 99
68 102
2 37
116 29
110 22
20 5
54 0
42 85
114 18
114 95
31 17
97 21
123 94
71 54
93 78
29 107
32 32
85 66
9 91
12 120
18 10
74 21
83 52
112 13
51 118
26 29
94 54
20 118
42 66
84 103
79 4
75 6
124 10
44 1
31 19
49 14
65 108
12 91
26 118
33 42
50 105
75 106
104 122
85 100
52 10
29 18
37 10
105 79
2 111
55 40
31 44
29 31
26 52
120 116
8 14
74 116
100 70
78 129
7 54
40 120
64 116
58 82
34 39
17 102
96 42
2 29
10 78
53 25
86 33
60 3
56 129
5 45
17 120
7 79
28 102
112 72
114 102
104 40
38 104
17 34
2 24
61 108
24 58
68 43
91 91
80 127
28 106
77 100
24 4
39 24
115 15
26 125
86 48
49 87
39 17
125 45
72 56
30 118
68 20
105 4
99 85
76 123
18 126
71 70
121 78
54 111
34 93
109 34
74 4
29 76
107 114
77 52
29 116
116 80
64 9
38 88
126 79
47 31
59 68
46 36
49 100
16 89
25 26
40 118
91 83
11 76
9 93
117 29
54 16
1 115
100 7
74 88
64 84
50 0
98 99
14 59
47 27
69 57
16 24
100 44
30 6
64 97
49 82
19 64
116 21
42 53
2 14
122 2
67 60
25 55
101 78
6 69
13 37
32 88
70 127
64 4
126 121
106 81
27 53
46 126
43 2
25 107
34 103
105 85
8 3
37 14
74 82
76 59
125 40
43 52
92 112
108 91
7 2
53 14
50 32
72 72
129 7
105 51
92 81
47 90
0 25
40 20
77 47
14 26
3 72
14 100
34 120
44 99
111 115
2 19
76 54
126 118
58 116
76 11
30 113
38 106
106 4
37 26
105 72
13 49
77 77
89 86
24 35
97 114
19 85
121 89
14 17
2 51
11 97
82 97
86 26
67 76
116 40
92 68
66 105
126 101
80 56
85 91
5 47
123 97
110 33
90 34
118 47
69 40
123 105
52 46
69 6
3 37
109 57
65 6
122 3
116 85
91 63
95 57
22 59
108 68
63 115
125 79
34 40
61 58
52 63
104 98
55 125
122 124
2 81
121 76
81 102
51 48
129 33
38 48
65 14
34 118
94 43
24 53
53 81
72 124
111 78
97 66
18 51
73 129
49 45
83 5
73 110
48 124
14 60
128 66
69 59
30 52
24 11
56 37
81 60
89 23
39 55
109 7
105 110
46 85
71 56
65 63
66 70
55 4
96 16
34 31
69 23
17 14
10 86
61 30
101 74
46 59
24 54
18 101
108 1
29 126
129 64
96 129
27 109
18 93
41 119
20 33
2 115
15 96
14 53
60 48
17 44
85 88
13 55
120 36
49 0
103 36
42 13
58 61
80 30
18 54
88 70
74 120
50 128
112 62
37 84
77 9
47 2
106 38
53 114
0 51
27 4
51 36
2 40
26 68
17 61
4 20
56 106
117 108
125 33
23 49
114 78
75 74
32 105
36 28
8 40
35 126
12 109
94 0
117 43
79 81
124 8
3 42
113 59
15 1
109 61
34 5
43 40
84 119
72 105
109 111
23 87
29 60
91 114
51 33
98 120
15 74
44 39
10 76
45 105
125 63
57 37
116 111
36 27
115 129
100 101
51 58
82 26
33 109
74 70
6 32
68 27
123 82
62 5
44 81
98 64
19 25
49 9
123 48
24 128
122 117
51 60
127 19
91 76
123 65
38 77
39 42
39 4
54 11
117 37
45 37
54 122
56 83
68 112
104 118
11 81
32 23
102 67
58 21
110 35
41 64
49 128
83 96
15 4
58 109
27 115
9 49
16 105
30 95
96 57
49 63
60 12
69 86
110 109
100 65
75 13
45 98
9 105
7 86
71 37
116 48
74 126
73 14
35 121
48 88
13 1
104 111
31 99
9 107
49 6
26 98
30 44
86 84
49 70
92 126
88 35
32 101
53 5
125 11
77 94
104 95
42 115
50 118
43 104
27 34
127 60
91 0
51 71
106 103
91 11
23 88
22 93
114 117
1 84
114 63
106 122
33 108
15 53
113 5
66 8
112 93
105 94
59 52
14 105
33 29
104 114
46 4
19 95
68 111
127 78
114 104
6 116
86 16
31 51
86 78
61 53
10 119
10 96
66 22
95 53
31 72
115 63
108 93
30 47
0 54
53 127
47 42
52 74
51 111
126 45
20 117
57 7
27 93
59 84
62 108
98 5
65 58
96 122
39 94
109 118
107 2
83 91
98 68
112 5
12 60
60 96
99 92
60 36
18 43
105 82
114 44
19 3
82 102
105 76
36 44
119 105
53 11
40 73
48 91
30 25
3 117
66 52
44 111
99 52
55 72
127 17
65 125
77 48
59 43
25 129
72 17
56 88
23 7
57 41
30 69
56 67
11 51
83 126
104 117
4 3
37 17
124 56
106 85
41 102
9 56
18 17
59 119
8 123
92 7
43 82
83 40
37 7
92 74
91 23
66 56
86 3
49 26
119 117
103 123
54 119
55 114
94 42
43 55
68 71
62 22
82 122
105 47
129 108
108 45
126 97
62 19
76 57
51 72
50 30
80 115
1 5
123 37
25 37
54 63
27 122
90 119
64 17
120 21
63 74
103 116
57 108
19 98
127 113
14 119
4 17
109 84
89 56
83 21
108 124
31 66
3 36
55 19
25 87
93 9
100 128
3 15
55 30
42 3
85 21
62 83
95 61
92 58
124 99
25 93
128 114
4 103
77 4
125 107
23 34
89 61
15 48
44 84
5 84
61 112
34 116
126 10
99 81
107 17
125 114
38 63
6 127
29 111
94 91
20 79
13 19
54 5
116 37
44 128
110 41
73 5
39 105
28 56
6 67
83 16
118 36
27 71
51 41
8 73
37 27
68 78
24 79
18 87
20 125
66 29
115 80
43 89
129 32
123 40
21 20
32 66
99 4
16 10
84 129
39 120
31 93
91 110
84 128
73 0
38 67
77 87
44 60
39 34
41 117
74 89
110 13
24 23
12 56
78 24
2 42
43 107
68 56
117 4
110 16
50 4
27 67
3 69
52 93
3 121
122 68
100 5
22 24
111 129
59 89
110 69
40 52
35 40
55 6
39 59
62 73
103 110
89 22
11 25
22 35
31 18
5 100
67 108
64 111
98 31
59 108
23 35
48 100
96 26
99 34
84 30
8 108
57 0
33 39
94 69
34 114
45 68
41 46
34 88
86 6
56 22
119 119
115 53
116 9
19 62
60 79
94 100
99 128
51 3
20 67
24 89
23 76
59 79
5 122
76 65
93 4
58 63
119 65
9 24
127 10
46 16
27 58
24 36
6 70
14 126
51 6
107 35
7 114
3 79
43 122
113 4
41 18
112 12
117 89
104 55
10 124
4 6
45 58
25 102
36 51
105 26
35 36
76 113
113 88
42 30
89 97
98 90
95 38
28 1
85 76
120 28
107 85
100 59
75 111
36 29
77 106
82 125
35 119
1 31
87 111
50 68
95 12
31 75
82 85
26 85
76 68
20 101
122 61
77 73
108 78
76 107
76 94
29 53
61 118
110 127
67 114
49 80
12 112
3 129
51 7
62 114
123 7
70 43
52 44
76 103
11 77
0 43
1 124
31 105
49 28
60 100
53 35
36 7
0 64
85 106
107 44
10 14
105 77
110 113
41 22
69 120
50 122
37 88
115 2
86 108
93 125
14 51
4 42
6 27
86 110
104 82
113 96
8 100
103 104
66 91
112 115
115 103
120 8
112 89
102 64
63 71
34 112
48 108
79 101
8 37
103 71
101 83
11 43
88 96
99 32
84 17
82 15
59 59
62 27
42 99
38 85
17 31
125 126
43 71
35 81
113 97
13 109
103 105
18 49
84 109
12 105
101 39
14 108
98 77
35 9
110 31
75 5
123 15
69 116
51 86
105 28
45 19
32 33
83 75
66 11
101 106
44 110
19 86
72 28
80 3
127 45
56 64
49 15
4 37
40 41
28 11
96 31
124 90
8 109
35 10
52 64
97 123
21 54
38 69
65 39
39 112
54 109
122 56
110 126
26 54
106 3
64 79
29 120
68 34
66 74
76 27
104 106
65 129
104 112
84 19
43 117
28 84
22 17
44 87
50 109
22 69
9 25
129 67
29 1
74 99
60 50
86 87
64 38
76 98
1 44
99 79
103 45
8 19
29 94
13 53
73 15
107 22
127 70
33 45
79 56
97 98
86 24
80 29
34 71
28 33
87 72
40 36
61 43
89 125
25 58
36 105
115 35
114 122
54 89
111 67
4 88
3 78
9 79
67 121
96 82
72 95
61 83
70 60
109 53
28 18
50 17
96 93
75 68
104 23
72 83
53 58
111 19
33 112
32 30
26 100
70 124
80 124
66 104
129 59
43 23
102 98
68 32
30 96
94 101
62 126
82 89
84 81
128 48
53 92
59 9
63 107
30 31
129 91
117 68
112 43
93 28
31 7
128 46
15 14
121 124
82 101
58 52
45 34
75 9
100 37
66 4
3 115
62 24
121 41
65 119
110 4
74 66
81 58
68 50
1 97
87 107
19 68
113 112
67 11
128 98
127 12
26 33
49 102
95 6
1 43
26 126
88 78
19 53
104 7
98 17
124 92
28 127
105 12
102 57
77 89
4 72
23 109
2 0
76 117
91 34
32 53
52 126
103 8
69 60
67 81
109 63
67 57
73 108
64 32
0 108
76 124
69 79
2 108
38 41
45 42
122 15
27 107
99 88
73 120
99 5
0 50
16 1
43 77
7 23
26 37
13 26
62 31
15 75
9 14
70 8
76 85
19 92
120 88
0 30
15 38
98 53
7 99
34 57
26 94
113 101
2 126
17 25
69 55
84 54
48 14
80 7
107 79
39 28
65 64
86 21
10 22
32 41
77 10
29 129
117 116
2 124
8 85
117 62
124 97
35 127
105 104
32 15
56 18
117 15
26 10
45 45
35 78
46 84
106 34
3 45
70 38
85 103
60 117
62 69
55 17
102 15
20 116
47 120
41 109
102 2
95 56
31 55
5 24
70 61
6 63
121 29
56 128
22 11
124 113
43 60
26 117
58 59
30 70
101 53
105 16
109 4
104 120
20 128
127 50
90 50
95 108
87 102
55 5
63 90
44 118
51 125
128 79
81 10
33 21
81 1
99 109
43 93
70 58
19 38
49 74
37 41
78 94
2 7
107 86
87 116
62 11
82 66
90 92
62 106
5 116
109 54
63 85
81 62
80 68
45 122
67 24
32 111
7 58
7 19
70 13
49 64
54 70
59 37
122 93
0 98
33 44
104 33
82 71
110 82
108 77
29 26
73 43
112 51
8 15
101 126
125 91
38 46
114 39
107 49
104 102
82 103
88 72
117 65
94 102
81 35
30 88
102 83
91 104
15 107
66 112
10 89
57 113
32 6
52 81
95 7
66 14
16 32
5 107
32 129
105 98
111 31
20 55
43 10
40 5
116 59
29 27
114 113
51 2
109 98
109 123
22 104
40 33
8 5
128 60
117 115
30 67
11 46
119 76
14 124
88 81
65 83
21 0
58 2
70 28
8 76
18 61
100 68
74 2
19 2
82 0
33 54
78 40
96 28
18 117
63 105
28 108
83 61
78 72
104 65
85 80
25 33
120 58
16 47
36 10
10 113
112 128
33 75
40 38
9 90
107 33
128 5
33 67
58 54
71 99
75 83
55 74
49 72
37 87
110 44
15 81
40 37
1 103
103 82
60 7
20 22
17 37
104 21
29 35
17 13
1 85
126 63
21 88
75 20
66 60
58 10
40 69
22 127
96 79
110 61
60 80
129 128
111 90
11 88
20 103
86 64
38 121
40 15
0 10
19 0
78 51
4 51
31 118
79 26
110 88
128 94
0 94
3 81
25 113
17 18
3 20
31 69
10 33
32 120
79 123
38 107
54 87
4 14
9 123
48 38
27 74
115 115
39 114
59 90
110 96
94 98
83 57
57 33
12 5
8 65
36 120
69 111
54 26
64 110
29 57
48 99
29 22
13 70
75 66
120 64
71 28
34 33
38 102
12 102
40 85
66 13
5 79
62 51
55 117
66 57
90 90
107 124
9 114
0 15
83 83
48 17
2 113
23 108
9 87
64 28
12 19
73 111
60 110
127 92
108 42
121 57
53 4
78 75
116 19
27 44
77 78
6 129
104 70
11 37
24 52
83 119
27 50
63 16
54 58
2 57
125 50
53 55
8 66
123 74
103 121
121 25
97 70
53 106
60 32
125 17
43 61
1 105
6 76
25 4
51 10
84 92
39 119
5 17
73 107
44 126
102 29
44 20
71 68
29 77
56 14
75 77
48 57
66 110
66 84
113 43
81 38
61 68
29 64
124 80
80 12
85 127
21 26
118 48
19 24
2 127
34 1
54 71
53 120
14 80
75 31
116 5
81 66
5 129
59 62
48 6
25 89
21 62
34 19
38 50
48 128
101 95
10 106
53 31
31 20
108 88
117 58
2 20
113 58
98 83
64 87
55 87
62 9
116 26
40 108
75 94
28 23
10 71
50 90
118 58
90 66
37 117
10 9
6 50
66 121
63 108
89 29
115 9
122 22
100 104
115 95
123 22
32 128
22 129
63 112
76 76
120 42
23 66
39 15
59 20
39 103
127 64
43 126
111 9
90 73
20 42
93 32
64 112
64 56
70 120
92 48
124 17
42 46
122 99
56 123
28 94
4 86
2 58
21 47
17 108
59 29
48 29
96 117
47 26
77 75
119 49
67 83
29 7
128 73
90 57
75 18
58 123
50 56
67 45
22 66
23 51
107 122
92 87
107 76
90 13
60 21
73 7
104 14
37 127
21 45
9 26
39 26
121 80
77 123
62 53
25 60
93 123
87 16
119 18
20 104
26 35
115 18
47 123
95 68
54 104
65 101
24 127
98 121
52 16
44 10
1 66
105 114
2 31
94 34
129 45
38 84
15 101
61 29
76 45
129 74
120 49
34 0
103 72
41 128
101 20
57 56
58 28
8 21
17 64
50 50
61 87
89 71
118 80
113 105
70 113
62 107
50 53
85 72
6 21
47 109
79 74
120 19
17 76
84 48
69 53
25 85
77 6
72 77
55 56
66 124
84 95
124 9
84 1
31 120
69 39
116 60
77 126
15 24
98 40
41 23
69 25
32 58
35 95
3 112
54 75
80 40
97 97
109 14
98 2
59 13
67 26
69 10
68 90
82 110
118 96
37 91
65 22
65 50
25 119
55 81
24 3
120 127
57 86
70 51
70 3
89 109
0 16
75 63
2 50
128 24
28 26
13 124
35 52
43 30
85 97
82 57
17 70
58 9
127 66
35 25
102 84
68 96
5 95
90 20
41 34
20 13
88 29
52 50
126 42
115 104
4 41
73 70
122 14
98 50
108 0
79 8
124 6
41 50
51 127
120 80
29 69
70 16
34 106
14 71
34 67
61 114
66 58
101 110
98 23
19 90
60 6
0 122
114 28
46 83
55 10
122 44
20 73
84 57
87 113
119 125
28 122
55 121
81 30
15 27
85 82
72 67
90 75
84 36
113 125
120 57
127 99
56 41
117 102
89 105
97 57
125 4
29 25
20 47
52 37
63 35
20 82
91 81
90 101
61 6
114 109
35 55
22 91
67 10
71 38
118 43
45 22
83 97
42 95
20 70
60 108
2 64
40 13
107 25
73 64
110 89
127 82
25 18
38 21
75 84
87 19
102 116
20 16
38 2
21 97
73 74
52 47
80 87
129 61
123 93
102 24
77 119
72 53
118 93
92 106
41 40
14 103
31 15
8 88
12 10
22 117
55 11
47 118
2 118
105 64
106 52
36 99
13 10
106 7
76 72
81 27
13 94
2 123
14 98
128 96
70 41
23 65
116 32
106 42
108 85
80 59
121 34
30 7
13 40
117 70
121 2
28 110
26 67
33 121
101 40
17 83
20 69
104 39
37 2
97 89
52 102
105 3
12 122
17 20
126 16
108 76
7 6
47 36
119 6
75 58
67 64
16 22
18 103
110 9
7 78
88 85
47 127
73 94
76 121
56 86
26 32
117 87
88 84
28 14
40 60
125 109
21 111
116 86
66 6
25 110
6 86
127 54
79 72
127 127
68 21
47 67
119 43
45 59
29 41
22 9
21 75
114 26
46 63
88 75
77 39
80 107
6 12
26 57
70 14
33 6
8 27
46 61
29 62
59 3
34 51
95 67
8 52
127 96
68 109
63 56
13 0
32 50
126 86
63 45
63 31
91 46
114 16
129 126
74 56
44 93
63 33
36 75
65 74
14 116
58 34
74 79
68 118
1 27
6 47
64 23
53 100
86 114
77 0
47 61
72 59
106 104
39 68
36 124
129 4
9 76
76 15
50 13
3 62
115 49
27 64
39 78
87 91
99 122
76 38
63 21
94 12
49 83
102 40
13 81
54 92
99 7
57 4
50 117
128 37
90 21
16 120
0 55
116 121
6 72
90 108
63 57
37 49
103 75
85 12
55 105
80 113
5 8
64 22
45 84
71 69
115 101
93 84
38 86
75 37
21 122
7 52
81 57
102 0
75 95
8 122
129 18
121 107
38 109
53 84
23 36
50 111
57 103
48 116
102 79
8 10
91 106
102 33
64 58
100 91
118 124
125 88
92 45
31 47
21 27
2 73
61 88
74 78
36 91
8 33
67 56
16 63
123 128
54 107
35 72
87 31
40 78
5 73
104 107
12 71
85 18
86 67
71 115
129 66
114 72
123 3
80 79
86 29
5 106
18 105
12 76
116 94
96 46
51 63
54 32
12 18
14 69
75 79
81 121
15 89
71 63
103 86
73 92
5 120
20 95
48 37
16 62
45 128
4 74
116 43
97 41
25 126
58 120
78 93
59 54
104 97
90 97
49 16
64 73
11 4
128 111
15 37
126 60
7 68
68 83
26 90
70 77
51 32
22 43
126 31
14 35
91 88
33 36
68 81
107 62
51 56
28 77
120 118
127 42
84 10
120 110
12 53
70 0
107 67
100 84
120 79
98 105
52 76
120 23
117 64
14 128
40 72
13 129
81 119
5 53
76 39
2 34
122 111
94 28
95 24
56 13
109 19
13 36
9 41
58 92
92 41
1 93
92 75
66 55
1 94
43 97
2 33
113 94
111 12
84 38
73 124
38 120
12 86
39 23
35 69
61 109
25 68
31 126
81 86
88 111
30 107
71 85
32 126
36 59
5 20
125 89
123 12
67 102
90 67
11 86
72 10
25 6
24 51
23 99
126 75
36 1
112 61
114 15
29 34
93 10
109 99
102 126
6 89
34 104
43 100
10 26
95 58
87 40
100 60
7 93
79 54
106 105
47 14
103 126
28 128
27 62
115 14
77 60
66 15
78 58
97 120
41 104
54 59
28 0
41 78
31 85
87 5
29 16
86 85
34 26
60 121
118 23
65 123
36 68
24 41
25 76
31 102
72 62
12 95
104 109
79 120
87 87
68 57
46 43
119 75
2 79
85 6
77 92
97 14
12 116
17 58
108 27
5 83
41 107
44 35
1 61
53 102
55 8
55 24
27 84
3 56
79 90
24 39
17 123
87 126
36 71
21 8
106 30
55 75
63 95
115 105
75 81
124 55
96 11
113 110
92 105
79 127
101 51
84 32
63 50
120 84
39 76
111 66
61 86
11 53
92 49
121 40
13 8
7 115
83 51
121 10
28 90
40 19
111 35
129 23
96 87
30 99
123 80
107 72
103 107
53 37
30 98
64 12
73 37
52 113
105 31
109 25
114 115
52 31
116 34
41 20
93 88
15 126
59 56
10 20
19 120
38 29
49 23
44 44
29 112
87 37
119 5
23 40
95 65
63 86
101 12
75 3
78 71
15 84
123 77
7 26
59 7
9 48
24 5
8 99
90 83
90 36
45 116
107 101
25 90
72 43
10 104
45 18
73 104
59 55
41 124
52 119
95 13
70 123
124 81
109 8
80 103
81 128
32 68
116 0
120 53
20 41
45 50
75 118
53 56
17 32
21 85
124 54
63 10
3 26
81 49
54 18
43 105
35 50
35 33
113 16
76 77
39 123
119 66
11 19
108 103
111 52
11 125
25 67
47 70
36 62
29 124
45 93
117 20
86 93
20 23
129 56
103 0
86 63
39 110
33 55
123 78
97 7
4 94
91 13
56 60
75 82
25 75
12 80
19 18
60 29
33 61
0 61
121 35
2 15
107 113
35 13
99 111
113 39
5 91
77 54
113 52
68 108
52 91
28 70
62 44
69 9
48 67
29 61
67 73
50 63
107 31
33 38
115 114
103 18
94 99
96 22
25 29
31 30
78 126
64 124
62 2
14 118
26 81
11 73
9 80
62 57
34 47
58 126
20 10
25 109
52 32
42 31
129 63
89 73
112 41
87 115
40 98
88 88
1 113
102 13
14 66
52 75
67 5
107 128
106 74
99 110
51 112
67 122
43 58
76 40
90 44
107 32
96 74
62 62
113 51
49 113
119 108
20 39
65 106
128 65
9 4
21 68
17 54
29 48
40 16
28 73
37 59
110 80
60 111
77 2
88 101
85 69
31 125
127 65
88 37
69 24
30 38
70 89
69 51
103 92
34 38
114 127
42 116
75 73
37 37
100 35
76 100
90 71
97 0
4 10
54 22
14 81
55 119
122 89
18 19
5 7
98 74
105 8
46 40
105 68
66 53
42 56
0 8
28 17
88 97
44 4
57 23
98 110
102 22
51 104
31 59
38 49
109 2
10 28
11 66
82 59
75 45
19 66
66 108
58 24
57 19
100 31
60 26
41 27
55 23
58 55
23 90
68 51
42 87
14 30
4 1
18 16
115 50
78 11
46 47
14 109
24 117
80 13
98 57
19 48
39 83
30 104
99 30
68 48
123 89
38 56
62 102
128 93
106 127
26 105
59 33
39 127
79 103
17 28
94 9
51 22
127 109
129 16
13 77
1 80
94 74
11 128
36 112
55 41
24 124
63 123
129 71
114 14
26 116
10 56
82 6
33 18
73 98
92 62
70 117
77 85
119 109
15 64
83 17
90 91
119 54
55 28
15 45
27 61
46 81
102 80
3 65
116 82
110 1
80 122
43 53
39 61
99 89
66 85
126 51
122 46
55 70
108 107
120 14
26 84
98 19
7 41
41 79
83 4
47 117
5 1
43 67
74 27
122 4
61 97
75 103
22 49
118 22
7 94
112 26
119 40
89 15
124 27
3 68
70 121
113 92
11 32
44 50
27 112
17 22
31 88
19 75
98 91
107 63
22 0
91 111
101 73
1 38
49 118
91 100
68 129
112 49
74 42
117 59
61 41
91 69
89 103
25 1
46 127
69 78
23 26
79 85
52 94
3 60
66 92
68 89
72 60
26 92
128 71
90 9
99 113
48 86
108 22
86 46
99 58
28 107
90 93
46 101
94 119
67 46
92 34
50 121
119 89
61 98
35 71
38 103
58 74
50 52
68 73
27 3
123 54
49 65
65 71
71 9
62 7
14 79
51 26
86 70
53 41
111 76
40 29
71 73
100 16
26 25
1 92
76 19
55 69
93 113
67 4
115 41
21 39
7 24
82 98
102 45
23 71
11 49
77 13
0 112
24 10
100 36
13 85
32 19
26 93
129 82
67 101
72 25
7 28
82 55
104 43
73 12
112 47
110 39
15 9
8 46
95 63
0 49
31 116
78 64
59 24
91 40
39 117
81 68
107 52
101 35
30 34
123 57
60 53
49 59
79 94
93 21
126 105
31 3
52 109
94 65
122 39
65 30
13 12
86 60
57 64
63 122
70 22
61 62
99 106
95 62
61 9
125 70
69 87
22 107
34 20
104 125
89 52
63 8
121 4
9 22
62 80
17 124
69 36
46 8
128 112
99 39
99 72
127 71
71 105
122 94
75 49
1 90
11 126
9 128
100 25
65 17
59 63
64 55
39 126
61 99
30 11
24 76
124 111
94 64
50 25
87 41
0 6
124 85
16 6
97 87
87 84
28 46
123 113
22 95
108 10
0 46
56 93
86 38
117 34
93 87
114 22
27 70
34 28
15 106
49 77
60 9
6 46
90 30
29 36
59 78
110 106
1 53
89 111
6 59
53 103
116 6
128 9
71 27
0 83
10 46
11 69
125 49
66 116
75 4
9 78
71 61
69 94
36 66
43 118
55 76
60 58
92 94
70 67
66 73
93 68
9 29
8 77
44 67
17 24
25 63
82 109
33 50
81 69
83 36
17 125
56 55
74 108
67 77
14 73
77 22
119 91
36 89
88 87
87 35
97 25
80 28
19 115
40 56
50 86
125 125
97 19
65 57
111 18
74 12
56 28
95 39
85 96
25 39
123 34
74 46
47 57
23 3
52 86
18 118
56 47
53 45
58 80
99 71
110 58
42 47
26 124
35 27
83 25
73 76
68 92
101 63
56 102
84 84
100 33
8 2
112 73
18 82
27 86
107 50
48 119
43 84
127 125
2 109
120 9
72 8
118 26
106 48
69 85
10 70
57 43
121 112
56 33
100 3
29 115
122 65
109 32
85 126
100 103
50 79
119 101
100 105
81 100
39 21
25 22
125 103
43 47
83 70
64 85
94 93
110 102
52 82
127 46
45 87
84 13
112 45
102 100
36 92
58 58
115 111
6 94
104 48
116 41
35 4
47 92
87 109
122 29
8 7
107 66
0 70
118 67
119 68
11 48
108 3
88 105
42 125
38 17
110 52
47 97
79 82
52 48
105 41
124 76
93 13
8 124
8 119
19 65
67 14
107 48
109 17
106 125
25 115
33 88
73 77
81 120
43 26
75 44
116 30
6 60
15 113
76 13
103 40
89 20
129 51
5 46
89 2
37 97
13 43
2 48
129 43
103 68
6 75
123 103
63 78
79 13
44 109
120 100
116 51
3 94
7 85
93 2
75 28
88 74
17 60
1 39
62 118
11 119
111 46
67 119
27 104
75 108
66 1
94 47
0 88
124 103
67 47
94 97
113 95
74 98
69 38
103 76
67 128
1 10
60 94
98 108
89 37
39 60
12 124
115 30
47 119
79 35
120 85
42 122
127 90
9 9
5 59
103 25
85 30
74 0
67 44
20 11
89 31
13 119
83 38
31 123
55 100
104 18
42 43
15 114
125 115
83 33
49 97
3 13
23 74
61 77
55 104
59 50
16 121
9 30
98 34
49 27
119 32
2 92
9 106
40 99
118 117
45 4
12 101
37 24
111 5
82 10
102 41
85 90
97 75
27 30
54 44
50 94
32 96
6 111
20 115
94 18
87 50
28 69
28 27
43 46
64 70
127 49
33 11
74 102
122 84
120 89
79 122
73 11
34 16
7 90
97 46
99 99
78 62
128 18
113 3
20 28
101 13
35 44
43 0
13 86
121 16
2 101
78 0
65 49
115 12
7 29
37 61
27 85
74 18
128 121
114 54
121 83
24 87
25 128
94 78
2 12
111 4
90 7
100 8
65 55
29 0
94 3
42 75
57 52
124 38
113 116
82 94
37 94
57 35
66 54
65 9
28 67
33 2
124 102
123 64
111 122
41 44
84 69
95 60
120 96
125 53
51 49
129 118
88 19
46 35
116 1
77 18
111 93
44 18
89 49
42 51
98 35
41 105
92 11
113 82
68 77
102 23
120 2
50 104
44 48
115 43
91 117
35 118
114 106
42 110
58 67
125 8
77 51
105 62
40 28
94 67
72 16
16 74
36 2
120 27
26 8
128 40
7 36
126 23
103 108
66 97
87 96
74 118
128 7
119 50
60 0
82 8
52 58
55 107
41 61
77 15
31 0
92 27
24 118
55 71
5 42
38 126
116 44
61 38
52 61
96 52
80 20
20 124
129 40
19 103
102 114
26 44
15 92
124 89
105 124
55 43
12 6
127 74
79 47
95 22
99 22
46 30
49 112
94 30
110 108
53 2
15 90
99 75
44 40
102 129
112 111
7 129
8 60
53 43
113 54
59 44
123 26
69 32
86 14
22 72
74 28
39 93
80 108
30 87
63 77
112 69
38 54
124 67
20 1
100 43
100 58
74 15
13 5
55 91
6 43
27 124
58 72
109 66
15 121
121 63
94 122
114 10
127 85
11 117
34 62
82 118
90 1
51 29
81 74
70 37
112 10
2 47
129 49
30 40
39 89
8 113
18 102
34 9
114 4
31 94
59 47
123 112
85 58
78 63
110 55
75 124
64 31
44 112
20 6
16 41
86 39
78 26
90 84
30 119
27 105
71 71
24 101
84 64
47 35
89 110
102 85
5 124
101 55
114 17
92 14
32 55
77 7
2 62
104 26
74 129
106 94
58 18
73 122
96 44
127 129
58 45
51 82
58 30
9 28
111 22
4 113
116 55
64 114
11 108
98 65
36 96
127 20
115 100
91 128
66 83
121 96
32 51
99 28
14 91
109 127
20 66
112 63
58 11
12 50
30 10
22 30
16 97
116 117
15 73
85 9
32 43
126 78
39 47
1 7
10 100
16 87
103 81
36 98
51 15
106 73
14 63
54 93
36 12
55 122
11 93
73 17
118 28
128 58
48 21
114 73
57 58
8 86
91 101
55 126
124 100
109 128
53 71
69 84
45 74
107 115
34 13
38 10
2 22
121 48
91 124
18 3
118 70
77 114
70 15
85 109
11 118
54 6
110 57
74 96
82 38
61 105
57 79
51 46
47 56
41 103
15 41
3 47
64 100
17 27
37 45
35 57
84 105
77 70
41 11
108 33
48 94
63 81
117 39
51 74
8 90
76 120
48 41
114 11
46 66
0 81
88 10
7 102
69 100
70 78
93 76
53 18
19 93
98 84
44 36
19 107
82 42
105 55
127 77
47 21
57 60
3 49
39 79
67 52
88 0
4 90
26 15
1 47
99 16
117 79
40 9
81 5
32 18
71 30
65 93
91 96
41 47
95 101
92 84
97 90
127 110
99 2
81 97
68 46
61 15
127 105
71 52
16 81
46 105
119 47
75 104
81 45
51 12
71 108
97 50
93 24
5 98
47 9
30 100
43 96
57 36
27 27
111 126
32 8
42 102
126 123
121 71
87 25
109 117
75 122
102 128
59 74
67 68
61 70
4 29
49 19
42 91
40 79
16 109
39 0
40 90
45 8
76 62
27 60
24 49
71 6
25 43
54 17
50 59
107 42
64 106
90 40
87 94
60 10
42 48
32 1
79 22
73 73
106 96
129 127
99 43
35 49
75 92
99 57
12 43
69 4
109 86
127 30
91 7
73 61
98 38
93 70
26 31
39 12
64 11
115 48
48 12
21 126
110 8
124 19
126 7
48 65
35 54
83 47
22 27
99 84
47 105
91 94
123 118
42 69
81 19
16 118
98 98
66 38
85 57
85 81
126 17
8 47
44 88
37 81
116 103
101 125
125 39
110 123
96 84
28 74
46 28
11 13
51 51
9 32
15 19
43 28
76 52
97 33
47 108
64 90
128 129
118 102
1 65
45 31
54 66
21 14
94 129
25 13
62 104
43 76
50 51
46 119
123 125
30 53
43 27
83 11
74 20
90 2
4 107
16 71
3 106
119 121
7 11
55 54
111 48
3 67
121 108
6 79
10 77
65 29
38 110
19 69
21 129
77 110
99 46
6 14
101 102
119 39
48 0
26 48
127 69
86 73
81 105
97 99
100 80
83 7
88 127
34 97
55 66
73 97
53 36
21 56
99 6
114 27
90 52
46 62
34 78
107 102
13 21
82 68
45 25
23 110
3 102
57 70
51 80
93 128
101 107
45 70
56 79
54 4
42 35
35 39
120 125
59 113
14 29
85 122
59 6
78 48
2 28
57 27
58 83
129 90
7 43
63 82
0 89
73 119
84 63
51 105
59 71
71 51
49 56
71 89
108 2
55 99
61 66
25 84
106 47
103 10
78 4
109 100
104 87
42 96
0 67
105 2
65 65
118 59
82 62
120 92
72 84
62 32
82 18
59 61
99 44
13 115
104 123
114 37
42 15
55 14
47 16
5 76
121 120
84 25
129 120
114 36
85 35
81 93
73 105
40 43
118 1
3 89
79 12
123 44
7 3
125 95
112 107
60 77
15 62
58 93
52 21
68 2
51 4
20 93
41 129
22 44
120 24
118 99
64 77
16 110
106 75
19 94
23 78
53 123
56 0
96 41
64 101
33 97
126 68
13 127
117 55
97 76
36 53
112 102
114 19
27 78
92 127
66 66
126 80
41 6
85 47
120 126
45 114
90 33
51 90
32 56
69 44
105 71
99 14
120 122
74 41
126 85
94 40
105 30
64 82
113 100
109 92
16 7
56 46
2 61
54 120
28 13
10 121
89 78
75 55
112 46
40 34
59 48
12 115
94 39
1 99
19 114
3 74
122 6
129 30
121 52
109 74
53 32
10 114
10 60
45 39
72 76
114 62
14 1
54 83
18 89
100 121
32 127
32 117
22 71
4 120
89 11
100 20
13 59
92 96
38 95
35 79
103 14
27 48
83 45
37 69
126 4
111 61
114 85
81 55
24 2
88 125
81 4
127 97
68 69
0 14
116 12
67 9
129 122
53 97
93 54
79 2
66 67
90 5
32 76
111 112
116 63
84 121
76 82
117 60
51 59
44 95
85 19
113 74
25 44
44 15
96 61
40 107
3 96
114 91
115 16
65 41
1 68
96 126
83 84
69 7
108 97
90 63
68 9
93 90
20 20
85 128
110 17
65 23
53 82
62 66
41 115
126 41
90 29
22 111
42 62
96 86
37 35
57 51
77 49
12 54
85 74
20 12
37 1
65 77
18 26
113 33
70 12
83 28
15 85
70 68
23 116
36 125
21 15
92 57
104 78
75 57
34 49
31 57
68 52
91 103
43 7
128 88
49 69
78 3
50 100
56 105
67 95
11 5
32 17
7 71
79 10
24 18
115 92
87 53
89 116
46 9
76 114
90 117
19 88
58 96
29 125
4 45
50 81
90 115
15 128
17 81
87 62
110 81
121 36
127 117
28 111
75 38
79 21
6 128
30 127
109 50
52 66
1 73
126 62
84 4
19 34
19 117
81 54
65 105
22 86
126 114
28 12
89 91
104 2
74 53
107 59
1 14
117 88
42 25
90 107
103 90
116 8
49 90
113 8
79 0
67 18
93 63
54 31
85 29
114 119
4 128
79 92
121 59
116 24
59 73
126 112
36 32
81 18
30 56
59 42
50 96
76 6
37 6
6 65
69 103
1 82
9 47
75 99
28 101
