651
24 30
5 21
36 3
10 21
8 20
29 31
31 18
37 27
42 9
4 49
23 17
36 17
32 26
11 26
16 1
44 44
48 19
48 31
34 1
26 43
32 4
19 1
24 31
44 35
23 26
11 17
32 10
34 30
1 34
7 6
17 41
6 37
30 30
44 36
45 39
17 31
29 42
18 36
19 8
19 25
33 13
8 7
49 41
18 29
45 24
26 19
41 35
46 45
42 45
23 12
12 30
27 6
15 5
11 48
29 32
48 14
25 2
43 31
17 48
2 3
48 3
29 46
39 12
1 41
3 9
23 39
47 40
22 8
20 26
43 15
40 8
41 37
24 10
20 17
7 31
0 2
19 19
44 49
20 19
38 1
8 3
29 25
21 9
12 11
32 36
42 31
40 33
15 34
28 26
11 6
3 31
23 1
42 28
35 7
36 9
48 35
34 9
14 1
48 17
32 33
47 36
17 20
18 45
1 6
12 5
31 11
26 42
31 29
22 0
6 13
48 49
7 49
22 48
28 24
1 43
17 4
33 23
23 20
9 13
46 10
11 28
30 4
41 43
21 43
28 2
48 40
46 15
7 30
14 11
5 38
11 24
8 8
10 8
40 13
19 31
1 29
34 11
37 7
15 49
8 15
23 14
2 37
14 23
39 43
19 20
45 44
27 5
30 18
21 15
24 40
44 33
11 14
7 39
41 49
34 31
47 41
46 5
15 12
10 23
33 12
34 29
13 41
28 41
17 27
34 0
2 4
11 47
27 30
48 25
6 12
8 33
2 13
36 49
30 31
24 48
19 34
47 10
40 14
29 16
45 23
36 8
7 26
30 1
46 28
26 16
13 16
26 41
24 19
47 16
15 20
8 5
45 9
48 1
35 9
42 14
8 49
22 38
8 22
32 38
14 13
7 34
41 13
16 36
9 41
45 15
46 31
46 18
19 24
12 1
49 49
41 24
21 41
37 5
38 34
35 2
46 26
22 14
10 30
10 43
44 8
26 2
4 10
11 35
18 1
34 49
24 12
20 45
34 44
45 31
6 16
6 38
17 46
0 9
14 22
43 4
9 2
22 6
42 21
47 44
16 15
22 22
44 16
45 48
33 31
48 41
3 37
22 31
2 17
45 1
40 5
10 48
37 44
22 26
32 0
43 32
5 37
34 35
6 31
20 6
30 49
17 0
2 18
48 9
9 1
40 21
3 12
22 44
44 14
25 8
9 33
20 8
42 11
48 26
28 0
44 18
16 44
21 19
15 27
30 11
45 17
5 8
44 40
46 16
46 24
41 6
20 1
8 11
29 1
34 45
25 3
1 21
9 6
47 47
7 4
1 39
2 14
36 23
18 49
30 14
10 6
28 7
28 21
6 35
1 5
20 7
16 37
3 11
22 29
32 46
1 45
39 22
11 42
33 14
45 13
31 43
37 3
20 9
3 41
25 15
17 47
41 31
18 33
34 21
15 2
8 2
32 18
26 22
29 29
2 15
29 49
40 3
19 32
31 23
1 42
16 17
17 28
29 3
29 36
8 37
47 38
35 3
38 40
16 0
8 18
34 28
19 46
18 17
6 33
39 8
31 44
11 16
20 10
13 32
48 28
36 13
28 6
3 26
6 47
13 8
39 7
15 28
49 14
11 21
10 28
16 27
39 37
29 14
40 9
10 46
20 11
19 18
48 15
5 20
10 36
26 0
46 46
38 8
0 15
33 37
46 20
37 40
33 39
38 5
33 17
24 39
35 17
25 6
41 46
38 26
26 34
21 11
42 13
32 14
40 44
49 0
46 49
36 22
44 3
45 30
0 44
11 43
27 25
19 7
24 11
49 20
4 0
33 47
1 48
0 23
0 49
37 45
32 20
37 4
21 3
32 44
43 25
5 27
33 24
36 15
14 25
48 48
9 15
17 36
18 16
38 0
46 29
13 12
2 45
5 18
2 42
31 42
38 38
42 18
3 29
27 16
34 24
46 13
7 32
33 26
26 26
36 24
35 49
47 19
41 32
45 37
25 28
18 27
43 22
19 2
7 3
34 32
0 29
33 49
34 5
24 27
5 36
36 30
38 29
47 17
1 20
44 45
32 28
13 44
10 3
14 17
4 19
42 42
36 6
34 16
37 28
16 29
14 47
4 7
44 7
16 39
5 23
2 6
32 8
18 2
3 20
2 9
14 3
41 8
8 9
0 41
29 41
30 43
10 37
45 16
38 6
38 43
40 10
12 13
37 22
36 42
15 17
22 30
16 14
23 6
9 35
25 19
37 26
34 17
45 32
8 26
16 48
6 44
8 32
18 9
27 2
12 36
35 6
47 23
3 14
32 48
35 40
22 28
28 47
13 13
25 14
27 18
41 12
21 29
30 17
27 14
49 46
10 20
46 47
17 49
33 34
5 41
14 41
19 37
38 44
18 12
44 38
29 0
5 16
39 17
3 1
49 4
22 43
47 45
49 45
9 32
0 34
9 7
39 30
35 46
20 36
4 18
8 17
5 30
33 22
25 43
29 43
35 1
40 35
13 14
42 43
43 18
44 26
25 27
29 35
36 27
25 32
33 8
38 23
18 44
47 11
12 49
19 29
2 44
35 5
22 17
25 10
14 5
37 41
44 47
22 49
24 26
33 40
22 7
35 34
33 43
46 25
35 11
31 22
0 40
30 12
34 34
27 8
31 32
17 3
23 40
38 16
13 28
41 25
43 45
49 5
40 28
37 49
11 44
2 31
23 45
47 32
11 20
27 10
25 34
39 15
43 24
31 37
19 21
20 49
12 42
35 4
28 17
40 23
12 18
4 46
9 20
33 15
4 5
30 13
30 36
34 10
40 46
6 26
31 38
35 36
13 49
35 32
3 47
30 47
18 28
25 39
21 7
43 46
43 36
31 9
35 37
7 21
24 24
40 49
40 16
20 32
39 6
29 7
35 23
2 8
27 22
