984
4 47
77 33
55 20
76 31
76 60
17 37
64 40
74 11
51 35
69 9
30 40
23 56
50 18
14 16
40 21
33 0
64 74
66 59
1 20
14 57
53 71
77 65
41 44
26 45
54 63
63 13
65 5
33 47
14 20
77 71
22 22
9 42
77 49
53 61
39 12
15 9
45 74
12 25
24 7
25 71
43 33
35 46
35 9
72 43
34 65
63 65
7 46
79 29
21 34
43 46
9 26
62 74
72 58
28 75
32 14
42 57
57 34
58 30
49 72
17 75
16 16
75 35
36 58
44 17
7 33
18 46
15 44
70 13
23 40
32 3
1 13
6 49
58 15
42 59
75 48
50 3
33 4
38 77
14 44
60 39
13 49
71 44
28 71
47 60
14 0
30 35
40 65
13 29
71 14
45 72
2 51
33 25
13 21
5 51
25 0
37 37
9 5
70 2
65 63
70 21
66 22
10 61
66 9
0 25
54 14
71 60
73 28
8 23
50 59
57 25
67 60
46 10
25 18
5 57
1 70
51 67
48 72
42 63
7 8
40 4
57 79
77 23
6 61
58 22
22 9
25 74
15 17
4 12
7 37
42 27
52 43
46 27
1 23
35 48
8 66
8 60
39 40
29 26
47 21
49 64
65 47
8 6
12 29
63 25
22 48
17 51
58 49
39 34
72 19
79 24
50 71
38 36
55 0
44 10
49 0
65 4
6 45
77 51
9 19
37 41
37 58
39 31
17 70
34 7
65 64
74 75
8 65
27 36
74 35
78 29
74 41
55 69
20 51
25 26
6 57
47 0
11 69
35 56
79 21
78 74
1 29
21 49
59 55
69 49
20 15
75 5
46 49
37 54
21 59
14 55
60 74
66 26
12 49
74 60
21 22
74 37
64 41
51 72
42 48
74 78
37 10
30 49
2 36
8 22
53 1
50 27
20 31
66 2
11 52
73 16
59 9
0 34
27 35
55 70
5 63
74 69
0 6
35 79
3 3
50 25
39 79
55 22
28 8
2 39
57 36
3 10
5 1
38 31
23 4
42 45
34 44
72 51
44 25
14 37
45 38
64 39
41 21
63 27
10 52
16 77
14 17
43 42
48 42
3 52
38 3
34 46
46 24
15 37
36 3
79 23
35 37
46 20
13 52
43 13
7 23
53 0
74 64
74 27
13 59
70 10
69 77
72 3
73 3
37 34
48 68
22 15
17 43
42 36
25 9
73 8
1 52
20 11
62 12
32 2
64 1
43 60
33 5
39 45
54 67
55 30
75 64
77 64
22 36
75 63
73 67
14 10
30 8
23 13
53 14
49 6
44 1
4 9
54 58
43 12
5 34
9 46
49 73
49 63
56 59
7 26
68 69
4 55
29 64
19 40
0 60
72 71
24 69
22 21
23 3
4 66
26 20
35 52
72 74
26 77
20 45
33 28
58 74
48 58
11 70
79 35
36 5
56 43
28 40
27 51
27 50
32 53
66 74
56 55
7 30
2 6
32 10
56 18
27 37
75 74
21 21
41 62
0 57
29 23
5 58
64 13
57 49
71 26
42 44
49 23
55 52
22 38
71 18
13 60
65 66
61 15
27 0
29 15
33 13
35 10
29 20
46 59
73 13
65 9
30 61
22 16
57 4
66 15
57 12
9 73
78 75
2 27
57 65
7 22
41 69
64 23
46 23
52 5
73 74
61 63
37 6
25 58
7 73
39 60
46 18
2 37
56 29
3 23
52 25
47 35
15 58
38 76
58 79
15 11
14 12
34 68
10 16
37 57
23 10
15 71
3 78
69 52
15 40
8 1
39 8
75 67
22 20
52 11
62 17
78 17
2 23
36 61
38 35
0 64
50 60
33 35
32 61
54 73
28 33
1 14
12 24
20 23
15 60
62 21
55 64
79 4
63 12
38 49
75 50
31 54
25 29
63 42
71 71
44 74
75 28
1 25
53 65
79 13
36 63
61 62
13 76
15 8
24 50
1 15
66 31
10 38
20 64
57 29
61 75
17 29
23 0
36 65
11 72
15 69
20 72
79 22
28 78
42 67
8 31
44 45
6 53
18 57
18 3
58 51
19 38
63 15
60 17
0 47
7 44
55 12
69 79
30 3
25 19
60 69
58 66
55 66
33 15
52 76
66 72
13 63
38 13
39 5
59 71
51 21
66 27
40 44
22 59
2 32
69 36
6 22
62 43
72 50
41 32
54 62
65 6
19 9
40 53
18 77
68 60
64 32
42 6
15 51
69 51
76 3
28 23
1 60
74 46
11 13
43 72
33 27
39 43
65 59
35 23
65 69
38 38
39 42
26 33
2 22
61 77
22 1
5 37
14 69
17 31
36 53
47 5
73 77
40 11
71 46
54 69
56 74
26 63
20 43
24 76
65 77
16 7
50 16
54 12
31 10
6 79
26 24
4 41
3 37
15 72
58 67
13 77
36 47
34 20
24 29
59 11
24 6
13 44
25 66
13 78
58 6
9 8
12 16
14 73
47 57
54 11
21 11
27 61
26 14
73 6
29 40
28 62
0 79
18 32
2 41
45 7
2 19
77 58
35 49
6 39
56 7
73 37
2 56
11 28
48 16
8 38
60 14
58 50
42 62
56 39
46 55
4 61
57 10
76 12
9 41
75 2
11 48
12 5
33 54
49 38
55 36
28 41
13 57
72 78
32 63
63 24
49 65
66 48
42 79
19 57
7 58
7 7
19 0
20 5
45 52
36 37
33 61
68 41
4 48
10 51
66 50
38 79
6 20
10 33
0 20
33 46
44 54
76 38
53 31
35 30
46 19
20 34
74 47
53 51
45 32
44 42
30 32
20 68
39 51
35 16
53 44
55 21
63 51
74 2
69 62
1 63
39 54
73 38
28 1
1 40
72 13
52 6
0 37
75 6
67 2
42 46
47 19
37 25
60 58
49 14
1 17
4 46
4 19
38 1
28 12
30 30
21 62
31 48
0 7
13 72
58 45
25 59
1 62
52 46
13 48
61 17
34 16
29 36
39 70
50 32
4 52
72 6
16 72
22 19
22 12
14 36
70 9
26 56
4 24
32 20
23 60
44 51
75 0
8 53
50 40
48 0
23 32
24 72
31 37
58 47
1 11
44 76
26 66
27 68
43 35
45 42
63 79
6 41
79 19
21 55
69 24
6 0
30 67
22 53
72 28
1 42
68 45
64 33
18 59
30 39
26 7
58 52
65 43
3 33
37 49
74 62
55 77
68 49
50 57
9 15
31 64
4 17
2 77
76 44
24 54
27 27
17 8
53 4
77 55
47 40
76 52
27 31
58 12
15 55
25 10
10 56
16 48
77 69
13 38
20 40
15 49
42 37
14 74
29 75
67 12
24 10
59 10
22 66
45 65
18 50
33 52
29 2
13 19
21 4
30 31
65 61
23 15
51 49
14 43
35 5
25 22
3 63
63 66
18 75
36 64
54 78
62 44
75 15
14 71
6 9
30 70
31 65
15 7
73 14
72 53
77 31
12 79
33 34
10 49
26 34
37 20
52 60
70 57
77 30
8 67
36 18
63 10
75 13
44 9
18 53
46 78
31 71
34 33
48 26
29 78
8 25
56 30
37 9
35 78
61 21
22 68
72 10
41 31
46 34
42 29
14 22
67 7
41 78
39 69
58 41
16 60
1 61
22 30
20 4
3 41
58 27
14 6
51 7
10 43
71 27
15 13
37 52
7 67
7 61
17 34
50 26
20 56
37 50
29 49
53 30
64 31
27 52
13 55
36 79
25 23
20 9
21 10
66 30
61 14
34 55
79 43
54 49
5 73
71 1
59 75
17 10
79 20
13 1
65 10
34 5
68 33
25 47
46 68
37 4
79 1
55 65
15 46
10 70
53 20
35 64
71 59
78 49
32 33
37 17
35 71
69 12
26 26
44 14
13 10
78 64
58 14
44 65
40 40
23 29
62 34
52 48
29 67
9 40
53 28
52 63
63 23
3 20
47 1
4 58
5 33
22 24
7 62
8 72
15 73
16 49
46 43
64 55
64 25
13 69
13 68
65 26
17 0
18 16
49 26
22 10
72 60
18 30
25 31
21 31
53 74
76 45
31 78
68 9
1 2
2 11
49 15
6 54
45 62
12 65
27 5
60 27
63 38
76 9
69 11
45 70
50 10
74 0
17 9
73 66
49 7
52 9
0 42
77 22
10 8
0 44
20 70
72 48
71 69
45 14
63 69
46 79
65 78
59 27
4 28
66 68
44 0
8 20
15 14
60 10
22 18
77 7
67 76
37 28
65 49
28 6
31 11
25 13
73 57
67 30
64 56
77 70
20 16
35 41
17 45
76 0
46 47
49 78
78 43
14 42
52 18
62 52
78 44
36 48
19 37
56 67
52 58
57 55
23 79
36 19
27 77
77 21
4 67
49 37
46 12
77 18
59 31
44 49
11 22
17 19
13 66
10 11
52 75
