5237
119 121
165 52
44 160
108 86
204 61
75 75
115 86
182 162
160 104
76 168
104 123
7 27
162 162
144 68
128 51
155 22
186 143
181 138
86 142
171 33
65 146
136 150
99 19
5 80
40 37
160 179
25 36
33 79
118 81
64 198
139 152
160 37
67 42
97 36
3 130
49 144
69 189
166 157
13 39
17 118
160 94
39 37
60 146
118 21
7 100
45 24
163 177
157 61
128 172
163 163
114 21
67 20
173 28
14 21
5 103
82 178
52 205
124 72
187 177
49 62
102 34
107 130
124 47
81 11
176 182
154 49
1 77
197 13
30 88
129 24
10 159
120 204
109 184
14 15
60 60
191 109
24 9
35 161
180 182
51 86
45 1
65 29
146 89
132 128
4 21
157 23
120 100
38 173
92 71
54 116
202 155
170 64
91 160
126 2
64 130
77 152
170 200
172 3
144 5
160 71
192 91
187 117
24 190
201 60
190 175
206 1
208 77
8 112
183 69
39 68
38 200
97 95
71 33
59 184
19 157
195 151
119 83
61 73
45 190
142 172
14 47
16 55
136 195
187 159
51 187
190 132
81 18
149 11
12 184
202 118
202 193
3 179
79 161
148 93
24 115
203 39
8 1
71 198
98 156
138 44
143 27
162 147
144 112
10 146
53 173
144 87
28 43
145 106
100 78
167 100
15 139
23 67
169 50
24 122
84 136
140 158
141 141
124 36
148 86
13 101
111 35
63 26
161 173
32 120
17 127
140 161
128 145
39 125
74 206
95 125
95 177
66 127
108 168
182 110
54 187
33 29
115 161
53 3
83 79
108 78
129 206
176 57
99 50
125 22
178 90
20 55
180 125
12 158
29 55
34 37
77 58
113 37
122 72
40 47
59 146
67 124
38 50
164 13
44 180
35 65
16 168
150 165
125 166
189 5
69 132
102 158
100 37
71 78
88 66
47 4
161 194
42 130
78 145
57 101
138 165
199 197
206 125
89 45
36 109
23 121
204 19
192 141
59 128
167 209
72 64
8 40
124 16
64 132
12 119
117 91
158 82
57 115
17 146
134 159
35 83
124 125
123 189
158 162
10 49
169 110
50 149
124 29
209 92
67 118
51 205
124 139
160 207
156 49
82 200
165 152
100 185
116 16
168 91
26 31
17 159
8 130
20 198
29 47
0 69
10 160
22 142
86 18
77 99
32 48
82 101
165 88
173 81
9 178
198 17
199 161
52 174
180 87
96 124
13 75
188 181
192 152
60 89
205 128
114 37
196 130
189 154
119 13
58 132
124 196
128 137
46 25
12 75
148 153
184 189
53 176
46 19
53 126
31 146
167 160
112 63
160 55
130 124
88 147
155 63
102 44
176 66
203 139
132 46
49 18
189 128
18 193
182 37
165 68
143 41
24 187
53 4
185 103
196 132
29 146
1 149
102 170
160 91
182 152
84 21
46 129
87 12
104 184
36 58
177 140
63 174
176 166
198 139
157 120
147 59
0 4
2 182
190 86
32 36
136 58
202 23
169 161
49 72
53 86
142 153
128 18
36 88
196 135
106 113
47 120
32 81
30 120
16 12
106 63
103 139
7 121
28 83
207 164
51 183
75 180
37 22
141 200
103 204
57 17
65 19
4 67
76 60
108 184
93 155
55 8
44 73
161 91
157 115
79 164
24 78
170 117
64 21
76 176
172 164
43 140
37 178
176 9
5 126
72 26
74 106
126 42
90 59
165 185
128 177
71 47
194 100
42 99
188 120
33 97
154 152
166 0
105 117
187 33
62 152
112 94
194 27
102 32
43 50
75 197
22 209
27 190
92 162
198 207
100 81
100 35
72 197
176 206
93 46
11 40
197 50
151 81
175 147
88 200
134 91
209 1
76 4
3 194
32 207
57 79
136 37
114 118
22 36
109 46
33 132
129 144
92 189
7 206
63 31
110 36
1 102
186 29
15 31
47 198
164 72
154 128
162 138
197 11
119 147
153 52
109 128
31 112
35 107
100 98
13 61
10 172
177 85
99 144
65 167
52 92
0 34
81 139
6 19
84 96
76 185
75 48
156 71
25 123
121 187
196 11
153 68
68 98
159 204
109 103
191 189
41 16
156 199
189 137
97 178
48 141
184 196
58 3
49 169
95 168
165 32
180 102
58 201
147 43
56 94
128 76
137 189
62 51
12 116
152 200
105 31
64 30
142 68
115 92
84 199
2 101
189 120
126 9
183 179
91 184
3 178
94 89
65 38
165 132
175 139
170 149
180 7
70 156
45 45
51 70
58 138
152 176
204 38
28 38
150 69
179 52
124 17
190 195
205 18
194 39
112 142
77 8
34 84
51 92
90 95
154 69
124 67
68 96
103 113
142 209
73 163
149 127
128 8
103 81
38 116
92 16
129 151
14 63
46 188
75 204
5 45
25 103
108 104
182 35
62 90
138 33
67 95
55 5
78 126
34 4
181 99
116 186
97 55
38 63
179 139
0 91
192 119
56 198
9 87
60 105
99 200
151 9
103 86
105 146
40 33
181 207
120 150
37 82
176 74
7 36
16 161
142 157
115 206
81 41
153 72
196 40
42 179
50 56
131 154
22 69
182 202
96 171
140 69
88 65
89 186
122 78
132 73
177 124
38 75
37 187
56 103
28 74
55 206
151 181
71 202
133 0
79 31
83 106
207 72
160 90
63 99
195 202
198 132
126 53
109 61
201 108
26 48
80 180
61 18
180 94
135 71
136 113
196 98
45 169
182 100
161 201
116 110
40 91
79 106
12 120
63 177
2 146
78 33
152 49
18 45
90 4
140 7
199 166
46 73
173 89
85 204
96 147
115 162
25 19
3 77
4 108
37 26
145 121
58 46
164 178
179 80
82 26
82 199
4 96
137 176
102 142
146 151
86 155
17 24
124 131
145 203
131 198
154 97
94 113
71 184
47 14
67 193
10 95
132 194
24 48
121 13
49 179
160 145
89 5
30 26
98 130
19 18
186 203
11 25
125 94
37 164
181 52
145 50
15 137
160 152
26 64
119 70
3 75
24 165
180 5
50 198
70 172
116 59
64 124
64 163
135 175
134 167
70 92
67 28
8 186
59 206
78 94
98 135
67 46
24 39
140 137
64 4
88 89
41 169
69 177
144 41
47 88
63 49
90 108
33 2
207 196
203 79
72 108
90 115
117 159
174 175
150 188
162 18
206 187
57 108
77 67
121 182
194 172
12 148
4 59
186 192
7 85
126 103
202 133
195 145
171 68
24 189
152 77
72 7
143 198
165 37
110 21
73 118
179 71
66 105
25 141
44 6
120 174
113 16
134 13
189 23
206 127
204 152
164 139
0 143
155 2
35 120
38 148
99 52
18 132
109 206
121 105
189 193
44 142
36 198
135 5
96 186
97 14
123 144
145 141
207 162
156 96
16 176
86 112
113 46
5 125
130 20
147 125
9 21
31 92
188 45
138 114
156 84
186 180
46 140
78 119
51 27
35 21
117 164
17 41
135 94
207 71
92 31
42 33
85 208
109 195
137 65
101 162
68 43
126 20
67 70
187 153
56 6
139 203
147 164
47 160
45 203
143 156
133 191
12 200
177 25
199 63
76 197
11 88
199 45
43 158
127 96
116 84
1 178
2 199
2 53
138 60
159 186
172 51
90 199
37 139
152 190
154 4
50 147
9 119
121 87
79 160
43 43
18 16
182 79
144 164
184 103
123 108
61 186
163 170
133 180
172 96
134 14
13 205
107 11
118 155
59 19
66 78
157 134
4 139
170 152
8 89
130 30
23 1
86 36
150 21
3 138
137 139
151 114
76 123
184 176
196 157
209 24
156 133
2 201
151 29
178 206
161 8
204 41
208 58
145 136
63 79
47 46
81 5
17 94
100 65
52 20
140 36
43 128
136 135
108 13
96 8
85 182
185 109
85 45
37 83
148 9
57 209
200 96
38 208
133 25
0 189
126 112
128 68
192 188
46 132
142 86
36 160
12 163
206 167
26 78
51 91
81 14
76 170
24 89
116 191
167 72
84 202
170 13
188 3
203 130
181 199
136 141
18 53
186 23
166 112
172 203
64 193
131 164
99 34
18 192
157 138
116 58
176 146
117 86
73 27
29 152
70 46
138 38
153 67
17 183
158 86
180 110
171 174
35 2
167 98
135 95
33 59
5 8
81 34
122 81
99 0
159 39
90 134
154 141
23 138
198 174
57 65
105 10
92 130
185 28
53 128
166 164
3 174
126 28
45 112
51 15
108 206
91 191
203 13
40 66
70 0
143 29
191 83
175 60
129 112
141 99
47 186
51 156
100 89
166 209
49 34
23 50
43 156
96 146
77 132
13 207
77 113
179 185
100 30
136 47
119 1
45 17
40 98
124 113
5 170
127 208
126 57
42 166
209 65
91 70
153 178
176 61
134 149
123 45
24 116
100 72
17 150
89 136
191 161
61 167
96 195
165 173
72 188
145 188
118 95
201 76
97 165
5 40
119 179
55 13
80 185
37 183
167 7
194 58
156 22
205 79
189 42
102 4
182 22
28 155
163 164
129 136
172 168
202 121
20 36
193 131
67 44
1 196
35 204
165 165
23 107
41 120
206 94
154 134
16 113
10 70
189 140
194 62
55 6
116 87
122 122
78 208
7 98
205 177
50 74
132 15
54 115
13 152
57 152
1 15
99 174
99 35
140 127
29 109
35 47
152 189
159 160
201 164
151 162
105 191
107 127
21 58
131 33
159 97
19 173
38 2
67 197
31 179
58 197
103 18
33 95
98 50
112 12
46 6
74 157
96 3
118 32
22 29
115 53
27 46
66 197
13 20
103 76
90 147
80 137
134 72
64 34
6 159
163 29
41 102
17 201
121 60
172 183
48 157
145 176
126 49
77 9
198 182
41 161
126 146
94 45
162 149
205 16
13 127
120 75
39 2
170 182
127 42
36 74
41 5
46 94
27 18
47 171
100 16
142 195
19 154
107 173
132 81
109 13
140 203
4 86
69 86
53 157
142 165
132 171
90 89
25 136
45 69
53 130
92 154
177 36
181 24
56 105
115 44
109 136
159 86
209 154
2 158
171 28
70 9
152 201
92 151
116 167
18 74
10 209
169 125
26 128
124 167
38 90
76 140
35 108
50 57
30 171
165 175
49 96
83 60
23 183
159 137
143 77
111 203
11 9
180 154
32 99
9 1
77 166
70 146
22 52
170 66
12 33
208 30
86 13
135 169
112 118
41 158
144 95
18 18
127 103
56 186
167 59
85 163
141 209
23 206
127 180
188 122
98 170
74 32
38 152
25 204
9 81
166 199
74 113
34 11
145 77
123 186
45 99
103 149
179 168
119 110
34 55
111 186
184 10
198 72
124 87
40 188
130 120
52 129
164 160
200 3
186 195
67 74
166 113
146 14
118 151
13 50
161 82
61 77
54 188
52 84
2 26
177 13
182 116
31 18
185 74
180 153
88 169
74 21
81 26
155 110
119 77
25 79
151 123
132 155
92 170
39 97
143 66
112 26
132 179
170 142
79 126
195 41
115 74
32 209
58 200
52 146
54 37
23 190
203 35
142 93
8 17
55 78
52 128
97 112
84 4
156 43
89 124
194 9
201 150
162 76
141 57
48 104
153 136
73 166
20 108
39 49
84 59
140 22
48 102
140 170
46 147
196 45
184 75
203 171
138 107
4 125
12 108
96 93
107 163
125 72
184 55
72 2
155 15
91 46
28 128
110 44
77 161
143 170
119 17
24 106
168 72
51 125
126 186
91 171
136 83
197 79
192 30
16 200
183 47
152 4
18 209
124 188
149 182
85 122
136 207
23 71
113 24
92 203
121 102
114 181
183 90
191 128
37 18
75 11
20 120
33 93
40 133
187 71
33 47
171 40
167 125
167 99
115 6
195 194
204 84
82 133
182 6
66 80
111 76
12 138
197 23
179 118
201 23
147 38
104 47
59 205
38 83
45 55
85 162
128 161
43 27
13 150
184 97
83 193
95 118
24 135
117 124
121 14
162 172
165 91
193 70
171 104
4 200
39 86
137 168
2 28
57 56
0 61
135 56
27 88
113 80
7 24
120 99
197 104
100 194
110 172
72 37
61 86
28 66
206 76
163 10
27 74
27 118
141 76
97 130
37 180
185 102
54 58
128 52
11 125
175 136
78 65
177 189
195 122
181 92
45 89
168 157
108 122
36 207
15 136
109 177
29 114
183 156
154 108
197 3
73 87
181 74
142 2
91 107
183 53
174 143
46 74
127 22
181 201
188 55
123 196
76 111
44 208
114 56
180 159
140 124
209 205
191 48
68 0
116 70
200 118
40 15
89 78
62 70
96 71
77 128
59 138
191 139
82 20
14 51
113 143
20 112
57 90
209 123
115 171
23 148
37 122
106 141
146 11
31 152
166 107
200 77
59 180
166 49
198 59
80 181
86 173
5 86
14 26
26 198
38 71
22 60
69 179
197 63
191 11
37 126
75 205
116 80
11 165
154 27
60 109
21 119
191 50
45 118
203 205
125 199
7 74
73 150
66 171
16 16
157 46
4 203
9 2
184 129
165 206
198 150
98 11
200 121
194 147
135 78
160 0
27 20
161 109
192 198
137 200
188 98
119 27
184 95
8 187
207 207
147 58
28 62
154 126
85 102
99 163
66 51
209 159
204 131
118 129
193 181
86 150
131 11
124 69
176 88
197 117
50 67
16 3
134 146
9 173
52 63
104 180
9 113
79 91
201 59
49 115
72 169
73 29
127 137
154 52
148 0
119 41
105 203
41 20
85 144
54 36
129 75
101 138
188 209
58 55
54 62
31 98
65 85
36 79
95 56
115 73
186 177
208 196
14 97
89 161
207 45
184 193
69 158
140 138
147 160
190 43
165 180
19 16
170 26
135 153
181 49
59 29
171 182
115 100
116 33
165 67
17 13
59 132
101 198
25 194
204 172
83 104
137 23
24 65
100 197
85 6
12 174
120 138
185 136
145 40
205 21
121 153
166 95
39 168
52 141
58 180
104 155
105 97
169 7
98 56
199 100
178 106
140 188
206 12
51 104
194 125
31 40
37 108
193 3
185 154
166 12
87 42
191 0
66 147
141 53
200 129
54 80
146 111
114 2
80 170
37 162
175 124
200 34
28 10
33 193
51 126
6 84
192 54
74 192
192 129
13 147
59 123
132 187
54 103
118 86
30 48
176 208
196 1
60 148
119 202
1 128
189 167
156 51
61 138
143 161
59 39
30 108
130 54
64 11
18 19
85 33
46 191
92 14
154 16
39 140
4 176
151 36
44 70
200 195
44 182
102 95
139 0
25 202
195 104
74 34
207 64
4 171
81 68
172 64
2 56
49 168
55 50
147 6
46 114
160 76
196 111
86 110
144 69
93 3
153 187
70 137
89 170
171 70
57 31
203 3
118 154
62 102
15 68
66 168
98 117
173 48
179 166
82 92
58 60
127 19
151 157
82 33
143 94
15 14
171 23
195 180
123 33
208 104
43 96
125 37
52 111
203 56
51 85
13 24
81 109
123 56
123 14
129 71
112 137
177 100
191 16
166 200
78 160
197 142
3 85
54 130
164 100
162 199
207 118
204 89
67 121
76 202
2 203
45 52
187 195
109 156
62 25
79 79
199 25
10 201
72 198
15 11
176 31
88 175
205 94
110 51
119 36
81 130
53 179
180 140
109 12
157 89
185 14
137 44
112 200
138 16
9 145
15 38
127 124
181 115
39 99
112 168
189 153
13 168
191 117
71 188
110 72
148 142
14 120
45 113
116 143
52 180
21 182
15 5
104 192
204 34
60 68
174 27
184 170
145 159
40 64
70 81
2 110
77 182
98 83
87 169
200 146
7 161
2 68
37 43
155 31
37 88
204 5
113 84
4 3
93 71
38 109
119 50
80 174
119 203
29 22
187 26
77 70
75 201
62 82
126 74
70 165
165 140
41 75
40 28
39 167
59 83
54 192
1 25
109 71
162 101
25 4
118 184
7 99
42 137
7 118
2 78
167 14
9 136
15 85
6 184
129 90
158 92
134 62
92 160
153 101
178 161
195 159
180 54
113 82
108 8
163 195
170 94
34 209
175 89
73 55
43 121
159 188
84 16
49 186
204 12
33 1
18 13
68 185
195 100
164 175
31 19
138 66
208 179
115 142
178 202
7 84
170 167
178 92
109 199
65 101
207 141
200 174
38 184
73 196
7 22
155 148
79 117
81 37
208 76
169 54
50 13
80 124
97 129
99 16
61 52
94 42
79 129
123 159
120 23
180 173
50 62
42 190
119 125
207 182
43 169
155 24
6 79
171 29
80 197
77 63
61 32
75 18
201 138
150 187
120 161
22 46
52 114
12 12
11 70
189 179
163 108
9 127
28 166
87 119
166 207
92 79
183 157
88 159
176 137
170 8
63 194
143 85
147 163
16 190
203 202
137 91
143 3
27 149
201 168
100 113
104 57
176 172
109 151
49 126
60 45
158 50
98 65
92 119
28 5
160 93
130 67
105 46
204 70
203 7
189 13
62 1
83 185
44 61
84 58
131 73
196 119
168 164
51 150
70 120
92 104
26 169
53 76
185 126
71 8
56 207
68 102
20 141
36 41
114 85
16 18
16 52
10 129
91 62
73 61
86 194
14 62
4 158
21 80
178 164
48 51
16 120
176 112
77 151
99 149
113 144
208 98
163 109
171 130
169 158
179 104
185 4
151 131
194 191
6 120
179 196
70 93
193 208
198 108
10 141
202 116
136 86
96 48
206 163
92 157
127 61
121 208
52 187
180 29
47 199
67 80
129 163
90 49
96 142
142 150
100 157
23 176
106 105
169 175
6 166
26 71
120 45
162 16
148 192
115 96
82 62
101 3
36 151
59 178
0 195
87 157
34 128
170 139
16 183
79 47
108 40
145 52
137 157
204 112
6 199
31 149
134 17
96 141
32 69
31 66
103 143
161 186
34 190
137 136
32 31
79 15
19 25
136 125
106 93
12 53
137 20
174 151
193 5
44 59
191 187
111 169
27 84
2 9
91 193
157 177
77 165
27 142
189 10
68 103
167 183
156 5
0 201
7 164
63 167
99 69
75 135
53 129
20 85
36 29
172 191
26 79
62 135
168 4
87 39
62 140
116 34
2 5
140 162
35 115
62 176
40 11
142 62
209 181
16 159
155 97
31 61
2 115
87 184
82 175
130 91
132 68
54 73
201 70
18 139
73 89
154 106
55 70
70 142
21 7
159 184
70 205
84 19
100 108
129 42
193 17
197 151
207 100
5 96
112 1
195 65
21 142
188 190
21 4
9 121
176 204
66 192
150 148
85 96
118 126
58 92
30 84
24 76
111 10
148 199
130 101
99 204
183 76
3 64
181 95
112 62
141 168
166 46
33 14
196 147
203 93
74 158
78 209
113 123
209 103
41 145
83 54
96 202
11 202
168 166
158 140
159 84
167 84
160 46
65 44
49 122
63 54
57 155
145 29
18 151
168 104
72 117
2 65
124 100
164 193
78 169
167 9
76 112
189 124
70 44
135 27
209 136
109 64
197 99
147 162
171 37
48 62
172 118
111 32
103 115
79 157
72 110
202 112
31 174
36 60
121 149
59 197
184 135
145 112
147 131
35 121
153 79
58 62
185 93
66 193
183 187
22 38
72 176
172 30
21 43
3 160
29 8
116 39
38 178
121 99
185 80
208 35
88 91
96 108
155 186
178 155
180 31
189 170
116 129
149 179
76 188
202 61
14 30
166 205
190 121
166 208
46 46
122 2
32 20
150 31
121 42
142 203
100 162
144 122
54 190
181 10
87 88
119 115
117 181
185 138
101 90
36 43
120 126
127 59
1 187
101 176
23 191
55 40
36 130
60 33
159 63
178 188
2 204
146 47
67 63
20 6
190 83
146 113
176 42
161 71
42 124
41 19
87 6
185 120
197 199
58 204
183 7
191 200
12 103
189 68
1 172
132 20
25 55
57 100
89 39
145 152
24 32
58 143
133 93
10 23
130 46
73 113
51 88
49 6
26 36
185 34
176 76
108 89
35 82
156 170
8 157
96 56
13 18
166 158
136 50
15 57
157 167
5 121
83 97
21 134
106 144
96 68
191 151
48 78
158 191
71 56
70 61
60 150
22 37
110 165
85 201
187 118
185 121
100 99
141 38
190 178
53 58
80 205
127 98
77 1
27 82
108 151
76 85
32 185
169 23
195 114
137 52
25 51
101 47
130 111
209 143
41 130
31 116
12 186
136 152
76 13
70 91
144 154
97 46
111 107
167 17
34 148
137 78
3 62
95 76
61 93
86 193
181 110
186 157
114 75
73 135
173 57
66 50
152 37
97 126
59 141
118 22
134 123
60 135
209 163
84 135
195 16
86 66
83 31
43 107
119 178
185 149
27 78
116 177
31 87
45 135
145 75
17 203
68 27
60 141
183 117
136 20
13 131
90 94
75 152
14 0
50 112
118 6
183 88
190 111
162 17
15 92
199 119
202 86
202 10
37 75
129 148
9 150
159 119
204 166
108 7
59 28
1 85
182 0
7 109
90 72
164 146
76 31
201 72
141 9
186 199
146 43
200 99
146 90
113 187
10 133
125 21
160 21
121 202
74 188
72 56
7 97
164 29
99 183
59 137
175 141
165 83
196 71
62 76
58 166
174 42
9 48
146 48
19 109
32 47
49 17
203 50
86 70
144 145
79 6
182 180
120 133
29 202
74 149
67 176
145 149
161 41
39 73
185 128
111 91
208 142
187 34
159 109
43 1
21 12
45 139
118 68
181 187
0 176
91 154
72 1
39 177
197 78
100 71
93 159
84 101
160 105
167 118
47 205
168 186
188 88
53 64
209 13
195 53
122 209
128 164
174 161
106 15
54 94
27 168
32 44
137 164
150 189
173 120
182 109
136 204
182 199
110 158
153 182
138 193
175 2
64 187
139 173
148 91
0 160
160 143
91 194
160 148
128 159
116 149
205 56
94 28
102 9
60 61
41 162
107 169
172 105
92 177
97 30
61 5
89 30
182 137
193 102
204 20
104 151
170 16
134 87
63 16
59 174
52 158
155 53
89 174
92 61
94 29
97 147
193 66
133 163
122 206
176 191
18 75
9 189
171 161
180 14
89 76
42 0
131 111
0 183
148 166
12 88
95 163
33 5
28 34
209 127
25 34
168 208
88 142
70 89
106 27
35 118
62 149
58 97
177 207
201 132
51 6
179 102
199 180
68 116
67 1
78 73
35 183
191 199
70 32
206 2
165 79
0 175
83 160
120 106
70 117
1 171
119 167
156 147
73 49
147 41
21 42
205 3
169 201
128 165
152 105
152 117
146 202
0 142
141 31
73 82
97 201
107 95
118 116
156 68
157 174
194 102
198 8
25 151
12 126
34 14
137 103
55 52
199 102
9 195
42 43
156 119
206 182
154 115
72 122
35 162
40 144
38 151
62 165
104 72
6 151
30 143
185 134
186 30
208 39
61 204
109 51
131 23
121 52
51 99
139 18
60 178
132 102
157 0
59 91
121 150
43 55
51 141
1 129
130 53
164 126
103 74
73 141
184 116
135 129
187 162
191 67
158 29
204 205
49 190
39 10
71 66
136 114
58 191
52 201
92 105
194 134
22 2
8 12
18 198
151 184
143 101
87 173
207 123
135 172
135 126
82 203
207 169
101 105
16 29
110 78
21 188
73 175
115 58
123 147
68 139
141 67
116 7
97 21
24 104
204 78
108 143
176 207
93 156
167 148
179 138
122 52
193 156
19 29
35 172
33 145
174 168
117 55
54 26
16 86
202 97
123 102
87 55
94 160
145 92
31 145
140 134
84 131
103 200
62 77
73 129
35 135
8 0
186 8
198 125
120 187
158 175
94 150
162 38
25 86
200 176
114 159
163 72
171 140
167 52
47 55
184 124
59 10
203 161
47 39
180 85
1 8
92 159
102 165
89 125
164 41
57 93
65 35
125 187
128 17
65 175
105 132
189 206
199 190
82 35
209 117
104 124
169 94
11 191
169 150
168 17
73 169
102 96
135 23
89 56
57 151
129 106
107 77
41 177
34 98
107 70
42 178
144 131
28 177
112 97
86 99
183 171
102 200
65 50
89 34
198 53
139 65
99 170
48 205
172 15
9 141
180 76
188 17
17 117
77 39
143 39
6 85
199 177
133 209
91 116
81 108
128 171
9 163
65 174
87 93
78 90
57 196
24 47
87 206
71 195
190 54
127 156
6 118
155 19
5 98
207 61
143 154
108 93
8 95
85 65
146 88
173 32
138 111
198 81
174 194
25 78
74 7
13 11
2 36
85 161
78 83
150 178
118 128
53 105
75 106
81 123
91 5
95 196
106 192
109 180
131 16
172 12
97 7
71 3
171 179
93 60
42 169
109 150
198 37
12 124
17 84
86 20
66 36
55 39
157 67
135 208
105 86
207 180
149 112
28 14
138 6
33 180
180 66
155 35
89 98
65 115
141 92
169 104
156 209
133 101
123 208
133 95
110 192
206 41
4 187
167 167
2 109
166 188
77 168
99 130
132 7
173 207
36 177
204 46
15 50
166 148
18 137
195 135
43 193
26 151
145 209
21 136
169 130
145 130
29 138
193 183
32 73
90 54
49 164
123 68
154 74
75 111
203 62
36 200
129 193
54 202
31 142
140 68
96 45
163 79
13 170
114 125
75 68
77 103
187 155
179 175
31 109
163 50
13 85
159 32
41 15
58 71
185 23
136 186
14 200
134 138
114 168
159 1
104 85
150 207
148 113
137 146
14 68
177 21
152 99
151 117
95 176
129 18
85 196
104 105
124 145
3 204
193 24
81 197
150 52
167 85
142 197
160 168
113 31
45 33
158 148
112 70
41 27
41 4
168 87
43 118
22 106
70 53
125 208
13 115
171 149
66 206
202 209
36 37
142 147
59 44
118 143
131 88
92 26
92 145
87 46
57 41
167 176
193 21
60 78
160 18
73 128
152 194
141 146
128 201
137 93
62 154
10 77
100 25
16 72
205 173
68 112
70 168
36 82
45 34
48 25
64 116
170 209
96 174
120 15
14 206
165 21
60 132
187 44
18 153
140 47
180 200
176 25
123 48
24 12
176 111
11 65
111 116
131 124
67 170
45 97
204 94
71 123
72 3
15 183
159 52
131 110
36 20
75 28
174 56
150 158
202 187
71 21
135 40
10 40
194 176
38 181
1 136
201 15
87 47
68 64
13 139
60 81
189 7
194 126
49 109
81 67
198 23
2 151
59 208
139 137
54 12
73 71
37 7
70 104
195 153
59 183
104 7
78 177
57 69
47 65
0 106
207 126
113 166
123 10
67 93
197 202
36 19
105 2
28 88
45 114
16 139
184 127
88 59
9 24
177 197
63 195
206 42
173 45
159 147
167 181
94 196
151 61
149 67
42 162
62 113
64 12
156 65
154 207
124 106
206 176
118 69
92 37
60 144
126 104
124 64
185 5
6 1
13 78
11 123
12 156
17 36
133 52
133 153
38 40
28 23
178 182
204 163
30 162
122 144
164 8
55 129
141 181
59 165
119 135
111 129
173 147
168 108
97 44
41 105
129 82
45 199
53 11
178 51
137 113
54 49
119 118
206 60
145 51
84 191
181 168
118 99
111 184
64 68
88 150
73 158
44 196
133 72
12 114
174 15
80 193
3 115
57 160
143 119
33 19
173 47
161 88
131 5
98 40
9 71
163 15
101 36
156 143
189 59
72 185
175 48
156 160
22 84
151 170
53 199
67 190
200 181
157 24
1 80
118 185
152 206
117 63
62 66
194 136
59 195
107 62
202 94
138 186
14 42
67 178
31 133
30 90
52 195
56 71
37 69
48 195
36 26
150 163
175 55
16 98
175 78
93 176
184 51
95 108
117 169
143 152
163 95
107 189
94 159
150 144
204 181
152 113
19 141
82 58
117 79
86 88
163 33
113 194
58 38
85 165
185 90
177 186
149 119
84 189
48 163
95 19
40 111
117 106
32 27
62 97
118 50
111 188
98 203
53 159
82 184
13 135
141 123
44 18
29 119
166 42
201 69
6 136
120 52
15 140
13 178
44 186
33 144
6 163
3 31
10 47
207 187
154 110
85 148
4 189
125 207
87 78
99 32
4 173
35 103
127 63
144 187
144 4
49 68
121 8
145 114
99 127
87 164
148 172
90 65
105 140
111 198
197 162
137 173
197 140
189 72
14 75
66 156
139 26
181 108
173 189
166 73
48 72
24 168
87 54
80 209
61 46
145 165
123 132
68 160
65 15
36 188
149 32
52 93
42 15
25 196
83 194
125 167
77 119
56 120
76 63
136 159
207 86
126 61
128 195
21 20
124 35
87 45
8 68
106 2
147 183
83 63
66 129
7 113
69 111
172 143
175 101
161 206
104 63
122 121
207 188
108 31
136 73
11 153
128 35
49 7
69 40
57 153
103 165
98 178
146 63
98 9
9 28
33 76
92 171
204 136
139 182
101 126
66 167
53 43
90 196
5 206
138 11
180 78
169 59
121 195
22 148
10 8
29 80
121 157
105 88
64 118
93 188
132 124
115 143
56 110
80 171
99 132
165 85
20 96
163 155
18 143
191 94
32 178
49 157
42 37
65 71
138 67
81 10
42 133
198 204
91 3
5 107
94 186
85 136
107 196
14 100
186 119
36 125
6 100
49 15
94 71
112 173
117 152
126 180
112 190
188 10
93 18
80 35
0 97
209 77
113 102
167 27
99 112
18 180
136 139
206 69
65 202
35 55
5 3
159 187
5 161
168 38
192 145
23 7
155 43
89 66
201 25
74 152
86 21
184 115
58 75
41 54
125 146
22 34
87 101
190 32
144 33
161 50
37 55
87 67
181 141
130 93
94 168
158 55
85 177
46 98
177 92
79 145
98 137
179 59
122 135
138 145
152 26
120 125
149 1
14 64
13 174
173 119
66 205
61 180
63 162
32 135
144 15
123 194
1 205
116 65
195 164
159 171
142 10
58 202
113 79
29 157
199 120
170 44
208 13
43 81
182 177
63 88
143 127
135 189
17 68
174 101
162 89
123 173
208 23
138 140
85 22
94 101
190 108
3 27
156 7
28 100
100 45
175 196
206 150
39 176
142 181
140 0
4 87
29 160
9 207
3 3
133 32
98 174
198 124
89 143
61 26
142 78
16 78
16 64
122 64
117 193
174 174
176 120
97 8
184 130
170 73
130 41
59 116
191 194
58 149
106 41
196 116
47 77
53 18
40 158
153 131
147 187
1 165
193 135
163 129
205 150
129 61
74 8
124 163
47 203
84 32
183 180
142 8
78 4
62 92
135 202
59 181
38 198
146 162
173 27
104 174
165 20
103 103
190 98
168 60
206 177
175 45
171 201
14 88
32 91
105 3
155 65
69 33
48 80
194 10
204 143
157 72
154 196
172 11
150 26
41 14
107 176
182 71
208 180
205 37
6 127
141 13
87 102
131 123
93 52
194 61
144 110
189 131
125 97
154 9
185 114
208 177
17 196
76 151
103 150
83 38
101 132
191 7
100 60
189 121
4 95
2 169
122 43
209 85
9 185
68 204
11 135
154 203
49 121
0 64
126 107
124 15
155 204
174 50
22 4
139 153
204 26
197 181
208 72
57 12
43 3
33 142
149 59
11 96
76 86
51 134
197 106
26 38
197 111
85 147
30 60
188 75
182 33
181 76
158 95
17 112
32 13
116 157
164 16
9 107
209 51
124 118
16 147
46 121
177 121
70 96
135 186
20 48
35 13
94 8
28 65
117 74
179 86
186 131
186 95
134 193
55 111
174 59
205 189
177 82
70 173
31 28
67 196
181 209
102 175
7 45
115 61
100 126
90 188
47 66
196 159
52 163
42 40
128 42
152 192
150 103
132 14
21 23
37 176
62 185
194 26
49 75
147 205
106 108
201 99
34 204
34 5
114 38
49 92
181 73
20 132
206 205
79 40
168 8
120 136
28 109
67 206
168 206
131 58
76 165
141 156
62 141
12 196
185 38
151 201
30 116
120 105
170 131
49 180
118 117
7 183
87 80
60 16
60 149
36 78
68 90
47 144
8 25
133 185
77 163
24 45
171 164
4 10
131 150
117 45
120 51
49 93
11 133
67 152
209 122
56 124
14 141
38 118
66 4
16 56
187 119
27 39
132 188
26 124
196 143
33 104
22 145
22 171
44 108
206 59
164 91
8 185
24 82
191 78
99 101
157 200
143 7
66 154
101 19
158 176
156 70
196 138
83 89
145 11
114 46
80 168
167 96
76 36
187 18
84 84
12 188
148 158
173 1
26 137
127 172
194 49
179 105
53 166
184 122
172 40
15 60
170 57
34 140
5 59
97 86
171 166
103 33
125 87
172 67
179 97
146 26
42 26
99 86
177 30
190 38
162 174
133 28
89 111
73 17
90 25
155 58
149 131
139 200
36 7
153 141
205 118
91 208
183 200
147 77
189 37
95 64
97 110
125 119
93 185
69 69
93 166
41 86
193 29
183 160
143 169
150 123
9 139
42 19
107 61
4 198
5 74
201 147
139 89
83 15
72 170
161 132
53 38
101 164
52 159
88 102
130 137
21 79
158 18
48 83
194 132
29 89
85 1
199 16
123 100
204 8
109 73
100 50
185 127
56 144
207 183
166 60
9 171
88 68
119 9
87 25
63 134
101 203
138 189
35 200
11 203
207 90
177 136
151 178
79 102
119 75
71 181
144 147
26 186
183 32
67 204
109 135
134 47
191 190
70 43
45 116
73 26
167 65
159 40
189 112
159 176
48 98
170 124
84 48
178 0
56 38
86 187
37 58
102 192
192 26
200 35
10 203
138 129
182 153
166 9
13 33
165 187
85 66
39 186
86 176
157 13
63 164
161 156
16 2
31 195
81 107
10 10
72 111
31 115
184 86
142 56
127 166
29 58
208 33
118 121
99 91
6 106
191 178
122 36
92 0
129 48
175 86
132 32
17 113
48 13
55 142
203 182
94 6
178 56
160 186
37 158
145 145
123 200
186 61
158 157
4 129
84 115
0 208
124 119
20 172
124 126
155 199
67 100
93 9
103 63
115 192
102 180
198 11
101 129
40 72
183 54
62 86
104 28
99 49
111 159
61 36
203 187
58 158
45 152
63 209
130 151
174 179
113 93
141 17
8 124
133 5
53 57
14 27
102 91
93 181
104 9
83 142
67 8
59 94
116 18
180 6
9 108
175 128
100 75
40 150
191 203
208 105
32 123
111 2
111 118
38 188
172 56
50 0
133 160
35 112
205 85
40 166
74 179
34 79
84 177
120 123
171 5
57 197
182 88
131 121
126 50
68 92
61 84
75 166
21 32
136 144
121 145
54 97
203 162
52 193
62 96
176 36
183 39
89 43
152 84
83 150
142 26
38 162
36 72
177 50
194 166
93 135
90 101
106 102
55 103
181 192
113 145
149 158
72 124
156 79
197 193
208 116
6 66
78 176
195 136
115 7
29 23
165 179
165 57
25 168
169 178
51 204
17 91
146 45
150 71
121 168
208 49
156 149
86 51
142 18
39 123
61 62
49 198
154 145
20 52
112 158
88 77
115 20
139 204
59 32
51 16
202 63
119 109
151 188
178 177
133 106
122 117
152 162
195 174
68 156
188 6
161 37
173 169
74 58
90 135
135 6
10 75
11 113
68 54
92 6
13 56
16 17
208 15
186 167
169 46
99 17
140 149
104 149
152 146
161 169
84 23
105 110
205 82
177 15
151 104
108 167
139 190
7 51
167 133
164 90
9 160
155 176
16 142
41 135
169 45
135 63
25 119
22 49
108 90
44 132
67 110
13 140
74 174
97 134
77 126
36 92
31 110
147 28
140 67
60 32
160 57
80 46
2 157
110 94
175 56
141 103
184 183
35 138
52 95
32 199
112 166
171 168
123 192
38 57
6 90
80 68
85 90
199 181
182 101
171 147
114 78
90 22
152 102
42 116
5 192
186 31
174 176
149 82
133 74
20 82
23 27
205 163
150 6
129 105
9 77
132 172
2 50
14 107
186 137
37 60
98 84
158 194
160 119
151 136
83 141
115 22
73 176
11 53
185 206
151 147
150 70
83 78
73 161
121 154
161 117
165 9
70 22
28 186
187 200
84 142
33 177
190 150
157 90
38 0
202 28
45 195
44 4
186 17
152 43
203 100
151 187
60 94
174 33
8 15
153 3
55 68
113 14
91 78
94 102
67 69
28 51
31 164
94 92
41 34
86 69
198 28
113 99
150 190
38 68
29 25
122 45
7 26
129 29
189 199
57 132
203 63
151 199
29 173
19 137
60 173
141 188
77 19
155 184
106 24
21 140
18 104
104 70
104 159
18 52
63 113
162 108
72 131
97 154
127 185
101 103
124 22
81 118
52 34
158 79
7 11
73 79
8 88
190 82
94 139
150 166
176 143
130 44
208 155
200 79
196 78
160 17
173 70
86 192
198 41
203 6
151 32
49 78
105 75
180 175
70 105
4 18
205 49
33 158
89 31
102 108
7 123
112 60
73 108
114 42
1 99
147 137
201 129
47 149
194 92
19 143
209 155
80 155
30 107
98 132
88 55
114 25
51 107
162 44
133 11
132 80
118 87
166 67
172 110
50 123
197 73
136 111
138 127
141 109
117 21
150 170
24 142
14 84
166 32
197 26
151 207
108 1
97 89
182 98
186 110
22 95
146 104
203 38
165 190
40 17
84 63
15 109
53 49
105 58
145 119
167 201
1 78
50 35
139 110
40 27
174 79
64 48
104 53
84 209
124 45
149 93
204 144
167 28
160 1
127 17
154 32
146 9
2 127
119 91
142 148
168 67
12 54
104 101
157 199
99 27
176 201
46 141
153 54
132 90
103 203
147 119
57 45
75 10
45 94
165 13
156 60
158 88
18 200
88 202
192 87
73 7
94 54
186 86
128 197
139 112
23 137
206 193
133 143
181 121
27 21
202 22
42 151
97 196
173 129
161 107
70 171
183 154
103 24
121 91
134 166
165 176
105 153
23 70
195 0
60 113
5 179
47 15
115 75
187 150
80 86
94 66
175 33
163 34
118 181
58 1
91 181
146 191
199 133
75 118
206 178
90 21
148 200
193 94
171 111
95 149
204 156
57 124
49 142
73 86
50 151
151 42
85 81
113 112
109 168
192 170
35 124
38 132
100 134
174 46
176 27
108 101
41 58
102 141
56 147
86 100
97 169
64 87
133 96
116 198
43 129
117 1
136 184
99 59
55 85
144 158
171 172
21 137
155 116
47 108
112 91
32 68
61 209
141 198
181 16
87 191
133 186
139 158
93 59
14 158
62 79
193 33
179 28
65 204
113 69
198 89
149 75
78 192
138 65
110 125
159 14
1 209
129 92
12 113
102 207
3 32
72 29
197 90
164 82
142 182
172 100
138 105
58 178
187 87
18 112
50 154
204 203
62 164
192 84
193 81
157 56
93 163
24 199
105 126
184 202
28 90
165 129
101 204
13 108
28 148
205 195
105 177
100 61
113 56
26 26
98 166
195 109
112 177
145 17
3 20
136 6
112 17
147 67
173 195
47 163
70 82
203 131
82 43
122 163
72 134
35 93
102 107
112 85
177 160
161 95
91 169
95 16
140 59
90 55
116 90
139 103
7 91
171 112
59 68
38 187
159 98
23 152
106 185
61 74
50 7
47 209
174 19
112 39
138 109
41 116
202 208
173 36
192 205
166 128
176 130
96 134
51 174
49 97
125 41
108 204
65 4
69 64
175 52
81 72
107 31
181 102
13 79
151 186
51 142
23 173
34 93
164 6
63 12
157 41
162 1
155 133
88 0
196 176
54 98
133 91
159 162
55 76
209 158
159 207
52 183
202 8
192 190
201 152
79 199
88 14
85 104
67 73
209 43
18 169
97 161
76 127
47 3
102 43
112 65
14 108
118 36
25 174
155 144
167 202
157 169
34 120
33 179
92 68
168 12
21 74
22 42
39 36
33 143
91 68
205 7
201 80
52 57
57 165
59 14
207 112
56 77
49 116
130 185
59 55
35 181
9 143
115 132
15 25
166 41
81 165
118 102
190 136
29 203
59 114
197 166
167 81
173 109
179 48
30 71
84 100
55 112
62 162
205 209
30 91
94 172
21 99
159 74
1 95
96 55
97 114
147 108
200 132
111 0
157 48
182 172
33 24
104 108
51 93
32 2
173 15
41 147
189 103
98 180
58 112
100 64
192 50
117 67
30 176
133 8
24 154
124 170
82 19
44 98
147 18
3 105
69 200
197 10
110 54
144 8
66 123
55 147
140 114
139 15
79 120
193 175
102 45
115 178
177 26
172 107
70 98
14 207
3 188
209 112
34 13
194 105
161 35
32 4
11 154
160 60
68 164
45 79
51 19
62 209
89 103
95 103
154 151
79 135
42 92
182 184
148 110
136 151
118 120
26 66
127 136
112 87
182 23
191 59
42 3
69 106
56 93
133 46
164 66
123 0
56 111
75 131
209 184
132 21
162 21
204 170
175 133
30 129
173 96
146 81
41 64
207 131
169 75
34 117
189 88
206 52
133 68
22 12
107 45
13 69
122 141
116 78
67 88
64 166
97 0
95 185
154 154
119 51
121 129
132 60
84 158
92 143
91 153
173 116
82 93
117 162
182 12
108 29
90 151
160 132
173 94
124 164
154 122
106 146
180 22
95 171
143 199
123 16
169 86
59 34
151 176
150 40
203 76
100 127
34 182
148 206
113 139
77 2
50 209
87 96
206 199
193 35
5 128
128 102
143 83
192 200
30 145
202 9
190 97
161 115
139 58
178 73
79 132
189 101
43 127
184 82
186 49
26 194
84 200
103 9
116 40
165 29
195 163
94 138
141 134
102 135
203 198
8 194
21 185
100 59
58 58
88 143
44 30
198 63
198 44
206 157
76 46
30 146
157 152
74 193
164 120
182 207
118 37
47 35
80 61
183 62
139 201
150 153
15 138
52 41
101 197
101 200
26 202
131 28
164 155
82 137
69 173
88 178
47 202
8 71
87 112
182 129
58 185
120 31
169 102
52 137
37 181
199 185
82 193
48 114
63 140
186 126
2 178
63 11
196 69
24 81
207 47
27 120
52 38
151 33
124 53
79 60
57 176
127 148
4 148
201 117
150 93
13 182
123 116
109 116
207 11
106 61
12 146
72 45
110 159
97 202
54 180
142 84
5 81
70 41
143 122
136 120
145 140
208 158
91 40
20 98
12 204
113 98
50 158
12 44
139 180
142 199
109 200
18 10
12 203
151 93
153 112
61 25
207 54
191 125
116 111
2 69
20 197
76 77
106 13
50 45
100 200
170 50
203 12
3 166
208 97
186 207
136 57
115 145
19 190
147 23
75 136
52 33
128 38
11 13
90 113
123 59
119 192
159 15
117 89
76 146
148 112
209 98
31 144
54 32
15 59
180 121
33 57
69 125
46 56
127 71
138 17
126 144
38 46
134 79
72 98
100 176
180 88
152 140
83 198
104 36
194 186
92 38
27 157
47 136
117 83
165 78
67 186
17 90
95 169
19 35
168 63
142 27
147 107
102 185
124 42
117 47
106 16
145 186
125 134
131 157
79 130
76 34
46 136
71 6
91 188
162 103
34 135
9 61
204 173
79 37
78 170
171 120
115 159
94 134
193 67
112 53
23 56
184 37
22 139
42 175
58 173
133 31
166 163
100 128
203 115
121 176
41 121
74 102
143 138
16 151
3 8
8 64
199 79
120 121
19 177
116 163
135 16
118 138
150 98
76 59
13 59
146 16
98 205
203 89
127 105
90 31
158 73
185 56
202 196
142 75
4 134
141 178
26 16
175 51
27 111
46 169
16 158
74 68
199 13
16 110
74 123
156 23
129 114
204 165
150 167
158 103
114 130
195 88
120 162
5 29
78 63
140 172
155 9
190 33
172 68
112 109
33 92
63 184
190 163
130 116
164 181
194 145
171 169
176 23
57 21
177 174
70 65
28 20
209 62
134 168
95 87
110 68
81 106
21 8
83 86
80 50
194 65
5 143
133 189
33 20
19 168
155 86
53 59
203 92
127 49
13 29
182 170
87 49
65 128
51 13
112 7
198 76
47 139
33 156
11 105
105 129
107 155
207 150
67 66
158 30
91 187
19 111
156 142
54 19
46 58
87 187
202 178
11 172
137 166
163 105
3 34
192 133
90 112
104 112
37 89
180 126
92 72
18 172
98 37
18 207
91 141
167 112
198 5
77 72
136 32
163 75
129 8
115 154
176 150
67 172
31 45
75 57
169 85
206 165
95 109
202 81
72 149
51 173
190 44
90 71
163 64
77 35
28 31
181 103
197 177
160 205
45 197
189 105
30 124
104 54
197 155
128 181
37 169
109 68
80 47
135 69
190 14
201 104
35 12
78 45
169 17
104 65
160 144
14 149
135 114
101 179
123 153
49 32
2 141
18 108
200 37
53 193
208 52
7 115
183 81
3 151
136 115
159 203
2 100
200 21
54 56
25 98
127 29
81 31
102 152
160 34
204 91
120 40
7 173
196 137
70 201
173 6
156 188
84 175
108 46
2 92
130 164
122 185
61 110
19 87
49 21
45 193
48 64
138 133
146 203
187 189
74 49
133 112
36 186
167 109
148 38
51 90
39 1
141 133
203 61
72 167
118 118
64 114
191 66
69 129
104 106
156 174
154 187
199 165
7 77
79 45
90 56
66 82
132 123
183 48
47 29
49 91
99 140
118 76
110 13
119 65
42 147
32 103
30 195
117 139
198 54
192 75
46 208
90 74
193 157
77 105
113 10
77 137
175 111
5 175
208 5
41 101
14 28
162 24
199 70
78 117
71 158
2 43
79 149
45 174
205 126
107 39
170 49
15 104
118 23
86 186
62 203
187 41
29 60
183 11
184 48
190 134
157 121
80 196
188 8
145 191
87 68
125 196
55 126
177 146
132 146
59 151
204 13
54 139
39 51
197 149
33 206
195 35
139 50
207 143
43 205
160 171
186 159
66 107
111 43
144 90
204 113
33 182
18 186
156 97
76 115
175 108
80 125
79 194
80 149
7 131
26 8
75 35
67 143
42 155
109 56
117 209
200 167
155 187
142 32
148 12
74 172
88 171
166 130
57 80
110 187
82 82
115 101
159 56
26 147
199 10
95 86
47 132
60 176
192 4
173 112
99 145
66 124
125 103
5 108
135 7
36 83
168 107
1 82
114 3
105 104
57 199
188 4
195 97
9 174
178 158
99 172
109 129
7 9
122 113
195 90
138 32
57 82
116 193
99 38
6 30
58 93
4 9
193 179
33 199
11 190
165 12
12 100
14 185
161 70
177 129
65 31
174 83
209 47
28 135
39 205
21 123
70 26
183 170
80 191
18 34
81 145
119 33
25 66
174 196
201 172
148 127
199 195
165 202
110 9
43 106
14 134
73 68
113 160
159 57
8 208
132 180
162 184
24 49
200 18
137 19
112 21
20 35
39 0
104 80
77 6
102 76
109 67
116 181
188 157
104 110
159 2
50 106
146 79
3 145
162 73
13 26
57 76
77 199
10 71
197 15
150 35
48 42
67 183
132 198
115 37
189 168
208 24
5 7
0 25
132 65
50 156
141 1
182 198
55 90
190 207
29 67
38 49
161 165
