8536
60 108
58 65
102 128
93 127
84 104
58 110
67 38
14 94
69 115
78 69
124 98
107 27
24 37
103 50
110 113
88 46
104 29
111 95
81 37
45 73
65 77
1 119
101 23
121 27
41 128
39 73
56 61
63 83
128 43
96 113
51 125
121 82
38 121
97 126
102 11
55 0
109 5
5 109
111 124
118 86
94 63
53 1
8 67
80 21
110 37
79 55
83 80
17 96
33 36
107 83
30 50
110 108
18 43
103 120
6 56
81 40
33 77
98 57
72 19
39 23
28 63
56 15
51 92
61 113
50 19
10 76
46 55
99 111
12 113
73 90
116 27
40 37
49 122
17 107
72 72
21 88
73 123
109 48
117 24
115 95
99 124
42 18
39 99
127 105
5 56
85 90
36 76
10 77
70 81
73 22
55 105
38 89
31 30
34 62
6 30
44 8
5 21
115 8
51 124
63 64
10 64
100 13
122 19
95 11
77 82
113 55
6 123
23 29
84 43
91 23
25 43
114 98
18 80
101 20
77 55
128 3
10 60
79 78
50 112
65 97
73 30
0 129
50 23
122 35
42 8
22 34
109 47
7 69
33 113
72 77
82 64
118 95
82 116
21 39
81 19
47 26
122 68
92 45
27 50
3 106
55 125
11 39
38 110
11 84
38 11
76 82
53 124
78 128
21 15
93 71
94 89
30 117
58 66
102 24
44 83
10 57
105 1
48 85
86 87
49 70
80 129
103 123
47 32
25 42
72 71
13 111
67 118
32 34
24 13
98 95
50 117
105 9
37 57
59 22
14 47
127 19
33 66
5 3
28 112
34 33
84 89
11 72
63 54
108 66
49 73
65 61
73 37
105 52
46 121
106 50
10 25
3 57
107 107
63 37
77 121
87 2
32 93
89 87
105 25
92 75
92 24
27 88
80 0
78 78
116 24
87 98
46 85
29 100
85 13
128 64
87 90
8 107
54 38
18 62
4 66
8 114
114 92
46 32
62 90
98 80
95 67
122 105
118 49
56 33
115 57
28 60
79 20
102 55
106 109
81 75
73 84
7 34
59 50
19 68
62 32
91 61
3 127
35 29
62 0
32 44
121 12
90 94
101 14
44 91
65 106
16 127
55 119
43 125
19 98
6 67
54 115
87 111
76 83
43 23
13 75
127 74
13 25
112 51
122 29
120 72
63 52
125 77
33 81
30 99
21 119
109 76
38 39
20 31
80 6
73 1
111 74
94 121
78 115
19 8
28 6
56 35
56 66
25 102
120 45
27 80
93 61
116 75
34 117
80 48
109 117
121 24
120 111
74 37
71 111
117 28
26 53
19 56
121 23
85 80
55 37
90 24
9 61
125 36
55 19
117 74
103 55
64 63
86 103
64 77
14 49
65 16
1 26
4 113
58 86
8 99
3 109
82 9
50 51
111 31
94 7
18 85
6 106
66 33
28 85
19 99
44 44
9 10
38 1
64 40
52 46
47 90
86 25
37 63
53 84
6 75
124 112
121 66
84 74
17 110
110 112
78 4
43 45
112 76
104 60
111 67
1 107
81 110
52 23
121 41
58 69
4 53
62 52
10 94
92 76
81 89
49 115
34 50
94 34
122 100
1 24
52 42
127 50
48 69
68 124
36 129
50 102
75 88
53 98
76 42
94 99
122 28
7 76
119 20
62 108
30 97
61 98
69 67
31 74
56 31
102 125
70 1
92 120
24 32
91 70
102 30
88 8
33 19
38 24
78 102
26 83
113 125
41 125
105 115
44 117
95 12
46 15
122 48
14 103
30 65
114 88
60 64
92 118
61 115
87 83
111 75
102 41
57 18
95 40
91 2
19 88
25 54
14 100
75 109
91 22
111 114
18 119
31 0
37 81
1 117
64 9
37 10
30 0
72 52
3 4
1 33
104 31
21 47
2 75
17 67
103 84
54 37
9 24
126 115
125 10
111 17
46 38
76 41
13 71
44 59
125 100
14 18
70 71
118 19
123 20
63 21
12 55
61 15
44 78
119 82
8 62
70 95
48 27
108 50
88 123
43 110
116 104
63 86
41 91
128 5
93 78
94 105
48 102
17 104
62 123
10 87
49 62
118 28
84 31
48 83
108 26
91 75
55 113
13 68
35 21
40 80
47 5
113 85
44 119
115 99
52 40
69 63
27 98
102 51
110 66
101 112
26 60
30 11
44 40
108 54
38 43
12 16
102 16
84 23
9 36
129 115
115 35
89 70
57 25
57 40
77 113
73 119
72 1
35 78
74 41
34 23
76 128
96 64
101 110
48 92
90 86
23 39
121 31
107 126
12 32
60 21
50 54
65 47
87 93
37 67
35 64
79 79
9 55
129 55
75 95
34 32
13 42
38 97
111 56
73 63
23 60
3 84
38 75
103 12
96 38
76 108
116 54
104 73
10 78
124 4
78 99
57 81
26 112
96 83
22 11
52 105
88 41
66 11
124 18
55 7
98 63
38 13
108 115
113 75
9 57
18 55
108 108
127 7
33 115
107 89
118 65
25 8
50 9
118 11
49 29
84 44
35 56
53 28
30 108
129 119
23 126
106 21
125 108
90 117
44 66
48 100
39 103
104 78
12 95
19 44
61 43
45 11
38 42
22 7
5 9
34 64
122 84
22 16
10 99
11 27
126 102
40 111
119 112
94 71
34 112
44 53
60 68
84 128
52 25
65 38
117 104
55 44
54 95
34 82
109 69
119 62
60 1
22 68
26 107
31 94
124 96
9 121
104 28
114 61
55 120
60 116
108 49
19 111
40 100
122 49
113 105
54 118
39 24
110 129
110 54
91 59
39 71
15 114
14 8
60 46
42 1
105 20
92 99
61 128
46 70
128 41
33 78
114 64
53 54
63 109
21 2
39 109
10 122
45 72
116 53
31 35
29 73
44 90
108 62
22 117
28 3
121 90
96 82
106 60
101 18
52 83
66 7
74 96
23 86
41 58
44 84
65 104
88 22
115 14
122 69
15 13
33 71
28 50
70 34
123 37
86 47
60 127
29 121
35 88
62 84
122 30
17 33
70 4
99 18
45 36
86 84
88 38
127 113
14 20
42 37
43 63
92 126
53 46
70 88
126 81
127 64
65 125
2 3
49 86
69 122
51 116
78 44
1 54
62 19
38 115
83 3
14 36
65 111
19 128
91 35
14 14
111 99
24 29
125 35
113 60
41 33
55 16
98 100
103 106
43 64
96 61
111 106
53 112
105 83
59 31
119 97
43 77
19 18
55 53
50 63
67 93
103 103
51 49
64 110
64 86
107 94
94 57
4 63
124 25
80 16
48 38
54 107
111 104
109 58
13 128
27 102
50 27
103 11
120 23
50 56
117 117
118 123
12 56
90 98
24 22
71 58
44 124
95 42
76 51
93 84
36 21
121 95
24 54
80 4
70 68
76 23
74 97
57 13
123 51
45 93
28 25
25 19
56 97
65 62
33 8
100 23
57 98
60 23
118 116
28 117
68 3
70 126
64 65
115 60
28 47
103 20
102 5
52 29
62 124
47 118
41 99
85 42
87 115
49 85
9 35
34 129
43 86
19 5
123 102
129 34
105 22
67 120
96 27
95 18
89 44
24 61
72 129
9 72
7 35
91 0
0 39
57 46
37 85
27 66
111 39
18 121
62 71
36 122
31 62
71 49
79 49
110 33
31 80
49 57
120 29
37 120
48 81
110 16
17 65
64 23
39 125
50 74
38 49
97 69
12 125
23 83
1 9
66 80
31 126
42 106
33 25
99 3
79 116
90 104
119 108
10 108
57 0
18 51
107 119
94 62
72 105
76 47
69 126
49 6
118 52
69 55
20 11
40 28
29 22
100 6
86 64
41 26
116 45
26 114
61 84
101 86
98 38
127 97
23 40
91 45
112 52
63 94
76 1
9 42
110 83
129 76
70 26
48 56
81 84
122 126
64 51
118 115
110 74
109 72
105 84
30 21
65 128
91 104
33 17
119 34
41 50
23 123
71 90
108 94
70 7
49 107
74 18
105 85
115 82
24 16
13 61
41 14
81 99
3 41
128 65
125 80
58 7
77 22
21 128
126 10
36 96
60 80
106 97
110 63
82 13
71 86
102 39
77 54
35 75
107 37
81 76
71 35
53 72
13 123
33 50
100 60
92 26
124 88
113 129
104 1
8 101
30 123
0 76
13 127
18 104
59 126
17 79
35 99
52 80
86 74
127 114
2 53
30 92
82 5
89 29
98 106
44 74
64 105
125 114
17 59
74 114
70 102
23 106
2 94
108 74
29 70
54 53
47 11
48 14
77 89
57 118
17 50
78 71
49 127
115 68
118 69
68 6
21 35
128 51
116 46
114 40
64 89
117 73
31 17
89 77
52 28
95 124
87 52
76 126
93 92
129 4
11 95
83 115
118 29
48 7
42 26
114 121
47 126
115 110
99 58
129 122
89 25
33 87
16 54
20 51
3 104
28 99
13 26
27 8
35 91
113 25
63 6
69 84
96 119
95 37
32 83
46 86
125 68
97 35
83 56
122 51
12 15
107 81
126 66
88 1
92 44
15 84
1 127
129 50
26 42
8 28
113 34
61 106
35 84
51 62
65 25
59 78
83 32
101 5
67 70
20 1
91 113
32 27
41 47
52 93
45 0
97 121
110 80
21 14
91 44
21 36
74 2
27 83
88 67
9 117
82 122
129 33
41 46
89 48
102 101
59 1
92 48
70 78
71 25
65 76
29 92
59 123
6 83
43 28
119 111
84 7
88 5
123 86
79 83
14 51
5 117
119 44
45 78
113 30
93 121
22 26
54 57
65 32
47 117
56 108
69 27
8 55
57 44
84 105
65 64
85 26
57 74
73 11
42 77
8 68
8 66
93 55
16 5
96 79
49 22
1 104
20 84
99 93
22 75
81 78
77 20
110 26
103 69
29 52
18 114
38 87
0 118
40 70
90 13
22 51
67 34
27 115
111 98
71 93
18 112
35 20
77 99
99 38
11 13
78 25
97 55
8 18
62 3
22 31
23 16
35 28
10 70
117 70
47 109
19 65
93 18
41 55
34 41
85 98
97 88
9 16
61 16
94 15
50 114
61 10
107 22
40 5
110 69
93 12
32 58
29 127
22 85
21 8
36 5
50 14
56 52
117 68
112 95
30 34
67 76
51 57
11 44
6 16
28 9
104 56
103 2
19 95
51 18
85 16
117 62
76 17
23 129
67 8
70 116
21 96
93 37
10 7
17 15
51 129
21 125
89 110
15 18
96 124
110 100
49 87
119 77
14 17
54 5
12 65
60 122
15 48
27 24
129 121
115 98
47 23
11 28
48 9
65 48
72 42
115 13
60 74
59 116
30 86
98 17
50 87
96 127
51 12
124 121
21 109
93 36
91 120
111 20
112 9
1 48
31 72
89 83
49 102
13 91
4 69
1 66
23 33
35 38
53 105
27 26
72 69
16 50
83 47
44 48
83 36
100 18
52 33
119 83
85 2
21 41
32 88
22 12
33 15
74 22
3 82
119 18
22 77
60 22
40 22
14 96
26 88
25 108
116 91
44 39
90 0
102 65
47 70
128 47
91 68
36 52
10 65
115 63
89 30
108 112
60 123
95 71
50 45
80 120
1 22
125 64
83 51
60 56
25 97
67 122
102 19
32 7
116 118
85 49
30 81
88 83
45 110
19 29
80 7
21 21
81 31
110 107
73 58
127 117
76 73
6 87
37 33
22 96
11 101
7 65
99 36
43 14
86 88
52 99
26 82
35 15
92 51
29 101
50 48
120 86
40 81
89 63
76 93
69 34
67 52
126 28
74 105
34 96
27 40
14 97
6 128
12 2
117 11
110 87
25 77
29 116
71 68
19 14
37 13
95 54
39 3
14 72
81 33
86 82
47 48
95 123
85 127
52 111
23 74
89 22
53 81
96 24
45 40
79 98
11 18
72 8
72 20
120 30
72 114
77 10
74 79
53 26
83 72
3 50
27 2
30 13
68 22
88 60
42 30
41 68
9 38
122 36
126 3
49 51
15 120
113 88
70 14
37 60
7 11
93 59
9 118
114 28
40 44
45 50
87 44
82 48
42 79
5 118
50 29
111 84
80 88
102 118
51 94
48 57
82 109
0 119
29 67
89 24
11 70
83 102
89 96
106 47
129 31
12 110
53 100
47 99
89 28
120 73
113 67
4 22
39 74
58 15
45 122
96 39
116 100
98 64
122 12
61 124
120 9
125 83
110 79
53 117
15 116
64 67
17 116
38 111
82 42
110 19
15 34
106 71
61 1
9 0
8 48
28 5
124 111
87 117
7 113
125 44
65 57
101 66
59 68
109 79
66 84
96 66
126 79
121 35
7 82
2 120
5 40
53 36
8 84
42 112
49 5
0 75
84 111
17 41
55 20
12 123
22 81
14 12
31 116
51 59
105 90
120 0
111 117
7 47
95 70
17 52
60 98
11 29
85 47
7 49
66 69
44 43
101 28
80 83
13 50
0 6
129 45
87 13
75 24
49 1
124 46
85 86
48 78
14 62
7 9
68 38
126 125
100 69
78 47
117 121
95 32
78 122
104 101
4 122
60 19
56 55
24 117
74 99
69 95
117 36
62 9
22 101
88 69
78 0
63 121
28 125
15 68
97 71
83 22
108 21
53 24
110 12
113 10
59 73
13 6
43 29
92 128
21 83
120 112
50 78
35 60
27 20
92 54
42 89
78 28
19 0
80 53
91 72
48 109
122 9
83 41
17 98
34 34
128 57
56 114
60 38
11 119
41 81
33 42
87 96
92 124
106 12
73 43
17 86
70 73
121 75
42 121
63 26
93 58
118 48
86 4
17 20
29 66
32 13
12 129
90 76
81 96
33 68
112 96
93 32
51 9
82 57
37 87
47 43
32 36
19 20
63 101
0 15
63 19
15 97
88 31
88 103
73 100
16 94
125 92
62 46
98 45
9 8
84 5
2 18
17 69
36 103
56 103
56 83
17 55
3 48
48 60
120 48
63 79
2 30
38 33
102 64
115 24
28 109
44 0
26 0
75 22
71 87
39 66
88 126
104 120
38 77
75 120
23 56
53 50
109 127
29 0
16 99
0 69
108 76
106 82
55 103
82 121
58 121
109 112
113 3
118 78
33 72
117 30
61 61
13 85
71 126
26 76
94 106
56 64
57 117
111 61
102 52
67 98
91 67
90 17
125 88
49 76
6 60
75 56
78 53
42 80
85 1
78 12
82 33
33 28
14 85
80 13
35 122
54 2
82 49
120 98
26 123
100 105
27 100
24 103
23 44
108 57
46 21
11 86
67 66
2 84
11 35
71 128
103 73
15 62
78 23
123 67
78 83
95 95
128 103
124 75
81 66
40 68
82 43
61 64
1 124
60 27
45 84
90 78
19 89
1 98
100 100
3 0
45 95
119 46
117 53
84 82
59 47
11 64
31 70
106 103
122 110
70 24
120 99
39 7
21 60
126 80
12 40
118 120
80 1
67 18
62 2
9 53
114 59
113 54
61 107
126 73
63 57
95 98
128 62
129 18
104 7
70 98
118 109
66 93
60 54
127 26
31 120
123 127
69 111
115 55
127 33
119 32
118 66
118 15
73 53
4 117
107 47
110 109
22 69
12 48
44 57
106 46
20 46
120 94
37 31
10 111
45 114
127 59
33 104
128 6
118 113
82 17
81 92
56 21
116 11
11 61
2 49
126 61
78 18
41 28
63 99
78 6
124 33
75 63
50 33
122 41
29 68
51 2
54 77
96 94
108 58
107 101
90 36
45 20
123 60
30 15
19 52
85 50
9 110
110 39
107 5
61 89
104 54
125 84
95 39
99 76
92 38
79 125
22 36
90 103
58 129
83 99
6 74
34 8
40 75
17 8
42 94
39 95
55 84
129 20
95 93
20 12
79 38
88 56
1 6
44 69
124 21
119 69
11 62
54 67
103 99
7 124
51 0
80 126
76 91
101 37
44 70
54 51
63 12
77 9
90 56
111 35
1 123
25 49
55 83
18 107
24 93
54 119
121 37
41 106
19 119
38 84
35 41
20 53
70 5
55 126
60 87
20 54
80 105
75 50
59 82
107 127
13 14
29 38
111 126
89 85
37 121
33 54
19 36
117 18
68 28
24 112
11 88
65 20
96 44
67 16
81 123
103 27
103 117
40 126
57 59
18 105
46 73
70 43
116 30
97 107
0 1
54 21
29 2
3 83
25 4
120 120
120 50
37 77
106 48
4 44
30 51
59 6
34 66
18 88
45 66
34 71
4 95
57 39
88 80
10 24
70 29
88 37
50 32
94 109
29 62
32 57
87 67
43 109
14 112
44 80
3 38
120 65
122 70
115 87
102 121
61 13
63 69
87 66
126 99
94 31
101 29
17 37
47 33
2 21
105 12
106 11
28 105
88 23
23 3
57 6
70 6
51 33
91 47
109 88
124 5
28 35
23 30
46 101
89 42
97 47
9 23
96 56
5 55
58 59
77 65
64 3
94 6
49 23
17 71
48 122
38 72
126 11
83 54
72 27
114 62
75 108
20 125
16 75
103 13
1 63
27 109
49 123
39 14
100 76
124 127
4 37
90 83
29 64
26 62
39 19
66 75
44 122
70 115
118 124
59 100
125 65
74 103
79 87
84 67
17 125
44 97
35 92
12 53
66 63
129 12
69 52
46 120
96 123
76 106
77 69
95 46
97 113
110 123
3 21
29 10
58 46
58 79
90 54
19 86
101 25
102 75
117 111
0 107
15 72
47 120
29 60
104 102
118 40
21 22
27 48
17 106
8 128
86 41
27 79
100 115
47 96
81 46
39 124
125 48
1 18
87 81
67 114
116 21
107 21
53 62
65 21
35 68
4 4
9 9
30 40
124 87
122 118
64 57
22 113
121 57
17 39
4 90
123 22
110 11
51 101
109 44
59 115
86 63
4 49
85 35
63 118
102 35
83 38
95 111
13 67
122 75
67 14
92 58
30 72
117 39
26 29
126 18
103 7
95 68
33 14
70 2
9 50
103 89
122 76
47 56
61 28
74 25
59 44
30 84
5 73
11 83
89 59
105 119
78 22
49 104
9 31
3 47
88 128
116 3
121 100
14 109
40 43
59 107
110 116
33 76
13 112
98 47
85 23
106 96
29 32
57 30
78 85
41 111
4 1
114 39
112 29
58 17
78 17
101 0
116 87
80 96
27 108
35 69
47 80
16 38
17 78
30 113
119 15
25 92
92 34
49 117
27 114
20 0
16 17
77 51
110 91
56 112
70 127
38 38
41 34
111 68
55 4
111 41
129 68
14 57
27 56
104 23
128 14
109 27
93 43
9 67
34 57
124 29
117 31
30 62
96 54
109 15
17 16
53 83
35 4
55 43
22 118
108 95
114 128
54 69
116 14
31 68
17 21
66 17
1 106
97 20
13 116
23 100
114 65
67 125
100 93
111 101
67 103
31 87
106 99
82 125
117 116
5 22
101 24
12 75
66 97
66 41
24 40
2 97
23 25
96 80
63 41
35 98
28 100
39 1
0 22
7 67
127 29
115 73
105 125
10 120
106 89
119 92
126 128
86 44
85 117
46 69
75 14
4 97
80 65
19 108
39 85
10 112
23 31
0 120
8 129
39 12
129 124
46 83
117 10
1 43
25 114
41 123
24 56
129 125
78 30
22 103
18 81
40 0
93 24
102 13
10 95
27 122
111 1
128 94
58 36
70 42
43 87
57 10
98 68
5 91
3 107
34 30
116 1
54 103
19 38
64 102
119 41
52 129
101 69
51 73
93 100
112 74
98 66
55 50
48 88
100 35
9 93
23 18
24 30
67 85
55 17
20 113
12 114
93 117
14 40
43 101
50 71
11 114
33 35
120 71
64 66
20 107
24 26
86 66
49 109
63 35
33 59
29 47
45 111
15 104
91 87
84 33
71 21
74 11
91 1
2 51
68 85
114 111
124 0
119 87
114 126
54 78
89 49
66 32
116 33
113 20
32 52
58 72
52 78
71 1
17 58
76 59
15 81
9 68
69 30
89 125
98 43
39 35
21 33
88 66
66 101
103 114
120 16
60 83
84 9
122 0
117 126
65 90
87 60
15 47
70 105
26 51
129 48
108 48
20 74
113 58
112 31
105 40
79 94
69 106
18 28
43 83
26 35
80 106
16 102
45 49
5 53
30 24
100 54
77 86
80 84
31 41
115 119
58 8
52 43
123 83
34 85
39 47
20 103
78 121
89 74
5 72
94 88
94 73
15 88
110 115
45 63
94 59
64 91
57 29
126 20
9 6
4 84
49 52
116 127
77 38
74 28
35 57
10 98
22 38
108 44
28 19
55 91
78 72
40 118
70 46
48 119
47 61
3 124
28 56
54 68
93 87
120 101
119 2
12 49
59 89
90 50
108 93
79 35
58 124
61 127
93 79
111 40
31 37
74 5
43 46
33 127
88 112
117 54
53 7
47 37
95 79
82 38
92 69
85 15
9 46
92 77
95 22
111 121
6 107
120 115
67 72
102 9
38 58
62 56
18 54
96 84
105 89
94 93
27 1
31 119
12 100
119 80
81 108
107 8
14 60
22 99
81 57
45 85
86 101
44 64
31 117
45 4
52 18
64 120
34 29
36 80
123 19
103 110
68 50
50 88
11 79
26 65
101 114
86 94
42 15
72 15
38 128
43 5
3 52
73 107
29 122
4 39
45 26
118 44
30 52
46 87
59 14
90 102
102 60
108 122
46 50
129 63
115 11
92 6
85 102
86 50
60 36
51 20
13 36
128 42
11 2
93 63
31 113
102 87
70 70
58 91
124 27
111 34
45 33
85 33
29 63
53 87
4 3
22 56
93 16
81 42
126 68
13 73
12 76
86 31
117 99
96 92
55 106
66 58
4 124
31 93
21 115
106 110
82 68
42 76
88 48
8 47
50 8
2 50
61 69
110 7
11 121
103 59
38 60
93 94
109 6
128 109
95 116
46 8
111 62
15 58
82 117
42 96
29 107
101 32
113 70
6 29
60 30
57 116
127 80
86 23
78 10
40 42
2 82
127 44
99 104
22 19
61 23
85 0
70 118
7 0
20 27
76 24
39 20
9 71
115 69
60 32
25 37
37 7
40 34
79 67
118 54
128 115
72 14
97 78
37 32
26 24
15 71
18 6
51 3
35 89
2 115
6 126
69 3
87 27
108 12
118 108
64 30
73 101
68 126
41 69
63 70
1 94
81 25
52 63
121 55
105 45
101 116
22 123
99 47
116 38
46 94
83 95
99 107
52 48
28 90
76 46
120 123
89 11
123 71
52 35
44 46
85 34
65 6
114 87
47 112
49 37
25 65
114 18
25 41
107 117
57 33
62 54
47 39
10 37
79 34
60 100
9 28
128 79
108 97
41 56
33 75
116 23
11 111
62 117
75 114
81 112
59 8
102 54
36 23
62 4
6 19
11 124
125 122
23 90
51 67
58 81
60 26
6 23
12 51
50 60
121 34
6 37
87 16
50 47
59 79
101 64
52 51
97 7
102 45
91 43
75 85
86 33
5 11
87 9
92 97
21 61
16 33
90 2
32 101
78 66
81 120
70 62
21 0
68 67
25 115
67 71
53 31
43 122
96 103
38 0
54 106
119 17
70 13
99 45
20 38
5 102
59 49
109 30
15 55
128 55
55 72
7 109
51 115
18 37
33 92
45 70
18 99
7 114
61 5
70 47
116 89
45 44
56 37
27 72
126 47
9 4
4 76
94 3
2 26
63 25
126 95
67 25
3 68
1 70
129 58
54 62
18 31
129 9
87 69
13 54
99 110
41 42
93 25
104 87
92 9
41 38
24 107
56 36
66 24
93 106
113 72
123 46
41 4
90 55
63 15
56 16
127 78
46 22
46 84
16 125
22 80
117 124
70 108
85 92
24 71
124 122
80 104
94 18
32 35
59 80
89 41
106 65
127 2
65 65
71 65
28 72
33 108
81 34
118 96
97 111
98 99
128 31
74 104
81 111
114 75
96 28
125 50
88 63
66 129
99 91
75 45
30 59
63 108
83 26
28 110
91 114
21 23
13 13
48 113
40 31
51 103
62 7
55 9
19 64
71 47
100 96
59 54
4 120
6 102
71 19
60 18
100 26
104 100
105 71
67 20
96 122
41 64
102 83
37 49
106 1
57 49
124 100
70 20
116 108
1 76
42 0
119 19
126 89
3 78
0 59
113 94
87 10
78 54
129 49
36 125
110 53
75 10
80 27
43 10
107 124
109 101
98 84
96 49
57 108
4 67
100 19
58 28
23 9
20 4
50 76
5 89
128 30
69 16
63 48
65 1
2 55
82 77
80 64
42 58
11 12
10 73
99 109
12 107
8 32
82 126
115 37
96 26
63 119
95 129
0 37
94 107
57 96
52 90
81 91
14 81
14 78
40 123
17 93
17 60
110 13
91 56
82 75
11 94
63 47
66 112
61 6
51 89
33 51
88 2
100 32
9 86
125 20
106 58
126 30
51 75
6 54
80 14
83 69
53 11
18 106
85 85
54 127
88 122
67 30
68 45
78 114
87 45
13 12
41 54
79 73
78 49
19 46
68 97
44 51
4 30
1 31
80 102
39 91
95 127
31 97
77 120
61 102
83 90
97 9
113 96
22 47
49 91
46 60
43 104
62 113
120 78
98 34
21 52
17 111
68 125
57 42
37 3
109 121
101 85
82 81
121 81
123 9
74 8
74 48
111 6
33 45
83 30
88 26
102 40
23 103
121 69
67 47
96 115
40 108
104 85
99 43
4 125
115 61
12 121
17 19
128 120
63 34
46 17
97 118
78 111
122 85
49 8
100 104
74 125
62 109
10 74
71 27
125 105
49 9
75 102
42 39
2 108
27 18
41 52
52 62
111 45
84 46
69 68
122 16
90 4
122 1
96 17
82 47
82 37
24 101
84 41
22 87
67 2
81 106
88 9
62 119
6 90
46 26
90 8
102 58
125 40
11 106
76 85
124 20
86 16
18 15
39 57
64 7
95 13
70 56
27 46
45 94
78 64
89 45
71 38
115 9
39 41
94 51
18 64
7 52
50 77
52 37
36 37
110 71
94 10
3 65
28 86
121 73
77 23
56 72
21 62
112 78
28 62
46 44
82 1
8 8
28 53
51 22
82 123
58 22
38 79
47 103
75 29
87 47
115 90
119 27
102 98
23 105
128 121
69 76
36 70
110 51
104 38
111 29
2 67
107 74
93 5
3 1
28 127
114 107
127 85
99 69
104 98
33 126
96 108
39 27
57 24
38 52
59 4
20 13
32 43
32 117
79 111
37 91
65 114
76 103
122 127
21 113
89 16
104 76
42 71
22 102
81 74
40 112
113 35
102 25
74 15
11 48
68 11
46 96
34 98
37 34
63 89
128 60
20 30
76 101
21 9
70 89
35 7
125 22
45 109
104 66
84 19
5 67
112 83
98 126
12 12
113 112
70 123
5 59
6 100
112 102
75 25
42 59
115 58
50 69
39 80
28 1
33 31
106 28
91 34
25 74
10 2
96 9
58 26
27 22
7 31
100 56
26 20
118 37
68 33
63 18
36 89
104 96
21 19
44 101
16 69
51 60
42 38
128 19
0 32
119 109
3 26
100 106
83 94
85 82
65 12
125 51
102 21
2 90
5 6
98 128
29 26
50 66
54 120
62 23
103 113
107 11
67 111
32 120
47 28
25 91
5 82
92 104
119 122
33 2
81 3
12 74
67 17
68 77
76 65
52 109
119 14
60 8
59 27
13 55
108 20
2 79
71 123
18 74
96 74
27 77
7 89
9 122
73 112
80 98
25 57
32 122
37 41
112 14
92 46
59 108
29 51
109 66
105 110
99 89
103 100
11 20
117 115
7 17
53 90
87 5
0 83
7 102
111 15
61 83
39 55
41 12
3 121
5 80
40 41
77 77
12 29
34 63
58 100
85 97
13 46
50 6
125 55
114 95
92 84
4 40
78 79
13 94
68 86
128 100
64 101
81 61
43 124
76 117
61 44
4 29
13 72
31 67
66 99
100 20
106 68
118 121
88 70
13 7
90 62
32 84
17 117
115 114
122 81
32 24
108 124
90 39
94 39
119 73
58 6
76 60
45 101
33 9
29 124
67 82
72 37
114 80
53 77
50 39
96 81
114 19
108 64
38 71
6 17
86 75
37 2
5 24
120 5
111 86
120 121
40 76
85 105
51 65
8 35
58 77
20 101
14 123
40 99
122 44
105 101
84 3
33 34
28 27
13 93
36 127
9 127
29 50
85 59
113 65
9 32
53 2
55 101
91 50
101 60
83 126
2 47
9 95
72 17
42 54
35 49
32 111
26 126
122 11
6 88
100 27
36 22
128 0
50 103
21 79
71 63
81 0
25 110
55 33
39 84
123 52
3 37
58 114
71 4
54 41
129 26
7 44
108 100
71 89
109 65
9 73
117 91
18 77
47 29
22 66
82 41
110 121
120 109
120 54
37 6
44 77
9 27
33 102
76 40
83 116
120 110
76 70
121 117
69 10
66 0
109 92
42 126
45 65
44 98
119 90
101 38
121 80
15 30
79 13
10 17
107 109
20 95
35 14
14 25
84 92
3 60
87 12
69 1
77 64
75 13
103 15
25 15
62 127
50 31
36 62
115 84
58 94
110 5
25 86
103 107
128 24
76 74
84 123
78 119
0 10
27 103
89 72
117 26
100 28
86 21
94 17
48 128
116 90
49 93
38 81
99 22
106 108
105 116
76 27
4 85
90 21
12 46
31 54
117 81
38 8
39 37
110 61
12 91
122 72
14 6
45 79
107 18
50 92
69 39
3 62
123 115
96 77
69 85
88 76
32 4
43 8
128 2
2 88
112 0
53 57
120 127
76 84
99 97
125 76
93 75
117 17
78 16
0 12
94 76
24 126
43 72
127 3
6 98
116 20
77 106
59 117
60 101
80 81
24 17
3 31
92 72
26 87
57 53
23 89
43 107
83 58
13 15
8 110
90 71
115 31
23 27
85 30
125 46
71 26
124 55
102 38
29 33
53 48
82 67
103 122
89 127
28 55
34 24
21 129
15 15
82 39
120 80
129 10
21 49
103 43
87 57
77 71
32 17
58 88
128 129
87 50
3 19
70 19
5 12
54 124
74 129
42 72
10 45
104 129
71 122
73 89
99 73
33 27
51 11
74 119
127 120
109 128
45 60
75 61
45 87
10 85
110 21
83 13
14 126
32 66
70 112
69 72
113 110
32 77
11 98
91 89
63 95
109 91
76 62
100 50
120 8
42 11
31 57
44 50
5 10
37 110
53 17
11 105
9 107
82 24
102 96
120 34
30 83
56 4
83 74
96 75
11 24
7 126
23 15
69 58
123 117
93 97
30 54
1 111
115 125
35 22
13 70
49 128
128 23
65 83
127 86
117 61
72 96
116 99
95 1
81 63
46 0
38 100
83 33
115 30
129 53
2 114
76 94
89 120
16 101
119 33
68 70
28 66
17 13
75 55
119 81
125 87
29 56
12 27
62 82
72 79
78 106
111 66
56 91
50 7
53 3
118 71
30 57
124 114
38 54
1 78
81 85
57 83
105 88
90 5
66 81
68 128
68 122
95 63
98 75
38 37
121 110
89 71
43 100
109 81
28 21
1 84
36 128
0 43
46 122
19 33
30 19
119 35
86 5
44 73
75 15
48 107
40 14
17 113
21 11
112 113
0 91
54 110
80 55
71 102
79 90
85 21
29 96
102 22
39 53
91 26
72 41
28 94
24 73
111 5
24 111
120 2
56 51
49 103
23 21
12 24
122 90
40 125
76 53
28 43
86 109
71 24
23 24
71 43
12 18
65 91
1 50
94 74
94 110
36 1
107 39
12 93
56 71
96 5
97 2
120 18
60 11
64 26
56 5
52 116
8 96
63 9
126 42
0 114
121 16
39 10
35 125
55 52
65 92
128 112
86 12
113 120
30 61
78 123
33 64
101 56
123 103
50 72
68 106
14 24
46 63
34 111
6 111
80 94
77 100
112 89
86 110
129 44
87 61
61 103
88 101
29 117
112 7
47 92
28 123
29 35
79 63
0 24
117 119
5 35
71 39
117 84
95 3
25 17
120 60
4 105
93 1
92 10
31 63
68 69
107 13
120 70
123 26
11 102
120 41
13 33
22 14
44 113
127 1
109 55
47 42
128 125
26 45
75 86
31 15
74 111
84 37
121 13
37 75
74 71
114 70
36 46
84 12
96 95
44 35
69 5
16 29
115 116
90 84
79 69
58 73
13 20
10 21
78 126
92 114
74 115
13 98
12 54
40 92
106 35
30 106
67 51
116 110
45 67
127 27
83 105
82 80
88 119
87 56
91 91
117 42
51 78
74 121
55 108
109 125
115 65
23 48
94 36
21 5
25 12
47 98
11 90
64 125
47 31
87 34
68 9
44 14
71 127
108 10
66 109
18 29
10 117
55 94
69 50
7 53
22 29
95 20
50 12
123 93
9 84
80 68
31 36
55 29
81 79
73 103
69 59
86 127
98 33
4 112
21 114
53 22
68 105
127 88
76 2
97 123
59 57
61 30
66 113
1 103
115 107
16 90
65 11
21 31
40 63
58 118
51 31
1 10
51 96
24 94
57 36
99 39
3 42
4 108
36 48
52 125
92 53
7 64
35 86
15 92
105 14
126 103
112 26
8 74
128 22
88 108
29 105
40 35
0 94
46 5
43 43
115 111
28 122
118 114
113 17
98 60
23 19
27 38
123 101
99 74
120 22
60 129
32 0
30 71
15 4
127 110
53 68
85 78
102 63
76 26
3 126
82 58
83 103
91 126
67 89
105 42
119 39
6 44
114 49
73 68
55 102
19 93
98 76
95 92
10 6
74 45
88 10
20 99
58 37
36 85
61 33
20 55
44 114
112 34
66 50
37 55
5 122
37 66
58 27
82 92
96 102
95 60
34 2
40 26
85 31
48 66
103 60
11 69
114 110
102 92
71 69
8 100
73 5
24 53
84 125
105 51
54 63
10 44
30 30
82 120
30 33
76 13
69 12
78 11
92 96
95 128
0 126
100 57
41 72
99 42
51 29
16 124
95 88
60 84
41 89
88 82
117 50
2 116
41 30
36 41
116 42
58 11
91 64
9 22
7 13
81 18
128 21
14 124
125 103
85 56
116 74
20 82
28 77
53 76
111 100
29 45
13 27
64 39
106 81
27 29
97 18
88 75
33 80
107 15
59 86
123 2
22 21
128 92
17 57
122 15
36 3
90 19
48 82
0 106
80 75
57 78
116 106
2 92
109 14
3 10
80 116
91 5
90 74
28 108
94 48
118 58
10 75
81 64
7 40
76 35
75 70
87 120
118 87
54 43
52 73
105 41
96 126
111 109
124 91
3 72
46 110
64 49
83 100
64 5
56 68
28 80
92 85
58 68
82 59
62 26
37 47
63 45
70 61
1 114
84 77
118 83
105 75
74 98
102 111
128 45
115 46
61 12
83 34
0 104
47 14
16 23
56 99
107 20
35 59
11 117
11 34
112 119
89 21
120 77
100 14
93 66
51 71
89 119
129 96
1 83
86 91
2 80
85 76
106 85
48 64
22 18
11 49
79 82
46 92
107 84
99 96
51 112
67 41
72 103
24 11
39 86
55 68
82 66
90 51
111 78
6 85
62 58
51 52
111 103
68 110
113 32
41 86
3 98
112 98
0 90
54 108
43 79
70 22
86 98
13 115
33 60
4 43
129 38
98 15
41 121
77 36
124 31
32 28
89 98
71 108
4 79
98 94
28 102
111 108
50 125
42 78
70 129
89 7
53 44
118 61
10 48
37 102
4 56
64 22
65 27
13 22
60 6
18 98
37 30
58 119
119 91
111 54
70 54
61 125
79 56
106 127
99 62
87 92
44 5
9 129
31 34
101 106
1 61
70 80
109 97
43 25
48 71
99 54
3 18
78 103
41 11
18 45
46 49
53 118
86 86
88 95
55 75
75 129
42 117
46 72
93 10
96 1
69 118
129 19
54 15
127 24
67 28
96 76
54 29
55 31
100 42
125 1
42 41
26 86
15 2
101 52
32 125
124 11
127 124
0 17
41 74
8 42
112 41
90 42
50 11
99 114
70 18
95 117
10 96
75 71
6 18
127 16
45 30
36 40
4 65
89 57
123 88
0 0
61 94
104 121
91 107
98 50
66 66
30 115
82 106
47 4
37 12
2 107
129 110
15 117
95 74
41 126
0 57
41 70
32 30
114 54
100 72
66 8
118 110
100 8
115 21
38 17
75 96
129 99
46 80
62 33
68 21
37 16
75 42
122 58
45 48
10 41
80 57
45 76
57 66
128 78
6 91
16 100
14 54
48 41
51 41
101 127
125 58
108 72
112 24
76 10
19 53
124 35
85 69
116 128
73 85
36 59
64 54
71 53
58 51
39 33
128 56
62 70
84 91
32 92
21 43
12 106
81 105
106 39
56 128
103 82
68 88
86 19
96 88
32 26
47 10
27 107
115 43
51 114
44 93
64 124
121 129
8 108
24 24
95 9
39 42
36 105
68 19
57 26
45 8
119 0
107 118
77 108
53 120
71 114
66 73
121 111
109 119
53 111
64 123
15 9
127 52
104 27
81 44
116 71
52 45
70 97
114 122
102 62
69 15
80 59
25 67
30 125
87 128
38 44
88 13
106 40
23 95
86 45
83 62
122 46
77 37
101 17
3 117
48 28
93 93
96 30
31 100
83 97
103 40
2 78
62 125
40 69
106 10
66 51
21 103
30 93
98 74
48 125
98 91
111 22
75 73
24 96
31 81
12 87
117 108
10 103
42 10
20 37
120 63
51 50
43 56
75 23
46 47
67 96
100 37
25 72
127 72
45 89
19 48
20 112
115 27
1 122
25 46
94 116
47 8
52 72
7 121
52 55
36 43
9 40
123 112
52 68
21 73
129 109
86 111
32 85
127 109
76 80
60 7
60 103
102 28
32 94
5 83
43 123
61 52
109 99
85 126
68 42
119 43
125 62
78 89
57 3
127 91
109 100
116 55
70 128
45 129
0 108
31 85
22 115
109 106
128 53
63 112
108 28
105 70
98 41
37 37
13 129
95 16
34 11
102 114
76 105
94 2
48 45
104 58
113 69
47 79
100 16
46 129
121 26
95 6
32 98
99 8
33 62
100 102
105 95
97 76
76 100
109 19
83 27
119 40
44 10
85 95
96 45
41 113
95 87
29 18
61 55
52 54
39 61
56 70
50 34
43 15
93 26
2 68
87 29
117 6
25 78
66 83
11 36
104 105
54 39
87 103
26 32
89 116
32 54
45 80
7 106
40 21
70 69
93 111
36 9
80 34
64 48
54 98
66 26
2 127
90 27
95 57
124 97
67 123
66 95
3 70
107 76
110 102
14 5
23 26
69 70
24 7
85 51
94 27
129 7
100 127
21 78
10 58
57 31
12 85
72 32
70 53
7 22
63 43
97 75
21 24
117 129
112 94
71 80
3 54
107 6
122 106
39 63
13 108
124 2
29 112
90 120
4 89
34 90
25 85
18 123
1 23
106 51
65 19
13 38
17 124
51 53
3 32
124 77
56 14
59 119
24 127
83 108
16 80
44 82
7 127
8 60
6 129
77 5
102 53
65 93
128 119
119 53
122 115
13 52
21 123
2 110
93 48
81 5
109 116
60 4
92 28
9 97
88 110
117 77
111 33
82 127
2 17
21 101
69 97
104 93
88 74
14 86
85 39
128 10
108 13
93 104
96 53
128 61
82 96
42 114
91 82
100 62
81 45
116 63
34 21
67 23
24 69
55 129
77 76
127 98
91 98
57 5
103 79
77 2
21 50
87 1
107 68
15 3
17 126
65 49
47 9
18 1
27 37
36 106
70 83
86 125
20 40
88 32
19 109
45 102
38 66
100 36
40 119
98 6
46 123
103 67
116 129
90 6
48 110
93 83
119 30
19 66
92 52
26 102
58 41
3 12
107 123
105 108
17 0
92 16
55 54
127 93
18 27
128 71
117 128
76 123
117 27
6 42
89 89
104 41
119 16
103 129
17 47
93 98
6 8
98 109
84 85
94 61
15 50
122 87
20 109
58 98
75 35
16 110
100 53
67 40
27 90
31 84
68 123
65 51
40 58
95 112
75 125
32 63
48 12
17 14
126 124
33 7
29 90
63 66
59 74
31 31
114 25
16 126
36 101
11 16
89 109
56 44
42 74
49 92
27 7
22 72
81 51
66 79
62 105
65 26
71 23
26 108
27 71
46 98
30 74
125 11
66 124
55 61
41 29
53 47
100 38
19 9
87 71
70 76
1 60
33 43
88 40
19 35
29 37
29 109
89 75
14 69
14 88
56 58
100 112
45 92
3 13
39 107
64 80
0 80
13 84
115 88
104 128
66 67
62 81
41 32
18 83
84 100
97 81
44 89
79 101
105 11
81 101
89 37
125 56
27 15
101 102
120 82
49 112
74 50
53 38
101 117
100 97
47 85
56 94
108 55
5 26
102 104
82 32
4 109
38 35
75 1
121 47
53 39
43 0
85 91
95 120
53 125
110 126
26 19
52 27
84 29
4 93
105 118
119 86
7 30
65 22
7 45
92 57
94 13
96 121
89 34
111 23
66 91
127 101
20 120
84 114
76 88
0 115
26 9
96 31
32 91
85 108
71 104
95 38
114 112
10 10
99 122
70 79
69 123
26 10
92 67
77 123
98 59
72 31
59 0
117 60
41 20
67 60
103 36
23 49
95 35
37 70
19 84
86 26
52 127
52 65
82 100
116 0
62 47
46 106
82 29
107 71
61 0
68 73
41 101
116 94
99 127
51 69
34 10
116 39
42 124
79 14
85 58
48 42
62 111
54 84
65 81
123 125
95 24
96 51
99 23
18 108
88 71
88 104
51 19
64 85
93 54
64 4
108 42
66 52
83 112
84 63
58 78
29 55
12 60
48 129
52 15
35 93
22 127
39 123
75 2
73 16
113 57
16 28
93 44
13 51
14 114
25 113
64 103
117 48
116 105
13 87
125 53
2 14
24 57
57 105
27 95
64 100
23 113
98 49
63 59
100 91
104 116
77 33
8 126
43 92
29 76
101 83
54 64
79 10
106 124
13 57
30 66
45 39
79 64
24 128
125 72
82 71
35 118
71 50
117 123
63 104
59 84
16 36
122 2
99 7
122 24
6 117
6 55
84 119
63 74
101 27
30 102
38 86
51 45
93 76
76 48
75 105
21 74
100 129
26 80
13 95
39 34
15 8
61 20
3 115
17 7
5 106
34 109
11 126
37 72
47 106
45 38
56 11
20 128
89 9
93 67
87 126
9 81
82 14
81 117
117 65
125 104
57 86
44 56
44 58
95 25
64 96
45 64
24 19
107 38
90 18
50 75
12 43
17 45
28 75
99 123
55 95
115 103
40 98
26 38
16 14
65 14
8 52
21 90
0 89
110 23
13 80
69 79
23 35
43 126
4 51
101 1
23 17
7 4
39 69
61 109
35 102
72 70
27 58
58 50
33 119
50 86
25 129
121 103
44 45
75 83
14 90
75 84
85 63
81 32
85 123
46 107
29 104
22 86
64 75
67 35
96 22
83 78
87 62
112 32
14 59
126 101
101 70
48 105
124 45
12 81
41 73
116 18
62 18
34 100
35 50
93 56
77 42
120 19
123 119
7 54
29 102
110 42
23 4
31 102
82 63
123 69
112 116
123 116
27 92
115 64
29 80
110 24
96 12
58 67
110 9
51 88
43 47
14 67
66 103
81 49
83 125
12 96
78 63
65 80
97 13
23 115
10 51
45 45
18 58
88 100
125 0
53 58
86 71
107 61
4 13
48 116
107 57
80 23
98 3
74 58
97 39
10 0
77 88
100 99
19 103
109 49
57 126
114 20
46 20
44 85
82 129
82 27
122 94
93 41
97 84
72 46
62 34
10 102
28 0
103 49
54 81
37 71
44 4
125 60
48 87
110 22
87 42
125 2
28 15
98 127
22 61
7 103
39 18
125 42
106 43
54 17
59 2
63 61
16 4
23 80
32 37
24 50
104 90
76 9
49 111
98 121
24 48
13 49
41 17
117 90
22 74
129 42
48 103
101 7
85 112
100 114
23 96
44 107
15 115
75 124
60 52
89 12
57 110
11 89
19 85
49 31
126 24
56 19
87 89
102 6
61 22
125 59
25 124
9 124
16 11
115 85
107 43
129 94
40 15
57 103
117 69
63 17
74 69
85 73
129 2
97 8
43 7
31 40
113 39
121 19
96 58
79 66
118 80
114 91
89 105
41 122
83 66
15 61
89 115
3 23
34 73
39 21
29 59
31 110
112 82
47 52
96 85
64 17
30 87
15 33
5 4
93 129
100 113
69 78
73 36
56 116
28 97
87 58
101 100
6 48
96 86
118 102
13 88
47 101
7 88
33 69
31 104
6 59
125 47
45 83
126 54
2 125
92 111
119 58
118 22
106 30
76 25
127 119
114 69
77 26
97 31
40 87
98 102
22 52
109 74
128 83
111 49
93 110
17 9
43 93
78 75
51 36
11 38
111 3
100 29
53 33
111 14
115 22
62 87
25 96
97 27
21 40
53 61
62 28
57 15
61 88
50 64
39 62
4 94
101 9
43 70
67 86
23 91
40 104
35 104
96 100
88 85
120 44
6 108
14 66
13 58
98 108
111 83
55 76
62 48
124 110
111 65
21 121
118 7
31 29
83 59
40 72
27 36
121 20
31 12
64 98
65 44
9 43
83 46
46 3
63 115
124 69
107 60
59 62
98 11
60 82
32 86
20 91
101 35
62 114
72 48
9 94
63 80
59 90
14 105
129 14
22 3
39 110
30 17
34 9
108 39
94 9
1 105
110 0
75 54
100 79
30 48
47 34
28 73
60 44
29 108
124 82
8 21
129 51
63 72
57 89
36 78
97 127
26 106
73 3
15 80
42 82
63 87
125 66
62 93
19 101
103 31
46 33
39 16
45 74
31 46
34 83
6 103
97 57
69 6
28 118
61 24
75 31
99 68
69 20
114 33
53 95
69 86
1 102
105 100
128 25
5 114
114 34
32 39
0 95
113 33
19 117
45 127
7 1
99 112
91 121
86 97
103 68
108 89
103 115
62 40
31 124
61 114
34 87
11 73
105 86
129 114
36 79
44 120
42 127
15 42
55 35
38 105
59 52
100 119
22 112
122 95
7 91
34 49
16 12
104 115
33 21
51 58
115 36
50 67
9 13
6 66
72 74
79 80
24 15
52 119
68 92
72 29
26 22
44 42
28 64
69 13
117 93
90 29
11 46
75 77
66 78
20 44
39 45
81 128
54 97
39 49
56 41
84 55
27 27
125 78
45 96
56 22
30 77
104 16
62 8
27 67
33 39
124 42
62 37
52 95
66 29
109 17
126 6
119 60
74 3
40 114
101 46
45 29
120 17
0 117
75 4
17 75
5 87
59 104
53 45
51 5
65 3
44 22
17 95
88 113
75 72
128 13
78 32
4 119
92 18
48 19
109 63
91 79
23 51
85 75
90 91
88 45
57 70
19 25
32 6
98 61
50 93
69 40
42 116
100 40
37 115
22 23
97 79
25 59
114 96
69 96
28 26
121 122
126 16
53 41
26 26
122 65
98 85
39 4
75 68
42 75
68 81
3 58
55 79
113 5
94 22
124 14
44 125
74 76
46 46
102 113
80 127
89 76
127 37
6 43
110 114
65 112
4 116
36 38
79 25
124 24
24 64
83 31
62 116
1 1
94 119
80 56
64 27
3 9
16 45
85 107
126 23
62 112
24 18
47 19
124 19
106 122
3 105
32 3
72 123
2 44
9 105
35 52
24 66
15 60
70 99
55 25
47 44
98 26
54 19
86 55
117 58
44 99
31 52
95 65
56 95
28 24
4 73
95 29
24 113
113 24
102 2
121 30
92 2
123 84
18 120
121 39
25 22
24 115
118 30
123 33
36 17
40 121
71 101
27 33
118 68
22 95
126 21
38 22
115 15
88 44
81 11
69 92
107 23
125 126
4 114
104 61
91 74
17 17
78 113
3 34
113 41
110 56
106 17
78 110
92 27
35 19
111 48
15 29
113 83
16 37
23 114
84 56
121 25
119 65
42 81
25 79
66 1
90 126
63 2
1 16
80 51
65 127
74 13
5 101
69 17
68 108
48 26
65 60
73 57
86 0
9 76
49 116
66 76
103 102
21 112
119 48
110 97
78 87
20 129
58 122
51 47
37 69
120 25
118 14
37 52
71 64
95 110
99 14
77 21
114 15
101 57
26 46
50 20
104 5
108 121
69 91
49 3
110 4
95 122
75 64
109 28
101 50
108 70
129 98
92 82
70 92
79 5
55 21
89 86
6 122
55 66
128 75
92 91
52 115
33 95
45 106
116 120
56 34
10 5
46 27
17 30
93 22
43 33
98 67
94 65
122 83
12 20
0 99
73 69
85 6
114 32
20 86
127 5
114 81
126 7
56 105
93 40
67 5
57 79
74 113
33 55
124 83
42 120
54 8
48 77
36 87
70 35
71 46
52 85
46 1
43 35
109 22
112 30
20 17
35 16
23 50
100 3
23 77
70 30
10 19
22 76
22 25
7 27
5 44
56 38
6 35
25 11
58 87
7 105
110 6
123 118
79 81
45 21
54 92
51 104
95 86
67 32
77 79
98 124
77 43
126 117
73 115
114 47
69 33
76 76
65 115
37 59
97 116
107 102
46 48
103 98
50 68
34 59
34 77
25 20
73 116
102 93
51 121
96 0
10 110
90 43
47 45
37 40
64 107
41 65
68 58
41 102
96 99
55 47
33 96
120 3
93 80
51 14
31 6
42 98
7 43
48 94
0 77
112 104
30 43
27 63
101 54
44 19
79 2
103 21
76 56
45 117
107 32
97 68
97 90
53 20
109 42
98 22
54 75
0 44
115 118
52 66
104 20
8 45
84 54
62 100
15 53
92 71
60 13
77 126
64 19
56 88
42 92
74 124
39 94
55 114
23 119
14 106
102 43
10 100
128 8
36 16
72 83
99 119
96 111
50 105
77 63
12 39
4 41
11 104
9 119
0 20
74 17
110 3
104 69
55 41
79 128
28 89
126 105
20 98
76 77
2 77
2 32
70 25
116 81
79 45
122 86
64 92
112 61
12 116
43 54
110 49
104 8
98 51
36 31
84 35
59 25
64 11
46 39
14 121
84 45
57 71
92 109
83 50
34 22
33 129
82 110
14 19
124 16
1 53
112 28
56 107
8 14
76 57
26 6
7 78
7 104
84 49
0 97
85 57
116 12
93 42
7 10
42 103
96 128
108 37
88 111
42 48
9 37
96 105
124 22
95 43
15 127
19 59
76 102
79 31
125 95
50 16
44 7
60 39
48 36
98 10
92 1
36 123
63 106
49 63
121 2
14 115
26 85
7 122
85 64
107 65
97 103
67 112
78 9
13 65
28 38
73 73
67 81
83 29
118 128
71 110
54 49
77 107
48 73
17 61
18 124
31 32
113 61
88 33
124 118
73 106
32 41
125 94
14 108
57 109
119 7
25 68
23 78
118 38
91 115
120 105
122 25
1 30
71 95
33 26
129 56
70 75
16 71
24 3
59 69
93 46
119 36
91 112
100 5
106 9
76 44
11 15
31 123
124 103
33 33
8 88
14 31
18 40
51 119
15 20
91 76
96 78
4 11
13 101
121 99
91 62
95 15
86 32
76 114
99 98
41 108
84 81
43 106
72 47
84 34
107 59
91 25
5 15
54 12
120 58
103 32
122 27
30 124
53 109
46 36
72 4
65 24
49 74
59 122
97 85
56 111
94 64
59 12
30 67
108 46
126 120
54 89
41 76
120 107
1 71
116 58
76 49
47 88
129 89
117 94
17 128
36 57
13 28
69 37
60 99
75 92
56 63
82 115
15 24
52 123
76 75
3 71
51 4
62 97
90 128
127 67
98 110
77 124
59 41
50 83
117 56
95 47
69 42
51 1
79 46
87 77
23 36
104 70
25 107
118 6
93 0
108 7
101 75
39 70
103 37
110 25
109 75
55 81
10 39
64 34
82 94
113 117
16 10
15 73
56 32
128 69
50 97
115 52
62 1
4 24
20 108
88 57
18 79
5 52
52 121
99 70
81 88
107 28
118 64
90 49
8 118
84 108
78 109
72 117
91 71
29 46
60 14
80 54
83 17
66 19
52 57
124 52
118 53
29 29
110 58
44 37
3 25
51 32
73 102
81 125
41 19
12 101
13 30
28 113
120 104
9 47
116 78
58 70
6 89
124 84
4 74
103 128
124 90
117 114
116 61
9 114
93 31
18 66
68 34
36 19
30 38
128 108
39 29
88 94
68 26
40 7
116 32
34 93
37 4
7 3
104 125
80 3
4 34
97 15
2 20
18 42
5 125
3 43
106 38
129 129
22 27
111 69
87 105
1 3
19 91
67 87
111 111
17 105
127 21
94 81
112 73
84 117
107 45
73 76
61 90
35 114
48 96
24 75
105 49
1 20
98 118
20 78
100 24
24 125
96 33
22 79
115 40
111 128
18 46
19 34
110 30
65 119
113 106
5 69
97 46
88 118
73 86
5 74
14 75
65 108
118 84
0 98
25 27
39 76
49 77
84 16
74 116
16 122
30 60
39 46
31 89
123 10
86 80
128 73
109 9
42 100
38 31
56 96
89 84
105 32
112 40
127 100
45 56
44 38
82 31
60 48
65 40
52 84
86 10
72 122
9 45
35 6
3 51
77 16
121 118
40 13
76 4
30 9
127 40
1 62
36 54
45 54
67 6
66 18
116 119
113 29
26 54
91 122
129 25
18 97
41 1
8 11
20 96
59 111
114 103
45 88
116 51
115 54
33 110
63 11
108 59
17 109
98 116
101 91
81 97
63 13
81 71
3 39
81 50
126 55
9 5
57 57
83 107
129 41
109 108
94 114
55 107
114 68
26 59
48 8
24 97
81 12
108 23
73 29
123 17
27 127
72 126
116 52
31 2
91 77
38 19
126 41
71 112
99 25
30 70
53 74
33 120
2 91
54 70
77 44
13 76
79 117
18 2
19 17
96 43
101 87
81 70
57 125
18 60
30 128
41 109
98 104
104 83
24 68
120 15
119 102
27 81
67 13
43 88
75 91
6 115
99 31
43 62
126 108
123 61
3 90
5 48
55 116
79 58
83 42
42 85
57 60
89 81
83 81
125 52
87 75
58 109
41 59
93 11
80 128
125 118
76 127
96 19
60 126
53 89
117 76
100 126
35 37
93 33
66 105
124 85
31 55
31 105
91 127
24 100
64 116
81 26
85 129
105 91
91 80
53 64
80 42
128 87
83 48
55 8
98 21
39 54
48 39
24 28
45 68
43 102
75 112
102 8
44 68
28 98
125 96
46 108
96 107
79 109
27 111
104 106
19 121
84 32
109 23
7 120
19 112
72 53
62 27
83 64
80 29
100 80
4 121
113 63
95 5
91 24
12 120
87 64
15 118
84 30
21 59
90 46
76 68
41 100
14 50
125 98
110 122
124 64
109 113
77 95
101 80
5 105
23 41
34 120
60 66
0 51
60 41
104 55
69 56
71 16
73 8
95 50
44 18
34 76
98 7
114 119
64 112
96 71
23 102
72 68
87 32
60 106
52 50
12 103
49 108
100 81
15 93
90 90
61 53
114 94
70 57
74 110
111 112
119 105
77 119
57 9
50 109
61 62
36 35
84 76
60 94
62 61
24 83
90 22
100 103
15 82
117 38
21 38
24 23
11 75
108 126
12 66
104 91
92 31
34 88
42 5
43 41
88 91
112 55
79 103
115 77
15 101
128 26
99 80
64 64
41 112
94 19
47 2
74 72
103 22
57 58
58 45
78 36
112 35
91 88
41 23
123 64
50 123
37 64
68 99
6 114
63 60
7 98
29 53
67 63
41 62
40 97
106 73
81 38
67 84
66 12
35 90
26 101
20 29
61 72
65 43
62 44
108 2
75 52
101 73
3 118
18 96
42 64
70 8
52 14
129 28
72 23
32 115
84 4
81 14
22 6
32 8
37 98
95 53
90 123
59 36
67 121
49 60
11 99
89 17
66 15
88 49
96 15
87 112
34 113
23 121
101 123
59 94
52 82
95 97
117 51
112 49
96 97
27 101
32 18
123 55
104 94
105 124
94 112
32 95
98 29
91 6
83 120
122 77
120 64
25 83
6 58
66 92
49 42
95 75
123 113
21 30
87 40
79 44
37 36
81 54
124 47
2 33
13 125
52 102
90 72
127 95
6 104
96 7
121 79
17 10
75 107
15 43
21 110
93 103
71 71
128 90
33 16
67 99
56 59
70 23
78 80
104 35
103 66
20 25
90 26
72 110
83 61
42 19
121 1
49 15
99 84
80 38
97 124
59 95
105 43
22 50
57 32
87 102
91 124
108 9
91 83
120 28
33 83
37 103
14 52
83 124
51 127
60 90
98 83
34 31
52 21
122 62
40 47
11 25
112 54
0 84
106 14
69 53
80 123
36 121
38 41
40 51
45 17
39 39
13 0
118 41
63 76
37 82
69 45
48 46
119 6
102 69
76 43
90 112
68 79
44 121
109 70
30 75
9 96
128 39
94 124
48 31
48 23
23 11
88 120
46 51
117 57
48 84
84 64
43 120
49 41
104 107
29 87
22 42
61 38
37 48
65 95
59 109
78 39
60 47
8 89
60 104
57 17
122 71
101 121
18 110
93 70
53 55
121 76
75 20
8 36
74 9
56 1
48 44
110 95
27 75
117 41
114 124
48 1
36 91
18 56
105 47
114 89
37 25
90 34
26 90
14 70
47 22
23 85
42 109
73 91
26 2
49 38
121 59
31 112
67 102
13 114
50 25
49 14
0 85
59 56
12 117
53 21
126 67
2 52
57 75
9 89
62 57
53 40
99 116
5 62
9 49
49 83
53 18
30 5
7 7
7 118
92 92
86 126
97 128
63 71
15 94
49 84
78 20
79 100
27 97
74 83
114 36
64 73
122 113
4 58
123 12
57 77
47 111
118 24
27 84
7 41
80 70
59 91
94 67
104 118
118 10
94 4
81 114
125 93
73 61
84 21
26 99
56 100
123 73
56 126
11 17
70 86
111 32
68 95
25 55
29 24
129 54
66 111
15 125
25 84
65 42
0 9
1 101
106 118
110 99
22 63
13 8
128 110
17 24
49 10
34 13
94 35
55 39
105 102
43 129
14 63
121 11
97 98
54 11
33 114
9 12
33 116
43 6
22 114
38 46
93 101
55 22
0 54
128 127
94 16
42 61
41 0
98 79
17 120
32 129
42 101
34 126
118 55
35 43
6 92
111 51
47 110
42 22
44 128
109 13
95 115
51 82
55 64
0 11
4 78
68 20
67 91
100 108
113 52
117 92
68 94
43 40
50 44
108 69
34 46
15 5
109 90
54 94
128 16
41 118
63 38
110 60
47 47
5 96
38 93
106 27
5 51
73 95
129 126
104 9
39 116
100 74
61 108
114 51
79 68
79 86
12 118
87 55
13 39
68 23
43 13
2 7
34 72
126 38
119 29
93 68
92 64
51 106
68 44
64 36
47 49
104 46
120 32
2 10
5 95
85 9
129 27
122 45
22 43
104 10
117 14
106 106
108 68
55 73
38 70
55 32
98 8
107 96
41 83
6 84
31 8
27 19
6 13
52 20
40 116
5 116
49 26
40 101
42 122
43 114
103 34
19 76
99 19
114 27
52 64
23 32
108 125
6 6
112 93
59 76
68 89
102 68
114 84
9 51
37 51
18 34
77 13
27 17
80 95
21 55
127 77
71 2
84 97
3 89
86 90
95 126
44 126
107 42
62 79
42 13
40 2
58 29
8 93
79 11
67 50
71 52
27 51
68 62
51 30
34 128
62 101
49 64
40 89
9 20
119 125
63 40
12 98
94 21
6 15
129 128
29 58
111 129
19 69
65 79
28 59
43 65
37 5
60 31
31 76
23 53
92 115
125 124
53 115
97 56
60 119
85 12
96 68
126 70
69 93
113 87
63 78
21 3
12 99
6 27
49 36
120 43
83 117
72 35
63 93
117 113
71 57
4 35
81 124
107 44
68 5
41 124
74 10
98 5
88 68
49 56
50 99
96 21
69 105
103 95
67 129
24 98
106 44
59 60
40 113
82 0
18 125
91 29
20 48
30 120
106 63
5 30
70 49
124 99
69 8
84 18
49 114
35 119
75 75
41 48
45 28
5 23
103 35
63 36
35 76
58 33
129 127
128 11
79 122
62 35
87 39
28 22
8 102
117 100
67 0
78 77
58 57
111 94
96 48
72 120
85 55
40 120
118 93
69 98
55 46
117 72
103 71
1 116
108 81
105 58
1 87
9 15
19 40
51 34
59 93
129 103
109 46
48 68
37 106
98 122
16 120
52 128
17 84
0 27
28 91
58 102
41 110
80 77
35 39
125 61
26 115
119 119
65 46
23 67
93 34
97 83
74 12
35 3
17 35
112 39
15 6
43 44
15 57
84 39
8 0
9 64
112 101
59 23
123 68
29 114
90 129
72 55
19 129
52 67
87 104
13 9
69 61
118 51
89 129
113 84
2 5
45 123
111 25
78 2
98 120
1 51
5 68
125 31
27 10
35 55
31 38
72 101
87 85
69 108
55 62
107 92
106 74
129 123
48 67
121 17
123 27
115 92
123 0
71 9
38 113
83 10
101 78
34 1
37 27
62 60
56 75
46 43
48 53
52 24
40 128
83 98
98 81
35 35
119 8
30 63
127 65
62 120
107 78
88 116
64 15
48 16
82 28
79 22
14 65
96 60
21 104
58 123
95 58
111 64
46 57
98 39
66 74
64 126
68 65
12 7
3 93
4 80
74 57
22 90
112 92
99 81
8 106
3 15
93 95
25 58
91 108
12 33
36 18
70 28
77 128
99 27
92 14
17 85
16 31
43 9
115 19
108 34
27 34
128 9
90 38
83 89
75 51
114 2
105 106
53 56
99 34
15 75
21 105
109 43
86 34
106 120
112 2
87 54
47 55
30 1
40 82
22 32
71 88
101 122
26 27
125 86
115 18
47 104
35 72
128 107
75 90
59 64
16 105
94 79
27 11
21 106
45 14
68 56
20 92
63 31
68 17
6 110
26 72
122 73
22 107
77 112
99 20
26 1
39 98
22 40
105 129
99 46
86 116
74 63
34 123
8 4
81 53
0 71
64 121
63 55
36 36
120 62
11 85
105 74
66 110
66 116
39 50
112 103
54 40
96 72
86 122
121 72
66 60
108 56
2 9
7 18
85 66
72 11
123 56
8 22
99 100
81 2
42 14
58 3
16 104
52 32
59 34
73 80
91 53
16 44
102 119
58 32
49 61
108 45
122 34
15 16
38 32
96 106
111 53
128 27
52 81
4 64
30 10
82 51
20 68
44 71
61 87
112 47
123 126
99 37
43 24
29 69
16 32
26 41
48 21
88 129
37 19
82 72
20 2
45 12
100 121
20 21
23 13
37 116
15 23
69 94
59 59
76 18
3 123
25 126
106 87
46 16
11 30
118 82
68 36
49 2
22 55
90 107
112 67
50 55
69 82
41 51
50 30
27 13
88 58
58 127
16 34
97 129
30 78
35 18
55 30
86 119
49 30
40 129
124 94
106 116
63 16
94 82
123 123
45 103
125 14
6 39
26 64
115 75
78 90
71 31
101 63
28 82
43 68
111 116
4 2
25 0
10 30
74 84
61 85
106 24
31 11
54 123
103 77
125 79
7 97
96 10
69 43
1 15
47 81
119 21
69 38
121 50
44 127
47 62
111 21
103 33
50 84
72 16
101 97
129 97
51 108
67 75
42 9
82 82
121 125
49 118
58 92
30 32
3 59
126 31
9 7
3 76
20 26
125 117
119 68
110 72
127 10
30 100
73 17
57 67
97 94
45 121
74 126
128 86
129 108
98 114
54 114
47 114
78 29
2 128
64 41
10 92
61 92
96 20
110 1
43 113
72 63
119 113
110 52
128 124
32 121
10 33
124 128
47 83
53 53
69 75
64 78
61 37
97 19
49 110
70 93
73 128
9 29
11 129
28 42
3 112
67 46
70 16
97 43
86 8
73 118
18 63
92 33
2 35
114 63
13 89
26 95
60 53
26 96
60 114
42 17
37 20
114 86
117 46
122 103
94 41
104 119
49 17
0 18
22 71
74 66
98 20
29 20
53 4
64 60
38 45
71 13
75 40
21 7
93 72
65 28
16 64
126 118
105 38
32 75
39 31
86 124
41 96
4 60
69 62
82 36
125 119
7 60
48 52
119 121
113 92
70 74
10 113
62 10
6 127
116 48
18 21
65 96
4 126
7 80
94 103
9 78
116 37
114 30
24 34
68 64
4 99
22 110
110 32
4 70
17 22
90 7
111 13
69 25
111 80
12 44
112 44
54 80
34 47
78 15
63 127
110 44
38 18
19 32
114 31
101 49
37 93
18 72
73 13
112 64
55 48
128 52
12 89
19 60
52 44
28 14
34 65
69 46
56 122
108 109
63 23
105 10
63 129
116 13
108 80
65 10
31 71
112 71
122 125
108 78
97 97
124 73
96 98
7 58
23 110
35 51
127 115
63 24
94 25
10 107
124 1
47 115
23 43
92 22
34 61
71 41
3 85
11 0
119 25
119 22
32 118
80 89
57 11
100 45
13 78
35 17
54 54
112 8
128 116
65 15
19 54
56 48
76 72
34 35
49 43
109 94
5 94
66 88
37 129
35 61
129 62
54 126
128 70
60 5
87 24
51 113
42 42
109 8
24 109
127 81
117 49
32 90
21 13
4 31
33 46
45 18
56 28
112 126
102 74
105 73
118 25
127 122
45 52
60 40
33 111
16 89
5 0
98 123
100 128
86 28
59 9
35 32
12 41
106 16
26 68
92 42
6 11
29 39
58 40
128 93
58 14
9 87
58 111
13 86
58 101
58 25
14 117
41 63
22 53
53 91
73 71
98 103
2 1
25 44
24 31
125 111
97 74
32 126
75 17
66 118
109 38
88 50
53 85
115 122
100 71
98 73
112 56
66 87
84 83
128 123
100 31
35 85
106 57
100 58
125 49
26 124
88 16
36 73
124 102
20 75
121 74
112 122
47 20
26 31
21 27
122 88
105 21
104 68
73 64
7 28
2 89
79 17
40 6
103 112
37 0
72 112
59 26
48 58
70 77
122 40
88 114
26 113
104 84
121 109
50 37
110 55
34 54
67 73
28 16
80 30
10 129
117 106
78 84
39 25
116 95
1 0
2 63
114 14
22 20
100 48
61 80
55 109
82 111
21 91
10 106
83 85
64 12
3 73
49 33
119 84
70 3
11 19
109 35
25 103
84 122
42 56
111 119
59 87
22 33
38 102
40 46
52 53
114 41
36 118
93 19
22 119
100 11
103 104
126 12
112 42
72 107
68 54
108 65
19 58
114 3
61 45
120 87
66 126
15 31
127 30
72 125
115 5
109 61
119 5
97 120
54 96
23 79
56 84
53 69
61 3
35 8
92 0
31 1
28 12
102 80
128 80
76 98
33 5
103 6
98 0
42 107
104 6
107 55
30 25
108 1
83 77
78 48
41 75
15 45
45 15
129 85
99 21
102 122
5 77
3 24
78 107
76 12
9 21
113 44
41 6
48 99
79 1
38 48
43 39
82 30
16 0
119 55
12 119
87 110
23 61
36 86
102 124
82 10
107 113
114 12
85 44
96 2
15 102
52 104
7 116
71 116
91 18
83 119
116 80
126 65
100 43
68 101
64 114
120 67
83 93
8 31
72 111
25 60
58 13
120 36
26 78
33 94
121 61
79 12
4 14
27 91
24 88
26 70
35 106
94 120
95 59
75 62
84 1
12 80
123 28
79 3
41 10
17 54
94 101
34 79
83 20
126 51
58 30
13 120
33 97
80 110
112 117
21 51
39 28
20 32
51 111
30 31
56 9
28 39
92 127
25 90
44 81
40 11
7 61
56 104
61 100
29 125
36 4
51 77
68 84
64 99
103 54
72 26
46 124
6 97
73 120
111 72
26 4
49 35
42 102
107 85
20 105
94 0
47 64
119 57
83 106
66 98
79 126
86 121
80 124
3 97
80 74
37 95
83 88
57 76
57 65
32 51
57 84
84 109
27 64
27 16
12 104
47 50
76 69
35 71
76 34
82 93
91 11
78 118
15 74
87 118
124 9
19 19
59 46
19 51
109 73
36 74
126 91
60 43
21 117
30 37
117 12
87 53
13 63
44 118
106 128
122 32
80 18
56 67
5 81
40 53
90 41
61 31
11 65
92 112
126 104
2 126
42 70
77 29
85 104
123 31
17 36
4 59
5 50
53 37
64 37
99 5
68 119
0 40
38 76
53 103
27 69
119 51
25 7
44 63
88 20
127 102
21 120
98 12
38 112
110 14
47 73
55 92
6 46
58 104
85 3
96 8
113 68
13 81
59 106
57 99
92 100
77 48
63 65
5 71
43 42
36 72
16 18
28 78
73 32
95 0
58 49
59 38
77 57
53 49
113 21
71 99
103 47
56 3
22 15
101 45
9 90
107 91
18 52
123 1
28 115
124 32
49 32
101 88
59 113
91 111
8 33
120 95
108 106
42 23
37 29
19 50
97 0
128 29
11 80
109 31
108 63
6 28
127 17
80 125
24 62
114 21
12 97
105 56
79 51
88 52
103 26
22 129
44 106
114 46
51 76
83 55
31 121
52 77
114 16
72 124
34 48
73 82
96 91
91 38
129 100
119 50
103 39
54 79
14 113
6 77
34 101
40 94
74 39
114 129
15 85
42 25
107 79
36 68
50 58
73 60
54 50
75 100
97 52
11 77
4 45
47 54
6 124
114 9
84 126
1 58
4 81
116 59
1 91
65 107
71 20
23 10
65 102
43 115
72 109
100 55
55 122
64 84
17 63
10 104
73 108
68 103
20 106
118 67
2 12
85 18
89 106
47 53
64 74
105 3
72 118
6 82
84 11
36 24
61 122
70 0
60 10
75 6
107 73
57 102
72 59
75 36
68 10
122 55
85 74
94 98
36 26
114 10
31 129
93 82
101 26
77 90
118 46
118 32
91 58
6 5
14 73
15 91
124 17
116 50
59 42
105 13
55 78
127 116
41 90
87 49
22 122
27 52
71 5
20 39
14 84
79 112
86 51
100 68
118 4
103 124
123 38
37 45
43 69
77 92
47 46
93 90
48 70
124 49
34 92
28 84
95 90
78 41
41 40
122 111
93 21
26 127
128 114
77 19
12 47
73 97
81 6
81 118
100 122
40 3
116 6
28 119
108 25
73 113
56 49
100 44
77 49
30 101
102 56
68 39
101 124
111 30
6 45
6 72
91 90
78 1
71 83
15 54
53 102
93 69
57 8
23 65
69 124
56 127
124 26
123 96
60 15
54 24
78 65
7 112
60 59
30 98
19 97
104 64
38 53
127 99
80 108
88 28
16 51
47 51
122 47
15 126
77 97
60 120
45 113
100 2
99 88
114 74
105 128
9 66
116 64
12 70
43 19
76 90
128 67
10 127
45 77
3 44
5 108
87 101
115 38
96 40
78 56
11 107
66 71
127 6
76 58
102 31
61 50
24 129
42 31
63 105
4 87
87 7
85 7
125 123
99 2
126 112
75 103
77 111
83 19
112 33
123 111
113 108
0 5
123 75
91 69
96 50
103 52
127 118
62 59
93 126
18 24
55 58
81 121
94 30
44 100
49 48
93 17
1 65
23 112
52 19
39 59
95 2
7 108
33 44
19 102
86 29
87 94
51 39
33 84
5 129
23 22
92 110
43 37
62 31
102 73
43 127
113 107
73 74
80 69
5 76
112 57
71 14
16 76
72 2
86 56
33 82
17 46
107 87
83 25
116 49
106 42
98 30
26 110
112 115
62 65
68 53
74 55
65 35
88 47
69 28
56 46
110 70
45 23
109 29
119 56
76 92
42 66
20 71
90 10
50 108
101 71
126 35
119 23
123 100
35 48
11 33
19 61
26 44
25 100
103 44
110 81
55 93
68 111
66 31
106 22
74 46
71 118
5 92
2 104
68 60
50 26
108 36
70 9
46 90
24 49
124 30
96 101
114 7
66 47
67 109
11 76
44 54
74 90
23 8
94 117
92 106
38 82
125 45
42 24
50 98
16 73
113 100
44 34
3 64
4 83
52 75
108 86
46 30
51 37
54 22
64 52
85 43
35 12
4 17
55 13
26 128
59 99
48 111
16 49
69 80
21 45
35 10
80 60
44 31
86 9
81 115
68 100
76 3
17 5
16 2
22 24
69 109
121 77
110 41
39 36
110 96
16 52
108 127
101 94
61 59
17 114
35 87
107 35
63 73
44 88
2 11
107 129
45 27
117 88
55 100
45 97
110 77
55 57
67 124
120 119
117 23
2 19
89 67
55 69
38 62
122 20
16 66
29 120
71 8
40 62
127 56
20 62
1 37
34 18
29 48
92 30
79 36
16 39
28 74
69 44
79 76
112 27
75 87
21 4
57 128
124 37
67 105
101 95
44 115
13 41
48 34
91 73
15 44
88 64
120 69
84 24
28 88
92 108
72 91
19 27
53 67
22 60
30 119
5 70
66 49
3 2
129 13
32 60
49 71
120 47
34 104
89 62
34 45
110 78
116 69
24 9
86 113
18 118
35 73
39 6
30 118
108 33
73 38
16 26
35 100
97 58
76 52
101 41
114 67
59 129
67 67
119 115
128 20
76 71
53 82
10 59
82 55
91 21
84 51
29 34
58 97
23 58
83 76
100 124
54 100
29 71
120 125
68 76
93 88
57 55
27 117
114 115
61 17
70 106
28 7
76 104
0 35
75 81
71 72
124 10
95 66
15 98
58 126
121 42
51 118
105 5
16 42
84 17
90 60
18 89
29 126
118 88
67 64
95 30
105 48
19 110
52 103
121 64
58 112
9 1
114 29
96 104
126 77
104 48
50 115
21 37
73 35
95 103
125 15
121 56
70 120
101 44
12 28
105 122
62 75
38 99
31 99
27 73
87 73
7 81
110 110
89 111
40 57
127 111
59 3
11 67
36 65
122 97
36 113
88 86
110 101
36 0
118 117
2 124
127 13
72 116
74 34
41 115
9 101
3 22
42 119
7 93
47 13
65 5
13 3
18 91
126 64
84 6
28 61
49 119
99 126
51 66
119 74
75 16
73 124
16 114
45 58
109 86
6 4
52 94
78 105
50 107
22 30
52 36
14 15
81 82
5 113
43 31
4 47
10 86
128 99
56 2
56 13
127 12
114 99
69 87
103 4
45 100
82 85
122 120
34 97
45 3
72 49
12 26
56 102
23 128
129 112
28 31
80 119
2 24
43 53
99 30
115 101
31 65
93 4
90 108
18 101
1 99
28 33
117 8
25 10
55 97
100 110
0 73
64 72
5 31
120 89
85 53
13 82
6 32
62 78
116 47
72 95
2 103
59 61
49 46
34 36
32 1
18 68
32 80
79 39
123 62
54 117
59 105
105 59
117 122
19 6
97 66
127 96
74 95
116 82
61 9
122 116
97 109
110 48
82 8
123 106
53 123
13 2
64 44
97 105
0 74
120 6
7 8
12 17
81 56
119 107
116 4
62 74
38 88
9 109
68 118
70 45
13 21
52 118
60 121
75 60
92 116
79 4
36 107
8 5
127 58
63 111
62 63
117 19
74 81
9 56
69 110
42 93
55 11
33 105
57 51
125 25
54 42
15 51
11 53
3 95
6 68
24 120
76 111
10 67
111 88
19 107
35 40
103 56
70 125
75 46
39 43
81 1
6 20
60 79
47 60
39 17
57 52
86 35
20 72
97 104
73 78
65 124
53 101
113 93
62 64
114 24
100 63
2 39
15 12
77 93
27 5
120 37
100 15
113 19
103 45
114 72
104 37
50 3
7 24
82 105
42 104
65 50
9 69
5 60
83 9
63 63
42 95
110 86
53 10
57 111
10 27
25 117
17 82
84 113
121 85
21 81
112 62
33 122
24 43
91 14
61 129
14 102
98 28
111 115
85 22
17 66
88 105
8 111
72 56
94 126
82 62
83 57
111 24
106 5
103 41
76 7
69 65
46 53
73 42
83 83
65 129
81 16
58 99
108 104
35 83
86 93
94 26
120 14
86 24
37 118
36 8
98 14
98 35
58 61
2 58
89 58
90 63
110 20
103 38
0 82
59 114
28 46
51 51
85 122
5 111
123 114
89 121
106 79
107 64
58 117
103 87
85 113
46 125
6 120
81 80
10 36
35 121
26 92
78 51
7 107
95 77
110 90
62 22
62 110
24 27
35 101
4 127
41 61
27 9
106 69
3 5
66 20
120 68
117 89
19 94
38 59
122 53
77 30
88 124
118 1
33 112
45 81
99 103
73 125
81 29
122 33
85 99
28 37
40 50
38 57
31 39
85 61
32 15
65 74
1 74
26 79
88 19
8 109
104 50
98 105
75 21
45 118
58 35
40 61
4 55
86 72
