926
44 2
1 45
36 3
37 12
37 33
6 10
27 0
7 29
20 40
48 31
48 42
17 13
49 44
35 7
21 43
10 12
7 21
21 36
41 14
1 33
14 20
21 9
7 45
24 41
9 20
25 36
34 2
31 44
23 23
34 21
20 11
13 20
8 44
16 16
27 22
25 10
44 13
30 40
17 1
7 44
23 39
28 32
46 32
48 37
30 20
42 7
13 24
27 27
4 13
11 13
37 14
39 32
29 14
25 44
32 41
14 13
20 34
15 26
11 21
13 5
49 37
10 45
14 48
35 16
41 17
48 28
29 19
42 48
48 27
4 30
0 19
40 18
39 35
5 8
9 14
46 38
49 22
49 31
37 42
10 8
46 27
38 44
17 47
40 44
23 9
38 24
44 10
48 12
42 3
48 2
19 21
12 12
32 10
49 30
19 0
30 5
11 46
10 5
17 20
12 42
29 39
44 31
4 7
30 34
43 23
2 19
33 33
44 9
9 35
43 29
35 36
43 34
21 26
4 8
3 38
6 46
25 32
25 0
29 25
1 14
26 38
20 31
23 14
48 4
37 24
46 9
4 43
4 48
34 31
23 17
14 38
32 0
7 18
43 12
6 44
18 27
32 18
10 33
16 37
20 12
7 14
49 27
21 7
4 32
35 2
12 29
38 6
40 13
30 4
49 20
12 3
42 35
29 26
10 22
16 49
41 2
49 25
32 33
43 31
13 7
25 3
47 16
1 32
16 35
33 27
46 26
9 49
19 5
7 8
4 19
44 39
42 16
7 36
21 0
39 39
27 30
12 25
46 1
31 13
41 39
21 37
30 12
36 18
13 6
14 41
17 14
46 3
43 36
9 17
28 37
32 20
25 39
30 3
13 17
5 48
44 22
35 19
28 36
1 47
10 15
37 6
16 29
11 29
8 0
48 39
17 38
12 47
22 22
43 28
40 0
32 25
5 38
7 42
44 21
5 12
1 21
15 28
45 32
36 42
3 46
22 34
28 1
22 17
37 34
27 47
48 14
25 30
46 41
0 44
2 28
49 41
8 5
38 12
13 11
11 11
32 34
49 29
42 44
22 18
21 19
34 49
15 4
31 29
31 41
29 22
14 22
4 38
36 6
49 36
20 38
48 38
15 36
35 34
12 17
30 42
27 40
26 3
47 7
26 22
3 32
35 17
45 10
27 2
34 32
30 7
39 0
35 38
13 1
28 20
26 42
14 0
30 15
47 25
38 35
35 24
47 30
27 35
40 25
49 1
40 28
15 37
40 20
3 33
3 18
49 35
30 27
3 3
0 21
7 32
0 48
47 22
35 26
34 27
26 6
32 40
33 6
35 22
23 3
35 8
45 11
14 31
42 32
14 21
8 37
19 37
42 38
41 41
36 35
22 35
42 28
33 1
47 48
39 41
14 34
45 2
27 29
19 49
0 24
43 7
1 0
4 28
41 8
29 33
34 41
40 31
44 43
19 16
41 31
22 45
37 4
26 44
25 18
27 33
7 19
41 10
19 41
23 21
43 35
44 36
18 18
9 8
45 49
33 39
32 4
35 14
8 2
28 13
32 3
28 18
42 13
18 25
24 22
35 48
19 38
37 22
35 47
48 26
36 38
16 18
16 43
14 46
27 37
28 0
15 17
3 22
3 28
6 38
15 19
2 0
30 23
37 44
49 0
18 41
18 49
18 7
49 5
35 13
1 30
0 35
34 19
47 45
38 29
44 8
15 34
29 43
38 26
12 35
22 40
16 40
35 20
3 9
16 26
39 47
22 3
44 35
34 36
19 43
27 28
30 2
15 5
31 9
26 11
34 34
46 33
34 43
37 40
16 10
4 29
43 21
34 8
18 45
28 11
45 15
44 7
33 25
8 11
44 40
18 15
10 37
30 30
43 45
43 1
29 17
17 31
0 37
43 13
44 17
29 45
45 38
36 25
42 9
8 26
32 6
18 3
29 13
12 1
12 0
24 6
47 39
25 38
2 45
46 48
36 5
36 29
20 14
24 34
34 6
22 4
4 9
13 8
31 28
20 41
47 43
34 12
0 4
46 16
12 39
16 41
7 28
33 37
28 4
22 48
13 35
33 35
21 12
24 38
10 16
29 7
26 27
20 35
31 34
47 26
28 15
29 47
21 35
1 18
11 0
36 21
47 29
8 20
6 34
29 15
0 45
19 46
4 17
46 21
39 22
32 16
38 15
48 40
23 49
14 44
23 24
39 27
33 5
40 32
3 23
6 7
12 37
28 21
13 39
34 7
10 11
34 40
35 28
2 10
7 46
2 7
13 3
40 34
35 40
42 14
38 16
11 47
31 8
6 29
5 11
32 36
32 8
6 3
16 19
28 6
41 28
9 43
34 13
48 32
23 26
3 27
10 30
13 42
20 17
23 34
14 10
13 30
6 47
48 45
20 8
8 27
30 21
37 20
7 30
38 49
3 2
40 33
33 41
46 44
49 14
47 13
19 18
29 42
33 9
31 24
9 30
16 46
2 27
47 6
17 30
5 16
40 8
27 18
14 1
28 25
46 25
44 23
0 41
0 11
18 9
18 1
29 11
36 13
10 36
10 48
1 8
38 4
49 33
10 44
22 49
32 26
13 23
44 16
25 1
39 42
6 12
15 43
17 32
6 14
5 4
25 4
29 40
42 31
30 35
21 49
12 9
2 20
19 30
2 46
2 43
33 26
28 47
27 14
44 30
14 39
9 34
26 39
37 2
29 21
31 36
39 29
2 40
24 33
15 18
17 33
40 48
14 19
10 27
8 34
11 26
12 11
37 1
22 16
24 20
21 13
19 36
1 38
17 9
27 19
44 25
8 17
8 19
4 39
24 26
1 23
48 0
0 47
24 30
40 19
27 12
34 5
12 44
20 29
21 10
7 33
4 11
36 48
21 14
2 24
40 1
20 4
19 11
49 9
29 9
24 23
2 32
45 35
27 1
47 21
2 5
4 45
2 23
25 26
11 1
16 17
22 32
0 5
31 30
7 43
4 6
29 49
5 9
0 40
49 48
46 22
0 38
14 49
49 26
3 0
36 44
24 36
16 11
38 11
29 34
2 37
40 30
8 47
45 14
43 18
9 24
32 38
22 12
16 25
20 9
42 40
13 44
10 42
37 47
37 26
25 35
30 36
37 46
35 10
24 21
21 33
49 28
44 41
5 45
28 35
40 14
27 46
4 15
26 21
1 36
5 13
29 2
11 22
30 49
7 0
43 19
23 36
18 8
13 49
12 8
1 43
34 15
28 46
25 12
39 2
14 40
48 29
16 30
39 31
1 2
31 12
3 25
15 0
38 1
20 24
40 42
8 24
42 36
45 30
4 10
0 10
14 17
45 28
45 3
44 48
39 45
26 0
16 31
24 47
16 13
21 29
35 41
8 25
47 19
13 28
6 19
48 3
44 37
8 21
9 3
48 24
38 33
17 0
37 16
32 13
10 20
48 23
23 44
2 35
0 34
18 26
21 40
8 28
23 30
49 43
29 3
25 14
35 12
23 48
14 6
30 6
44 19
20 37
5 29
6 8
26 16
30 39
27 39
11 38
8 13
0 29
8 22
18 48
9 4
17 8
25 25
46 23
43 10
33 18
16 27
47 9
17 27
28 5
33 19
14 45
24 37
0 12
30 44
26 2
3 7
25 33
18 16
9 44
31 33
10 40
30 47
27 3
14 15
44 32
43 26
47 44
5 7
15 30
37 18
24 27
5 44
6 45
41 13
7 3
21 47
0 7
14 3
26 41
28 49
25 9
27 10
19 8
37 37
21 21
37 3
14 14
19 9
38 13
0 42
22 38
23 20
42 8
45 19
34 26
32 28
24 12
20 2
36 14
26 29
37 35
21 31
19 33
23 8
38 48
30 8
6 40
7 23
21 28
7 7
19 13
25 48
33 0
1 3
15 15
26 35
17 12
18 42
18 19
31 18
20 19
19 24
16 44
23 42
23 11
0 36
25 11
23 16
30 38
49 16
25 17
41 43
31 1
29 44
43 17
10 34
44 34
0 20
26 40
38 40
28 22
37 9
2 41
23 2
49 32
21 39
44 27
17 46
10 28
41 34
1 46
46 39
11 8
17 2
5 32
36 45
15 2
41 3
35 1
9 45
40 22
43 38
7 26
10 2
22 14
2 26
17 17
36 8
25 22
11 14
41 23
