8393
45 181
153 136
104 40
95 203
11 2
198 15
84 151
168 61
109 146
166 126
125 81
30 41
126 43
114 111
49 42
125 164
12 208
27 151
80 122
162 110
63 168
161 89
107 172
141 149
113 122
89 52
104 144
11 12
77 40
125 71
35 179
42 101
184 24
144 51
75 99
118 59
195 131
160 77
154 69
111 32
98 30
124 151
70 184
107 57
170 64
188 12
58 102
2 196
62 84
14 1
162 196
167 13
3 116
39 33
92 34
47 11
99 93
115 169
147 63
28 209
97 51
209 4
16 205
74 35
122 56
163 39
110 112
4 25
26 36
140 117
158 115
82 197
90 154
67 41
6 116
207 45
121 208
136 124
4 6
66 128
141 39
157 77
183 40
3 207
53 23
24 94
137 200
207 75
137 0
203 197
108 103
172 40
199 152
86 104
137 2
46 202
84 12
14 45
201 1
7 172
71 61
185 79
25 170
152 99
150 145
188 184
10 7
168 49
144 6
32 196
163 167
49 180
17 20
16 187
110 180
29 103
103 4
158 88
10 41
135 60
190 154
146 190
173 50
84 63
79 25
100 78
201 89
111 121
174 188
152 10
209 111
54 129
175 120
109 63
147 141
124 165
41 127
125 10
136 28
125 101
15 163
208 204
124 110
55 116
137 168
59 104
9 27
183 191
204 20
83 107
11 100
176 21
128 179
151 92
10 21
156 23
63 143
10 193
138 57
93 23
70 42
103 100
123 36
30 38
142 19
82 117
71 97
110 26
112 59
161 130
99 66
198 113
81 100
200 160
137 18
99 55
94 146
18 77
182 123
4 30
156 39
68 162
193 150
68 2
169 137
186 48
19 101
129 191
5 9
169 92
77 182
209 73
46 132
121 151
100 147
168 133
110 124
181 149
148 96
74 106
70 169
205 206
44 56
119 20
187 170
57 15
31 121
114 180
67 89
43 133
149 73
12 37
208 111
199 155
179 55
142 161
142 51
139 187
116 101
39 186
141 198
6 147
151 170
81 182
189 27
83 169
144 100
71 144
177 162
23 74
3 156
181 153
146 149
29 94
6 44
178 29
77 83
59 56
74 33
172 32
169 188
120 20
179 31
82 72
192 27
151 75
190 11
29 201
179 165
69 109
30 186
87 58
98 27
55 188
20 85
52 191
92 66
28 200
115 121
8 134
34 66
78 77
84 185
136 41
206 187
82 189
140 187
187 25
207 23
27 130
156 186
199 186
83 17
56 46
44 75
17 133
45 37
28 192
47 209
9 149
100 77
24 41
163 199
37 207
110 193
153 141
28 59
201 174
161 106
76 36
49 62
74 62
73 157
118 136
150 201
42 47
66 39
106 112
125 121
76 189
13 144
0 113
183 96
200 34
190 28
151 208
117 156
93 106
185 100
159 201
72 116
200 164
136 131
147 154
194 119
74 130
136 95
69 79
185 107
178 106
98 124
146 74
151 67
28 0
54 37
172 129
122 171
134 28
99 19
126 91
206 152
142 176
205 77
150 143
111 209
29 63
202 10
105 147
196 120
118 14
188 176
207 169
46 189
132 63
138 80
93 158
201 112
44 125
17 19
132 185
171 38
204 209
148 138
131 117
31 84
77 99
84 202
123 144
81 176
63 208
140 88
10 157
196 138
4 19
118 73
29 125
82 169
0 172
199 131
127 86
206 115
73 71
132 30
118 138
11 123
164 180
131 150
38 143
172 77
127 15
84 160
86 198
153 198
37 23
198 98
174 24
174 146
122 40
48 127
166 128
93 118
55 185
54 28
99 65
162 200
194 178
121 124
21 50
123 76
40 25
72 15
125 171
186 140
180 71
110 115
93 206
80 109
169 113
33 50
17 86
5 144
19 169
37 162
207 207
136 110
121 190
157 129
131 31
162 104
35 156
142 54
153 105
109 10
82 86
176 122
28 111
50 151
194 166
154 171
6 83
54 186
46 114
166 129
76 96
97 200
72 67
120 157
84 179
149 83
138 82
104 114
52 114
129 198
47 171
2 170
108 123
107 89
35 183
47 136
168 191
10 199
197 85
28 118
24 138
119 184
143 104
31 64
23 9
79 157
85 138
47 201
172 14
171 64
168 3
20 167
129 170
26 178
63 176
13 125
107 105
21 138
87 45
196 51
63 142
206 68
71 100
161 207
195 150
171 33
45 9
173 82
48 140
45 85
9 15
123 161
78 209
18 47
32 122
15 20
122 100
33 151
19 144
63 54
204 135
206 0
14 164
50 40
139 40
139 105
128 21
118 177
184 111
206 146
182 164
67 159
169 71
80 110
102 167
71 46
37 126
143 39
36 176
61 119
149 104
120 100
90 205
164 140
148 153
117 108
146 148
33 60
209 205
38 203
167 62
73 13
134 135
86 196
85 106
200 144
132 181
35 185
141 67
105 53
174 196
190 186
124 131
127 114
188 199
168 73
178 50
21 15
141 189
172 51
155 58
62 33
119 82
186 184
174 153
144 149
42 196
38 131
99 71
45 121
65 124
202 182
62 85
119 116
172 101
163 96
7 13
146 48
63 78
186 190
89 3
107 208
6 51
96 189
156 109
71 58
63 30
143 48
78 120
189 63
136 189
167 65
96 109
72 124
128 199
15 57
145 87
30 7
116 50
189 195
117 25
54 79
187 156
6 153
171 75
183 38
13 60
94 119
89 109
12 134
125 24
185 125
7 34
65 202
32 159
72 39
199 116
66 109
197 198
142 68
65 185
20 174
127 46
56 62
37 44
203 107
4 129
189 53
190 61
198 75
16 38
133 159
209 118
82 160
114 63
132 15
100 128
207 158
10 167
206 127
83 203
71 50
17 29
202 5
20 7
45 193
81 165
60 26
29 115
65 156
45 169
171 53
206 176
68 187
60 165
173 147
4 77
58 198
0 121
114 67
165 192
189 121
147 18
206 41
26 22
44 93
193 80
102 127
107 131
154 13
195 168
201 47
40 19
30 98
139 43
51 128
63 103
82 94
95 19
163 53
137 103
177 22
182 126
151 18
67 169
155 68
52 89
169 45
202 14
135 206
186 143
119 33
112 82
42 24
101 83
109 106
4 98
110 139
195 191
69 10
179 13
116 207
144 178
181 143
87 75
114 29
164 6
115 95
108 184
101 21
121 50
117 171
181 160
62 160
22 43
20 181
24 176
79 197
19 181
188 81
106 168
67 134
3 15
22 199
158 182
161 145
70 140
116 188
81 69
142 34
165 101
14 14
129 74
117 59
59 183
195 28
103 182
170 198
9 26
36 144
144 185
8 164
11 35
168 173
81 47
195 159
127 23
127 3
48 18
117 22
198 190
188 191
83 129
204 188
159 134
34 205
160 115
98 157
59 45
81 155
44 123
43 67
58 54
32 111
4 167
57 3
97 207
140 101
157 128
9 182
40 4
135 36
76 147
104 45
110 111
8 187
119 209
125 22
111 56
80 36
92 124
116 49
72 188
187 118
197 118
64 130
20 135
162 147
8 130
62 179
79 72
97 135
21 48
187 117
56 135
54 32
42 58
45 168
65 132
95 100
25 96
100 169
109 118
76 202
54 12
160 176
32 99
124 8
39 114
105 208
49 108
96 202
117 49
173 128
101 195
106 76
137 70
133 50
39 195
134 193
137 201
61 160
205 150
42 5
126 105
203 200
63 167
139 158
164 101
109 155
146 119
67 96
128 28
109 61
1 61
113 65
177 82
118 163
119 40
114 201
178 149
12 119
124 63
50 117
41 28
25 165
85 18
177 184
94 130
98 201
207 180
86 66
99 91
10 78
129 68
91 28
91 117
124 65
109 171
199 56
96 156
128 193
179 130
145 59
58 156
190 47
13 130
22 200
201 198
76 134
174 57
90 115
56 35
104 190
181 201
124 205
132 89
155 48
142 29
32 76
179 177
111 189
1 35
22 138
30 192
175 103
161 167
118 19
114 156
41 159
76 118
119 158
33 161
18 153
95 148
177 86
117 123
95 122
169 114
157 13
8 55
46 186
124 50
33 103
12 144
147 46
72 11
98 191
41 165
153 163
110 33
119 118
170 158
74 12
170 50
101 23
181 67
19 158
158 155
179 106
189 11
13 86
45 81
47 203
53 144
185 80
197 40
2 204
62 7
120 144
146 43
122 163
74 76
164 169
53 110
195 142
85 180
27 177
117 4
149 70
110 93
75 128
37 18
89 49
124 66
54 13
106 47
163 52
170 66
206 149
150 126
31 13
53 69
67 32
89 147
160 154
148 125
135 185
120 2
54 99
101 59
187 209
187 182
136 137
50 140
167 75
80 95
93 30
150 103
203 116
37 195
43 80
111 30
93 162
31 209
2 201
209 166
66 95
176 34
116 25
95 105
124 197
95 12
76 194
167 36
43 64
100 117
144 82
132 200
190 114
20 78
198 77
199 170
116 135
29 32
25 153
87 110
197 51
72 166
112 73
135 180
19 208
9 165
175 184
208 40
11 45
184 175
203 17
160 80
80 87
99 59
11 180
148 111
203 25
8 58
55 174
190 8
156 103
152 70
98 23
25 7
169 24
115 129
151 175
191 90
0 114
81 131
34 199
148 145
196 97
78 30
58 209
72 73
87 175
155 29
127 138
174 167
68 10
106 12
196 6
108 102
150 48
72 151
117 71
25 14
54 80
185 111
66 178
97 137
1 30
59 64
193 94
192 144
120 163
134 11
84 30
155 44
174 60
3 102
140 161
54 202
193 1
99 169
165 145
88 201
166 72
75 176
153 140
204 153
56 132
154 192
156 174
88 80
106 93
0 104
44 147
181 206
177 136
14 6
108 141
151 106
157 117
172 195
74 71
121 32
132 53
35 17
177 131
86 201
85 67
103 27
87 138
15 26
196 192
176 171
42 206
62 103
193 101
88 2
137 43
57 152
34 91
188 185
118 63
67 206
129 104
177 113
67 29
93 32
88 26
46 110
34 125
194 74
114 164
147 146
37 96
146 164
114 59
50 21
46 22
128 82
127 33
44 152
59 178
198 145
127 19
78 102
36 101
157 10
121 91
78 199
76 159
58 90
126 87
184 78
74 109
62 6
201 105
56 145
57 206
117 117
79 153
45 49
79 129
167 204
175 73
11 83
141 93
31 118
73 41
30 66
94 64
95 99
91 0
161 170
142 155
144 73
174 148
153 84
39 109
131 29
209 159
149 20
199 202
72 30
29 123
98 113
5 20
139 80
33 141
45 209
135 88
192 115
0 110
100 181
90 160
16 34
100 102
31 67
8 110
48 148
74 89
128 84
118 70
44 135
20 60
50 58
14 209
29 48
78 79
44 144
23 60
52 102
157 195
208 208
61 145
12 15
169 160
19 125
132 66
161 51
93 68
51 123
167 80
196 160
28 2
157 209
80 10
52 200
201 126
172 94
173 168
34 63
110 82
74 104
122 68
174 100
200 25
168 193
206 6
166 91
66 75
122 83
108 91
59 29
72 163
49 133
52 71
143 107
108 155
209 56
173 178
38 128
184 106
99 197
21 98
185 151
33 55
186 21
104 131
8 18
142 16
101 171
49 58
85 49
158 147
182 149
167 79
116 134
125 114
44 60
80 96
111 85
21 8
181 61
185 37
70 135
128 113
82 69
202 178
32 117
8 141
127 97
81 132
97 118
140 158
150 171
86 105
43 20
100 79
191 2
205 90
83 15
127 40
113 203
98 155
188 65
120 97
69 108
202 144
196 178
182 50
9 66
106 55
112 113
114 91
203 144
6 14
177 99
154 161
192 176
78 124
33 199
208 124
180 32
69 141
157 199
152 151
189 172
59 141
191 162
75 62
123 98
106 8
0 197
56 87
59 161
182 107
58 138
18 4
55 187
114 82
198 53
91 18
141 96
155 18
141 202
170 166
77 63
112 31
183 189
194 25
97 75
63 27
137 48
27 105
12 18
198 89
192 109
65 107
95 174
132 198
101 93
27 78
78 148
111 208
101 88
22 145
22 42
160 117
179 12
174 187
178 118
158 46
89 96
53 102
150 3
163 116
149 59
158 159
141 64
80 144
31 151
203 43
6 177
73 192
159 181
148 184
123 137
69 32
150 10
160 201
116 160
182 141
85 54
107 121
164 118
191 115
93 27
8 5
122 115
42 125
130 108
14 184
163 173
67 190
73 66
49 209
38 165
189 140
135 97
95 186
36 0
45 64
157 60
20 102
99 174
116 163
101 102
135 91
176 92
184 35
137 126
71 62
113 30
27 196
105 43
74 195
14 142
99 107
31 27
179 84
126 84
22 51
207 37
164 157
117 57
23 150
26 118
53 39
180 26
66 84
77 37
81 88
192 64
23 122
2 205
209 39
180 167
70 137
76 21
193 186
123 116
143 122
38 65
195 127
143 192
158 63
157 12
171 177
100 36
153 78
13 107
62 79
125 7
37 40
99 29
81 50
69 195
197 161
157 182
18 203
109 111
19 196
18 106
16 117
150 147
13 23
99 4
153 161
62 107
7 192
54 139
207 130
120 85
183 138
186 129
188 205
183 185
197 34
27 160
81 103
33 146
71 67
157 160
17 51
101 33
187 205
100 13
189 119
178 167
17 73
150 12
184 39
83 126
14 4
93 48
5 36
20 70
40 164
25 171
133 160
201 178
126 104
147 50
66 55
95 66
69 21
22 8
0 77
194 4
15 53
28 117
9 181
124 142
25 168
142 138
163 158
50 24
198 48
162 121
14 31
5 189
19 203
37 110
83 52
1 174
167 128
155 149
54 204
43 82
52 60
183 184
165 1
21 31
163 198
118 183
153 11
160 93
157 180
123 13
157 6
78 176
44 90
110 54
28 58
154 67
114 108
76 143
5 125
38 123
44 15
58 11
182 112
89 61
106 141
33 137
36 46
43 29
165 33
125 188
50 133
127 179
176 187
69 196
98 116
203 174
100 34
192 47
208 73
103 17
35 195
164 196
176 113
33 107
207 137
42 183
14 192
40 109
78 5
198 47
68 45
60 113
172 193
48 138
154 169
159 95
100 108
26 124
98 112
88 74
28 26
199 86
47 200
191 96
81 4
21 124
55 173
151 125
175 111
182 98
177 61
194 125
107 170
106 32
36 129
36 1
107 28
81 80
43 81
87 4
179 58
115 59
40 53
122 165
38 150
175 170
10 150
108 36
173 117
0 98
85 166
78 171
120 52
143 34
122 157
64 2
63 124
77 191
17 38
159 80
50 6
13 193
117 63
146 23
182 165
84 1
100 162
59 74
61 177
75 41
94 208
163 95
73 57
77 120
109 195
71 28
199 9
103 172
9 113
132 190
105 166
156 160
170 91
88 7
177 0
170 27
69 204
142 43
23 32
33 180
129 197
185 11
6 26
102 154
67 94
185 172
56 82
74 65
206 189
100 52
6 5
147 173
87 88
204 45
9 112
137 36
195 181
190 24
132 196
28 119
90 83
21 23
185 109
51 66
54 0
34 73
132 21
89 174
106 95
59 119
3 141
193 19
102 160
21 199
55 20
138 8
119 160
114 39
135 117
158 39
47 148
86 91
126 176
181 106
81 194
10 67
201 94
207 184
53 191
78 26
169 120
136 62
23 157
55 60
89 151
68 70
74 207
172 115
162 183
96 198
181 95
68 85
68 81
138 107
91 3
25 100
58 32
23 115
128 173
6 185
204 93
186 33
144 163
177 109
148 69
175 192
184 166
149 62
30 92
180 158
60 138
78 200
126 206
28 185
120 55
54 155
62 128
151 77
13 36
36 102
146 79
97 52
172 125
118 135
169 144
202 59
103 47
1 114
76 105
196 28
101 99
5 55
64 183
61 22
59 14
3 57
62 36
177 79
195 7
47 60
193 84
201 205
75 83
83 22
18 11
96 128
162 171
72 55
124 43
4 141
59 180
138 46
120 12
202 60
206 1
103 124
160 11
156 46
53 52
172 151
10 131
180 64
50 110
61 49
35 133
96 64
116 58
191 17
165 147
172 80
124 150
109 157
188 119
49 17
76 54
92 67
63 162
58 72
194 206
149 193
138 179
97 25
8 59
105 145
70 16
178 175
195 67
68 138
125 58
52 134
0 179
203 51
197 143
146 98
76 4
187 63
46 69
131 192
164 77
6 181
128 120
29 19
101 141
208 43
30 100
33 51
174 166
123 108
167 189
148 17
80 194
181 174
4 26
15 77
126 82
29 182
138 155
165 195
173 112
188 194
45 66
175 116
165 77
185 139
138 142
162 163
183 137
182 142
123 200
150 125
204 166
175 39
48 195
142 50
208 119
128 183
195 145
171 16
120 89
15 139
83 160
157 111
192 202
140 70
209 156
155 162
65 42
112 9
56 36
193 33
89 131
53 14
95 20
86 173
94 129
198 203
193 57
133 59
78 135
181 113
69 81
143 118
126 144
23 161
168 131
195 153
65 105
86 162
23 50
88 96
12 88
30 72
44 35
209 206
153 187
171 91
84 146
68 27
152 61
33 125
182 199
70 22
130 31
92 65
81 147
107 181
7 16
65 134
117 42
123 149
177 192
71 166
206 150
104 3
188 123
191 91
134 5
139 173
133 96
117 92
127 207
42 10
158 20
203 76
132 65
102 73
199 156
160 73
170 171
153 113
164 115
62 58
82 34
29 45
191 201
83 62
43 147
20 171
142 7
40 33
189 185
73 73
81 186
180 44
26 82
5 4
80 39
200 192
161 162
99 81
108 119
72 127
129 32
12 27
111 42
92 82
112 86
155 205
152 5
6 60
90 50
53 58
76 113
31 76
56 33
14 64
78 181
188 25
135 197
16 73
68 80
0 39
186 197
44 28
172 79
99 184
92 20
71 204
100 28
125 99
78 22
13 55
139 108
170 195
191 173
157 190
73 125
70 117
127 132
167 161
179 4
20 147
130 154
69 132
180 2
29 92
69 138
41 90
207 47
67 0
82 46
112 106
137 90
5 148
116 47
81 7
130 14
138 139
13 196
156 125
76 207
124 16
28 34
168 107
209 195
13 159
118 28
144 94
136 4
188 85
13 127
58 179
33 115
46 126
130 193
205 19
46 64
69 60
79 20
5 207
10 6
16 62
151 15
139 133
109 31
26 203
18 43
27 90
59 117
22 152
39 81
92 155
75 92
106 33
35 20
116 17
120 19
192 147
204 46
157 44
38 103
180 72
203 81
179 143
14 121
100 40
113 20
156 137
92 176
159 113
176 131
1 144
97 21
156 49
207 48
88 133
98 48
102 36
90 65
3 123
71 135
159 127
7 25
94 50
44 157
97 167
198 207
86 191
128 62
120 31
45 65
191 55
139 137
119 185
42 152
182 171
159 121
206 186
188 76
181 25
97 168
206 119
56 31
86 94
121 45
97 103
83 193
50 25
27 13
129 99
170 104
152 121
33 62
165 82
112 39
133 207
35 107
89 72
189 40
106 116
27 64
68 137
180 42
15 84
2 191
7 21
12 29
66 163
120 112
141 69
160 90
3 129
66 116
62 35
55 78
58 9
36 135
184 88
103 68
199 117
74 112
94 127
106 140
137 37
114 106
161 44
46 172
176 175
65 8
98 175
151 55
68 160
184 164
164 0
67 139
208 207
197 11
162 79
109 147
74 181
137 136
12 36
182 106
102 97
23 94
49 73
174 6
44 96
201 131
194 114
206 24
183 4
12 92
109 184
123 39
146 132
184 146
199 10
161 181
162 124
21 151
115 78
168 144
45 68
34 59
5 24
173 43
11 56
145 65
9 24
205 111
141 78
51 82
188 51
35 108
97 124
173 206
98 39
53 173
98 88
185 179
134 35
76 100
55 120
61 94
33 130
61 150
112 166
180 69
23 5
164 152
96 106
17 52
88 5
101 183
196 37
79 139
0 164
135 101
200 200
103 0
57 123
113 114
110 91
117 36
180 133
157 192
12 83
145 126
171 186
26 117
174 118
6 105
26 48
147 193
24 108
3 32
55 15
181 151
162 182
167 137
185 22
191 122
46 39
27 16
80 33
136 58
138 48
106 126
62 31
132 49
26 18
74 182
32 133
125 112
139 186
44 105
0 43
131 175
129 89
64 147
109 44
26 147
18 19
118 69
180 14
59 143
6 38
93 207
208 56
4 187
176 83
163 171
71 20
33 66
9 3
183 68
8 104
152 46
25 207
17 163
118 176
119 124
157 174
12 197
54 180
194 85
129 83
77 23
44 118
90 85
118 112
179 95
60 156
156 60
112 170
197 135
147 107
104 121
16 43
47 161
99 159
128 72
45 147
157 27
144 5
26 122
145 68
89 76
62 146
151 107
49 6
72 177
191 52
61 0
156 2
136 67
179 62
63 131
107 151
124 134
95 3
137 7
193 46
177 66
177 201
183 24
11 5
88 46
47 75
203 125
161 81
86 4
7 193
109 113
76 208
150 24
149 119
20 4
12 121
97 92
149 192
104 146
45 149
0 10
130 2
80 199
187 137
152 179
59 91
151 186
70 21
72 97
64 66
81 142
183 164
17 102
172 110
40 21
51 39
133 101
93 75
92 2
100 143
5 74
170 105
196 111
134 111
178 190
9 107
51 202
17 82
45 60
16 148
174 18
46 196
101 81
204 61
39 84
54 205
129 172
42 198
43 88
72 26
148 128
91 40
194 45
135 15
31 52
10 43
185 175
89 24
8 196
72 108
74 78
135 41
182 86
128 208
109 124
65 0
21 158
26 197
111 94
140 166
67 1
182 12
205 10
19 126
74 189
184 179
59 127
91 205
198 206
49 174
28 73
205 167
37 124
97 28
185 90
13 183
167 97
101 106
158 103
155 20
13 202
94 173
72 21
132 10
189 116
39 103
60 20
112 124
102 49
170 24
142 170
169 143
148 105
196 197
130 177
36 114
147 98
206 136
7 14
94 135
205 94
160 38
154 155
159 16
113 178
50 106
205 74
62 200
79 201
25 105
142 181
134 201
35 153
32 54
126 53
65 98
146 153
21 164
121 160
155 37
67 42
31 77
135 87
209 136
178 191
186 2
47 186
83 16
58 148
52 132
190 39
175 195
105 182
110 77
166 135
97 122
75 135
85 118
97 11
100 44
64 92
114 146
6 189
55 117
53 122
92 7
62 136
138 174
90 127
142 39
32 83
53 104
67 131
167 168
168 15
90 123
177 174
23 158
116 86
59 85
5 49
198 16
160 164
194 146
62 83
137 118
185 99
201 96
46 67
165 160
79 54
177 124
53 184
128 85
201 125
205 91
8 125
62 34
84 22
185 39
12 167
9 12
93 95
47 70
174 193
5 38
15 17
182 33
81 86
193 183
24 164
131 82
122 67
97 171
179 156
58 68
207 136
26 10
28 104
27 122
132 153
104 126
21 59
59 157
178 180
108 142
204 187
33 27
96 50
57 179
123 165
60 199
26 157
180 12
148 165
153 195
206 42
185 164
67 102
91 190
147 196
74 55
72 76
95 127
38 185
23 139
86 18
61 121
135 114
170 89
50 22
176 56
62 177
148 97
168 111
89 112
67 135
100 22
132 164
8 33
73 54
182 85
178 197
59 158
131 161
81 53
18 66
15 104
99 104
194 192
64 86
73 80
173 17
56 20
128 167
77 166
13 134
129 94
142 11
44 184
195 106
192 201
94 90
143 54
174 177
181 131
126 165
0 154
148 149
165 170
202 124
80 117
132 112
165 66
171 3
44 198
77 74
78 169
117 150
112 155
68 69
18 140
157 66
69 55
29 117
141 4
165 179
180 86
138 39
142 118
52 129
73 164
112 78
127 131
177 104
66 132
34 7
207 82
84 28
118 30
0 144
187 119
71 45
19 21
68 16
168 95
196 12
49 160
172 91
23 207
0 66
53 130
142 74
68 126
157 179
144 19
113 181
96 45
100 64
50 77
111 153
204 182
123 153
175 75
20 6
22 9
203 46
152 40
77 52
98 92
0 157
150 198
122 149
13 50
12 122
103 63
155 156
40 37
146 52
108 17
119 173
61 6
84 23
92 189
205 200
36 154
56 101
68 75
182 69
152 13
144 169
45 109
5 165
73 34
34 169
174 141
157 94
57 6
2 0
133 107
81 90
145 14
170 77
48 188
53 133
26 98
37 17
137 21
126 129
192 143
202 168
53 196
198 114
193 90
148 206
146 61
130 58
187 187
19 138
183 53
62 198
78 180
92 103
70 34
118 128
134 69
129 62
149 205
105 103
193 22
48 203
56 134
152 43
106 35
50 55
114 54
126 27
16 63
105 37
96 90
67 15
18 165
13 21
136 33
168 157
69 127
78 91
59 121
115 81
8 41
45 151
46 2
99 112
112 83
166 85
75 158
47 87
109 148
41 112
124 183
113 199
166 192
118 57
147 38
155 121
38 92
63 144
196 53
25 46
59 155
88 71
71 88
26 142
159 198
35 142
9 120
205 182
99 17
57 132
164 160
68 66
97 110
54 82
79 48
70 2
133 63
46 29
63 32
13 89
153 193
68 181
152 199
167 8
113 193
147 194
97 112
51 106
157 70
66 73
115 172
187 130
200 109
28 134
206 108
116 72
132 35
46 95
89 35
155 195
61 164
150 137
67 28
41 208
168 148
126 33
92 127
3 37
125 89
66 12
106 58
33 28
190 86
116 109
149 94
23 116
169 85
39 160
202 204
150 124
66 143
98 162
157 56
136 46
186 110
28 121
14 175
150 197
17 197
68 155
171 90
107 13
117 13
151 59
194 31
121 17
195 116
117 95
93 143
29 43
66 65
7 90
63 72
138 97
154 62
142 209
90 208
109 115
51 168
158 177
58 93
131 33
80 59
177 74
67 97
15 182
37 100
94 1
26 120
121 19
159 203
124 174
209 125
80 92
102 165
102 92
60 79
165 129
181 87
139 192
52 203
12 17
120 30
90 52
78 81
155 158
45 173
76 3
15 49
194 73
28 24
1 15
206 10
5 155
39 39
137 47
197 203
127 171
182 100
29 196
163 69
131 26
12 68
166 155
159 168
29 39
59 46
1 129
34 8
129 86
141 197
98 70
0 91
151 142
152 183
185 141
90 153
76 32
187 39
17 176
154 141
69 203
10 149
162 106
145 132
93 186
88 81
108 169
159 115
203 65
48 92
15 157
97 164
58 152
26 177
109 196
167 50
193 138
115 88
51 110
9 109
5 14
48 88
1 146
145 169
44 33
90 1
11 124
12 141
100 32
49 34
176 118
22 139
74 131
208 107
157 170
36 89
208 118
140 196
193 86
96 53
154 166
114 187
140 131
198 188
37 182
68 173
202 106
98 21
145 201
24 58
113 207
120 105
120 192
57 202
40 114
209 142
163 124
63 11
13 179
186 156
145 122
25 202
107 92
49 88
191 41
196 93
2 206
41 197
136 144
109 110
6 197
74 121
94 157
143 141
144 190
202 159
116 85
196 42
67 14
197 33
96 159
128 99
195 16
126 59
131 205
36 13
5 65
103 34
142 189
82 31
168 70
73 198
97 53
209 103
84 52
90 175
55 85
52 23
100 135
85 132
191 153
128 22
97 166
184 43
0 88
2 110
168 145
125 158
166 165
186 103
57 80
65 209
40 182
89 191
38 182
135 127
112 116
181 100
39 21
47 46
141 124
135 80
20 170
16 155
158 166
110 7
194 66
10 12
90 173
142 27
191 60
15 48
135 57
106 41
79 71
191 51
167 155
117 139
79 150
122 195
16 174
171 162
109 158
97 4
161 95
59 82
67 49
0 155
194 193
166 122
25 32
73 187
169 95
30 57
95 173
146 107
181 136
111 112
204 201
197 15
96 18
142 159
113 172
118 54
191 160
146 78
65 130
120 21
147 7
144 142
53 73
138 87
189 18
77 188
189 70
98 105
75 66
203 27
189 133
178 81
180 38
37 165
192 58
22 21
0 173
53 197
125 162
167 127
43 101
90 104
45 97
62 48
62 205
83 144
154 30
61 174
12 169
195 50
132 34
153 46
66 134
60 83
115 15
55 154
51 178
147 113
140 184
181 26
178 143
78 23
161 23
198 168
201 163
200 186
173 1
16 13
52 50
78 152
26 24
111 47
21 55
79 168
112 17
187 162
104 65
133 128
84 95
9 101
204 56
199 88
98 10
208 128
170 8
76 157
177 140
151 34
85 176
122 15
169 96
148 65
161 120
196 148
130 61
30 120
41 86
140 188
105 70
20 177
25 17
193 191
60 98
140 25
106 151
203 146
155 85
146 122
175 90
28 130
21 85
125 208
45 125
119 204
208 9
156 147
74 177
175 205
153 42
205 143
16 177
150 55
70 41
57 45
135 121
165 50
18 3
161 111
110 60
195 91
131 152
93 189
165 132
161 57
126 63
181 79
42 33
46 105
140 171
137 91
115 107
79 83
48 72
86 155
157 202
165 11
172 191
70 80
136 99
190 73
32 101
164 95
37 137
203 21
25 143
28 147
192 154
52 90
54 209
75 155
77 193
134 23
49 102
34 107
156 65
133 33
110 201
202 192
96 201
149 115
18 126
172 44
52 126
101 150
168 74
39 97
11 118
161 11
107 101
178 93
164 203
181 202
80 161
205 125
44 95
192 113
186 185
3 196
147 49
9 91
37 97
40 48
182 81
88 87
107 62
95 55
152 69
46 142
134 175
146 168
170 206
133 17
115 102
157 49
193 197
180 6
20 100
22 1
167 187
196 86
76 135
41 40
152 76
123 12
155 161
162 177
7 10
79 37
64 44
119 142
165 104
115 159
205 86
24 34
133 205
116 102
145 110
163 162
81 154
19 22
204 186
198 201
150 164
46 47
74 11
129 184
39 190
23 165
105 11
14 124
177 112
171 42
102 191
43 106
171 115
64 186
61 109
87 5
56 160
32 118
104 166
81 92
23 66
145 82
51 68
187 77
196 52
206 90
15 70
188 104
94 23
171 209
34 17
49 54
96 168
78 48
66 159
193 24
19 109
58 184
57 103
132 184
37 30
32 125
5 107
111 150
181 172
24 47
18 155
10 107
49 14
102 85
157 186
48 108
127 176
182 48
15 105
142 28
108 175
30 65
43 84
106 44
59 50
139 107
133 48
47 107
136 78
38 20
37 36
201 33
130 11
42 12
88 14
0 57
156 26
135 79
108 106
35 110
174 189
74 175
108 50
179 28
108 81
112 186
73 202
99 41
1 89
93 102
33 92
197 20
3 36
109 109
64 204
93 99
89 199
47 76
89 208
134 27
134 126
21 73
105 123
9 56
112 90
32 64
205 49
82 186
93 199
47 14
135 156
168 176
96 30
174 91
111 88
34 145
102 78
162 91
26 58
172 120
166 116
71 83
0 46
177 95
53 189
133 203
28 71
56 157
190 30
204 119
38 153
44 58
4 70
141 51
172 3
162 2
137 122
119 206
138 100
193 132
90 122
14 206
20 19
7 132
113 98
62 112
110 152
117 167
124 60
6 176
123 131
170 154
98 189
206 21
80 18
173 186
21 1
87 125
38 19
165 47
10 129
115 66
182 78
167 39
195 51
97 47
191 10
22 129
128 205
38 157
2 113
87 188
190 2
162 205
149 60
20 106
76 80
23 71
135 165
92 186
52 46
5 45
61 16
186 206
124 123
12 206
77 142
0 82
92 12
95 187
75 47
179 27
1 196
190 72
150 207
75 116
130 30
85 1
5 141
25 55
177 96
202 174
170 143
150 43
174 26
110 195
8 100
126 186
149 23
127 85
8 14
117 1
43 52
179 100
108 1
156 1
177 134
117 88
97 149
60 119
126 24
190 203
177 39
15 86
97 19
196 104
173 141
206 85
30 35
48 191
203 103
22 97
152 162
119 46
13 161
126 89
115 109
8 53
126 77
161 84
79 41
125 28
85 46
138 178
174 113
0 60
35 62
88 0
198 178
73 178
204 169
68 32
107 6
122 106
145 98
47 2
96 92
119 2
195 167
43 202
200 135
42 31
153 55
201 25
98 74
101 44
204 144
160 92
143 90
26 49
140 189
188 149
197 114
59 4
82 144
158 93
60 148
102 68
128 74
31 17
32 87
64 27
76 179
145 148
86 21
202 32
172 190
43 114
116 100
198 19
101 159
207 104
55 207
74 80
48 130
154 170
97 83
46 121
0 188
9 32
209 83
15 62
73 44
8 64
157 166
75 45
73 87
119 98
118 110
150 88
60 93
186 32
55 178
2 44
128 144
184 209
124 30
86 156
132 79
11 97
161 39
4 62
9 104
177 62
103 113
91 25
155 142
165 58
74 152
177 168
109 59
32 3
113 105
208 55
140 48
130 162
73 50
71 76
122 58
33 15
8 142
83 64
73 49
30 94
46 101
135 171
77 9
196 127
64 93
63 46
49 138
21 190
148 169
55 72
75 122
37 189
160 40
167 132
29 10
105 152
96 9
50 83
79 0
11 158
32 139
1 112
62 127
109 68
54 90
169 48
109 74
146 171
128 131
26 50
5 18
77 156
121 200
180 99
31 4
66 117
46 157
9 94
155 193
12 7
148 33
102 208
101 117
149 72
146 21
168 97
27 65
76 196
173 22
208 137
102 183
15 24
18 175
47 31
85 48
97 89
19 16
162 27
103 92
44 62
87 90
31 141
187 192
101 204
114 112
27 132
70 60
89 136
23 40
115 10
158 181
90 78
96 32
35 189
32 62
31 194
149 6
62 68
45 90
198 115
188 124
101 74
18 46
175 50
163 144
60 92
23 88
197 89
53 179
170 72
141 140
0 115
79 205
28 176
185 86
101 174
24 70
148 32
166 156
200 172
119 80
27 93
37 5
61 175
88 131
135 98
206 19
58 77
37 131
92 206
145 25
81 15
0 86
168 123
117 149
209 23
71 176
147 181
147 10
6 47
75 152
23 23
17 125
108 61
7 39
158 60
170 81
87 158
69 152
149 76
89 26
175 91
166 177
179 160
44 24
159 104
20 65
59 112
89 118
66 114
53 114
1 37
182 71
7 89
101 22
151 133
197 116
40 106
79 169
27 148
120 49
79 159
83 198
182 94
143 163
171 198
152 108
65 72
111 147
25 102
84 14
142 157
52 11
190 70
135 76
106 13
201 199
98 146
185 20
115 182
41 44
194 134
72 41
11 160
113 71
94 168
33 154
170 46
9 47
166 110
62 27
26 195
15 177
13 122
129 5
5 123
139 121
75 76
41 195
65 40
64 3
121 36
141 32
154 106
130 123
183 147
172 100
130 103
98 136
195 20
113 18
94 201
175 158
42 23
168 18
26 64
86 133
26 186
184 200
138 25
179 41
44 114
167 29
14 32
129 143
113 147
111 184
175 196
137 10
112 152
22 187
3 198
200 12
109 20
24 199
173 26
148 195
175 64
29 177
30 129
156 175
17 8
129 185
50 17
185 57
205 144
9 44
36 110
125 190
3 153
103 18
208 82
181 169
195 194
193 176
5 195
152 174
85 208
68 171
13 118
176 50
91 180
205 148
13 24
163 155
0 44
47 79
99 11
125 62
1 29
121 100
55 200
163 27
194 121
25 28
150 202
37 203
86 75
207 117
146 134
177 193
131 155
106 209
32 78
4 134
17 80
12 52
167 200
27 37
197 196
111 95
141 63
102 152
9 135
27 149
209 158
205 160
78 142
123 114
14 170
203 132
111 53
26 162
87 83
118 64
18 205
13 149
172 16
142 106
120 167
47 35
174 94
61 79
187 128
169 123
22 33
190 205
31 10
172 108
91 13
209 14
119 187
130 156
1 106
94 125
10 202
82 65
175 133
207 15
11 7
128 55
178 101
56 189
17 105
202 115
179 105
105 6
127 45
141 139
112 147
25 169
47 103
63 145
142 200
83 164
4 117
77 163
191 167
164 48
107 81
39 36
75 141
23 79
173 126
8 16
109 69
183 98
182 90
209 17
24 51
189 74
187 88
123 176
4 111
79 190
164 125
82 192
43 25
66 74
63 120
108 168
144 40
48 154
162 96
35 137
19 71
197 160
66 185
102 194
164 168
110 6
39 167
68 122
56 208
173 143
6 53
153 94
175 177
79 171
91 130
92 158
67 136
178 6
175 34
96 151
85 40
82 170
126 18
139 109
13 49
167 150
53 15
95 145
134 80
169 62
176 65
67 17
100 113
164 187
193 195
89 51
112 192
189 72
144 157
79 78
28 125
48 21
49 25
73 128
197 13
174 135
181 72
44 193
103 5
134 115
174 197
118 153
152 93
60 97
19 99
174 30
4 66
120 181
184 31
16 123
77 101
208 153
138 32
137 135
10 186
203 117
102 118
70 114
167 54
139 188
42 132
43 2
146 139
164 139
47 117
80 170
12 163
71 159
119 207
31 79
30 77
48 165
85 34
13 61
146 86
75 48
74 118
11 32
175 96
112 92
124 3
124 161
178 37
119 112
180 25
8 1
169 105
23 90
31 34
125 118
157 136
12 34
21 6
29 12
157 59
107 166
14 200
124 87
184 155
115 198
111 198
122 95
86 98
155 97
160 2
47 23
0 95
9 1
123 105
90 79
158 40
26 133
18 136
106 118
58 169
3 75
118 105
20 18
180 106
193 117
148 140
62 49
114 190
67 196
13 72
75 177
207 87
10 133
71 101
11 187
158 116
32 88
11 24
125 53
94 136
157 100
4 32
195 33
186 64
37 61
3 112
18 63
15 198
99 133
160 149
161 117
162 92
172 149
194 120
163 102
80 165
154 109
46 85
81 57
80 20
101 139
164 4
79 182
105 135
33 26
54 164
201 10
105 85
160 23
41 155
139 1
79 137
21 117
185 133
93 115
89 177
125 26
119 123
70 17
151 35
88 160
153 202
33 84
177 19
52 78
155 21
34 139
126 125
173 135
10 203
18 104
69 100
193 62
159 119
86 135
185 121
207 146
198 133
183 78
17 75
75 199
63 110
6 92
201 117
178 151
121 29
40 147
52 152
37 46
143 136
88 58
146 173
17 141
93 24
114 10
207 157
97 127
21 127
205 22
93 137
9 98
4 154
150 102
58 177
63 34
198 148
131 13
139 21
1 155
142 1
65 7
20 108
96 48
113 40
3 41
108 54
103 93
76 183
65 182
62 0
167 59
197 181
172 21
56 32
35 198
79 167
36 73
77 3
111 128
166 173
146 31
74 1
89 119
207 189
80 105
49 188
135 149
10 49
145 91
42 8
88 132
25 97
188 20
78 206
119 91
150 96
205 98
98 117
39 110
199 182
35 12
33 8
14 88
110 136
196 135
83 204
185 182
86 27
131 94
206 157
34 175
176 153
139 39
119 188
72 37
157 139
161 30
197 202
111 111
72 17
74 67
174 59
194 34
97 170
99 203
111 196
106 172
154 150
111 15
185 152
83 162
206 54
107 46
10 26
20 80
192 208
34 11
112 98
64 45
201 170
180 55
168 100
59 201
195 148
88 42
110 190
200 191
131 32
76 26
170 112
181 127
66 27
114 105
152 3
127 192
122 50
168 206
175 145
0 11
106 96
125 122
27 9
12 160
134 48
57 33
25 63
116 120
193 65
139 94
175 132
60 101
90 198
13 1
114 4
70 72
57 95
69 104
85 0
117 32
98 64
157 73
150 33
135 110
164 43
70 71
147 33
194 37
91 138
17 195
92 6
128 83
60 124
202 7
197 150
17 62
127 165
99 144
40 142
175 138
95 59
85 30
117 9
71 52
60 105
116 74
79 143
198 69
161 109
191 152
33 207
50 73
203 59
81 112
58 205
110 199
54 87
51 15
46 80
170 82
42 74
87 42
90 196
39 67
143 65
126 175
174 96
38 57
164 142
47 129
136 139
125 45
84 89
135 128
182 194
71 84
162 154
170 182
77 184
208 178
39 169
93 84
26 3
58 14
195 201
191 182
156 44
81 199
191 202
102 121
65 173
114 18
192 174
104 93
153 178
11 88
109 180
84 17
157 198
28 95
200 31
69 149
133 103
63 82
70 8
91 126
11 159
46 25
127 159
162 66
177 207
208 164
139 151
144 3
157 206
129 4
38 66
141 176
74 119
81 6
200 89
60 131
110 90
196 103
93 77
112 4
112 138
44 136
42 140
41 119
81 67
66 70
148 168
203 204
10 142
74 54
80 108
107 0
115 201
97 120
192 15
132 91
107 55
2 76
196 98
205 155
75 103
157 149
185 102
50 126
18 87
98 19
163 12
1 187
163 112
120 136
148 181
12 46
157 173
50 109
56 151
6 67
200 154
13 66
176 201
209 152
48 129
153 80
187 104
144 182
193 206
16 121
106 124
12 186
113 145
71 115
176 112
67 83
77 139
205 80
95 164
38 125
147 88
174 0
202 4
146 16
193 13
145 186
136 39
152 146
117 77
180 169
194 204
159 87
130 114
142 205
132 154
28 16
203 184
168 194
78 188
165 88
187 53
99 43
207 27
108 75
139 27
23 120
175 127
137 207
140 99
58 31
119 190
20 193
107 178
175 23
197 41
100 164
172 89
136 10
181 62
50 26
92 139
137 182
49 74
150 31
180 130
141 6
53 135
56 147
38 101
143 72
156 87
29 175
30 130
65 194
63 125
135 183
17 120
100 145
199 159
158 95
17 155
128 7
15 38
110 168
102 141
3 24
2 173
108 26
194 72
100 125
109 34
180 80
124 104
119 16
127 169
6 27
42 180
152 192
38 45
30 183
40 55
153 51
107 132
131 17
132 100
63 201
121 70
197 152
156 108
110 184
135 103
28 6
51 127
153 144
169 191
120 116
138 37
23 104
22 175
176 85
199 198
70 61
145 196
52 79
52 141
3 73
90 176
159 32
0 141
112 153
130 126
41 3
1 73
162 16
24 83
87 51
107 142
5 90
143 198
72 137
120 155
174 161
102 23
67 209
80 120
107 171
134 159
112 40
61 66
179 97
200 145
175 178
104 167
29 9
16 11
17 149
142 37
172 27
141 16
14 67
17 59
35 178
120 140
62 202
156 10
7 143
77 148
95 58
68 99
194 201
57 122
12 146
78 39
27 185
133 47
187 129
53 25
92 72
177 17
97 172
180 126
97 113
103 3
98 200
93 26
159 44
191 124
109 3
30 184
53 96
63 180
205 192
134 63
70 77
134 62
51 6
1 68
185 89
28 19
126 6
152 23
167 170
35 68
117 37
18 39
16 197
69 209
109 8
179 140
2 93
173 209
203 101
94 189
189 42
40 83
142 105
102 117
35 94
176 0
121 81
96 139
67 133
41 79
88 91
92 63
201 100
176 203
41 169
167 162
77 19
90 109
120 7
26 5
134 86
184 190
86 127
90 139
160 162
15 29
171 116
165 4
55 103
89 164
41 167
49 183
23 63
87 129
145 11
107 110
52 38
44 160
125 33
116 181
160 101
18 180
50 54
62 140
20 40
3 154
180 156
149 125
11 178
110 0
151 91
73 70
81 30
192 200
175 122
1 45
29 202
142 123
42 27
180 164
93 37
127 101
119 96
106 181
145 66
53 153
98 180
91 7
136 204
29 131
111 143
46 169
3 62
16 61
153 69
157 67
117 50
190 175
164 7
144 179
187 188
65 11
131 134
154 112
159 2
62 52
9 110
96 103
107 173
176 37
124 187
53 195
196 85
43 100
170 153
195 122
2 79
91 83
121 192
185 45
120 5
99 138
87 66
41 176
53 40
34 88
204 173
97 30
94 9
52 178
196 163
139 101
0 178
184 26
56 51
179 119
103 140
23 201
68 193
202 146
16 125
111 162
170 99
57 176
92 24
175 180
138 36
135 49
126 83
103 74
3 97
112 133
136 79
135 208
108 196
177 83
95 166
13 19
46 153
40 70
96 200
140 156
111 140
60 125
115 190
3 43
45 201
31 50
107 204
150 190
60 87
114 36
184 133
106 63
43 200
83 8
57 135
9 17
15 116
128 186
113 132
123 142
140 206
155 153
153 3
191 165
84 141
160 136
17 189
149 0
145 144
130 90
79 6
118 116
94 32
187 65
179 146
65 70
76 187
36 168
107 130
12 109
109 105
162 166
199 51
116 40
91 23
15 92
177 189
95 25
197 185
116 208
45 40
105 84
182 190
109 138
119 41
177 7
104 75
110 42
110 34
121 12
200 131
106 70
103 54
125 51
133 202
63 197
80 123
134 188
130 95
132 150
2 162
40 159
47 157
190 50
175 182
53 176
96 6
118 39
25 29
174 105
42 200
175 137
171 100
140 208
94 58
127 34
120 17
120 147
24 88
207 56
118 114
165 35
78 3
155 118
80 151
104 162
114 21
207 119
44 76
79 58
28 154
32 143
209 19
185 140
206 155
183 199
67 108
127 133
181 124
145 34
121 24
57 71
124 35
46 148
202 193
31 182
86 30
100 188
113 146
103 22
183 72
30 168
19 198
131 199
1 184
84 35
60 152
21 171
53 60
175 26
22 74
94 94
39 140
183 91
149 188
26 138
126 72
109 12
193 144
125 147
75 57
192 181
190 173
27 157
139 74
54 48
177 159
9 0
23 55
23 185
106 97
172 25
142 25
30 49
101 28
110 5
112 7
53 57
87 78
208 127
127 26
209 67
163 11
144 14
51 181
117 87
122 167
25 184
21 90
195 36
43 140
138 15
72 48
137 106
40 119
129 73
43 115
109 0
172 204
57 82
104 174
98 91
2 176
136 98
109 23
149 147
87 156
38 117
41 132
99 114
178 193
7 135
135 73
53 156
47 73
121 35
0 4
134 170
88 108
158 17
65 145
153 145
85 135
184 125
188 162
180 206
26 150
114 38
55 26
2 47
75 85
123 17
8 72
189 151
36 209
206 50
41 37
2 197
182 39
117 174
160 49
69 190
72 189
27 118
203 121
144 140
185 42
8 0
41 135
86 145
201 135
157 33
152 158
96 98
204 91
101 149
134 101
97 8
130 39
72 138
48 142
154 162
18 121
192 194
149 162
163 110
192 166
1 176
144 76
148 103
130 185
155 51
191 13
16 146
117 114
119 71
172 135
96 112
178 127
183 33
185 14
49 175
207 163
7 118
169 86
104 107
57 171
59 63
171 84
48 173
185 128
200 111
171 207
168 76
77 64
168 177
202 76
27 108
59 124
95 190
33 168
34 204
14 156
181 48
70 39
171 208
5 23
89 195
61 122
144 192
208 121
207 72
86 22
74 64
188 188
64 13
84 77
200 142
100 8
65 19
65 176
51 55
74 22
207 2
3 194
76 165
85 96
1 24
27 106
152 127
116 124
155 63
102 0
113 28
42 49
200 146
16 151
106 1
8 26
83 68
27 77
96 5
29 91
177 163
48 34
139 169
190 129
23 159
194 203
88 191
86 45
192 186
40 174
203 60
60 78
45 29
60 203
75 191
203 124
196 35
135 56
123 187
148 200
21 130
153 127
15 184
86 109
32 23
91 196
118 173
81 14
38 2
131 184
105 0
75 204
34 195
176 149
81 127
124 97
2 68
42 155
127 66
89 40
160 88
207 67
117 82
60 181
208 152
10 154
49 65
144 204
197 194
85 127
182 129
156 95
115 12
136 96
182 36
199 49
108 126
39 56
179 92
133 164
140 46
155 17
119 170
80 44
137 72
102 63
37 11
81 81
90 15
122 201
18 89
117 138
6 121
200 28
166 140
104 158
155 171
115 158
52 9
114 120
115 25
44 44
28 86
7 145
7 181
41 124
198 57
56 146
105 114
125 207
146 182
190 202
95 52
63 73
170 6
169 32
14 59
3 135
99 162
202 202
101 72
57 183
136 143
96 104
13 166
21 132
110 2
137 119
107 97
124 77
34 184
6 125
25 197
158 23
29 26
180 125
84 53
179 102
33 80
163 133
45 195
151 38
8 176
9 78
194 101
102 2
201 109
146 100
140 207
154 73
195 62
78 158
192 2
114 103
8 77
180 109
64 70
117 84
95 103
55 182
14 193
195 188
177 69
186 150
55 94
126 15
90 5
179 110
110 172
94 203
118 191
97 123
25 163
70 97
18 58
187 131
19 4
143 77
159 116
178 141
104 110
176 109
21 3
68 55
26 94
193 201
38 27
114 56
39 46
47 132
146 101
145 39
143 93
175 41
30 170
178 201
85 136
135 46
102 75
146 133
41 156
84 51
118 97
68 23
154 93
200 21
59 205
32 1
94 98
158 70
33 95
174 199
198 161
141 181
165 59
71 194
139 191
45 116
2 100
140 197
200 13
0 162
165 42
67 194
2 112
113 163
163 192
66 147
98 61
141 179
94 204
56 200
59 30
155 167
190 163
61 74
113 95
47 48
82 61
209 184
21 75
197 115
152 20
113 135
172 145
172 43
147 115
91 31
46 57
187 46
205 194
93 108
174 87
107 22
167 113
50 33
124 117
113 139
112 93
89 122
147 106
179 39
128 37
199 130
82 4
67 187
2 109
187 143
110 119
107 207
67 130
94 150
195 163
172 67
140 5
58 19
129 58
90 200
69 143
188 14
53 205
151 178
51 190
64 181
116 184
155 128
92 48
153 88
108 13
188 44
148 58
177 33
98 169
32 154
38 138
152 154
84 168
128 15
169 128
143 115
171 124
131 107
13 17
9 117
128 108
153 174
78 136
12 158
94 106
22 113
177 118
209 55
187 204
154 129
63 153
32 135
87 169
152 141
123 160
172 187
200 46
191 100
13 94
62 5
175 55
71 192
22 63
101 9
196 21
1 46
119 195
88 140
142 198
187 139
101 176
150 36
200 1
85 149
97 125
195 39
179 132
123 184
135 157
18 61
42 134
82 173
196 60
199 161
54 109
22 137
34 185
62 65
114 94
13 26
41 63
205 76
35 115
51 154
145 57
21 16
200 33
178 92
40 31
103 103
86 181
77 60
180 150
86 78
186 126
72 85
117 198
100 190
99 153
169 35
142 88
56 183
179 10
183 48
95 202
96 146
92 110
186 191
123 152
167 94
76 29
106 189
181 69
158 187
98 134
56 192
108 186
14 48
174 155
62 143
182 101
108 174
167 149
34 130
180 73
82 42
3 155
88 149
75 15
0 101
21 70
128 195
104 78
54 151
59 139
125 130
93 174
5 162
203 91
140 85
36 133
110 179
7 205
200 138
193 97
159 40
149 182
186 30
18 25
169 59
184 81
12 57
78 17
194 98
113 169
103 187
18 94
145 15
205 64
131 191
23 53
137 38
170 126
56 48
94 181
15 134
175 51
119 166
129 30
108 69
23 73
114 71
201 204
183 10
18 101
145 27
189 207
2 62
188 38
202 71
95 180
110 108
49 140
36 88
41 14
184 93
7 101
43 196
31 198
204 102
191 207
11 167
120 124
140 175
27 18
113 173
157 178
173 174
104 19
39 89
134 134
162 7
81 73
137 19
36 78
205 134
72 12
166 88
134 16
172 146
76 42
61 1
82 10
105 45
99 7
203 159
45 92
174 181
165 85
154 184
150 146
3 119
142 166
123 118
167 123
3 67
120 101
77 195
167 183
53 150
66 190
176 46
144 130
175 68
33 25
37 7
165 205
9 185
116 154
94 42
78 141
131 0
49 77
105 40
67 87
78 29
40 7
53 127
37 34
100 105
24 49
151 29
181 76
103 141
57 173
112 157
7 56
142 56
99 172
104 28
86 137
135 17
99 20
48 145
131 47
32 46
117 205
65 63
151 20
7 175
120 72
57 48
174 102
22 181
186 165
176 48
59 21
2 83
103 102
60 142
186 3
179 50
70 153
186 78
143 41
83 150
91 102
182 138
85 65
23 108
53 4
78 204
70 127
184 40
135 170
127 124
151 155
190 10
181 60
199 2
125 120
179 150
41 57
50 170
44 204
7 63
45 23
142 59
90 130
158 50
121 59
3 66
180 183
88 105
110 176
142 58
33 202
97 40
159 106
59 79
144 172
204 159
122 38
30 137
22 140
131 98
2 64
129 91
195 117
17 14
181 6
90 112
140 140
119 18
132 33
135 68
181 108
189 155
18 83
29 173
37 140
128 184
38 208
95 119
49 3
112 108
147 48
64 63
111 31
9 192
204 189
85 109
42 153
6 204
58 3
63 115
73 148
103 169
81 98
205 207
45 140
175 123
12 192
149 43
70 192
137 144
35 122
48 58
165 120
114 44
19 201
54 162
127 93
108 14
129 157
107 64
11 16
79 156
179 51
44 202
28 173
64 154
158 200
36 49
120 63
163 65
159 61
101 96
26 131
63 8
2 171
16 191
208 142
71 11
137 145
7 177
129 3
77 39
48 11
176 73
84 172
134 174
56 179
190 92
44 174
176 116
83 2
183 105
164 100
96 72
96 17
140 144
28 128
167 11
207 110
101 82
3 96
173 53
25 69
63 74
71 39
2 98
30 185
102 99
121 173
182 188
197 70
182 28
205 87
13 145
209 153
159 100
131 84
78 75
103 55
180 161
118 195
169 97
203 137
86 38
198 158
110 86
176 71
14 131
140 12
172 29
134 173
123 66
80 191
21 133
55 124
151 200
202 1
184 138
59 209
55 197
101 165
172 36
55 19
95 189
42 37
134 77
127 87
117 180
80 19
20 71
162 85
191 66
47 55
89 202
24 160
62 99
206 184
26 26
184 29
110 31
95 62
109 159
18 2
125 175
86 19
203 188
46 127
137 190
159 43
50 195
171 77
114 208
97 176
72 119
24 61
118 131
137 68
92 99
131 90
13 205
192 106
16 129
31 162
192 80
75 120
41 33
72 23
97 58
173 208
28 81
143 187
29 101
126 60
13 119
56 44
114 160
105 56
34 178
138 202
52 127
22 17
152 144
187 198
98 94
83 59
181 121
186 95
197 45
132 168
51 29
22 106
60 96
98 52
177 141
37 196
32 184
70 142
63 19
47 49
101 68
127 120
152 113
27 205
195 90
145 120
115 39
176 127
139 28
77 53
178 107
51 60
188 108
2 169
76 78
105 201
159 184
202 119
160 141
195 56
18 96
61 89
47 19
108 173
168 19
98 184
15 140
47 123
53 95
161 49
77 12
190 177
28 146
0 195
105 33
182 13
85 81
15 144
58 165
11 197
27 146
175 67
194 95
99 85
18 129
93 52
201 201
4 71
155 197
73 123
150 38
27 119
65 157
98 42
155 119
169 83
49 199
169 99
72 32
69 131
124 191
91 128
3 80
167 10
150 167
67 79
35 82
124 128
78 90
98 54
201 191
118 15
0 38
90 199
167 37
178 69
10 139
147 149
164 84
64 104
64 105
23 205
190 170
197 200
133 49
0 202
207 78
63 179
18 75
171 29
152 55
192 122
47 20
98 177
207 10
147 86
185 77
169 132
91 185
54 194
135 192
130 38
163 46
174 3
30 145
111 154
115 148
172 69
58 39
141 171
185 174
49 182
73 146
138 55
46 133
54 2
139 174
144 22
101 136
56 116
139 155
31 196
181 55
153 196
143 106
207 127
103 19
59 44
53 16
179 195
63 20
72 98
167 34
71 41
110 149
17 37
154 206
176 93
50 174
195 82
8 116
48 67
60 61
103 24
200 82
63 12
181 74
191 4
21 12
109 139
41 108
8 15
29 146
104 43
4 152
156 85
20 120
41 151
52 142
200 71
71 165
150 113
158 28
153 21
25 109
49 151
35 130
196 20
26 139
149 131
111 100
36 8
116 161
120 68
178 110
208 70
108 192
20 111
46 21
52 4
55 146
26 115
84 6
134 121
4 209
59 94
23 206
57 76
60 33
131 113
196 139
67 188
30 3
17 174
75 84
197 36
145 85
5 113
168 158
188 138
160 185
187 159
146 183
47 198
109 207
201 122
38 183
82 37
39 107
88 180
91 137
58 18
197 146
23 156
19 113
151 73
75 165
155 55
24 99
172 196
134 207
86 8
126 200
98 41
70 54
141 43
72 72
114 127
103 175
130 44
35 85
54 17
130 197
160 12
183 92
127 98
44 182
175 164
13 133
168 24
126 136
11 170
35 190
193 34
26 11
117 97
42 73
164 40
15 133
73 83
81 72
26 183
62 3
160 76
96 190
195 108
111 152
135 154
166 189
25 8
120 109
6 115
24 85
192 30
11 108
78 52
157 81
30 64
179 202
162 47
55 24
152 8
184 124
110 200
87 113
15 81
152 175
169 153
4 171
8 181
140 177
138 124
73 180
30 102
122 53
60 169
166 104
101 134
29 40
165 40
198 205
108 185
40 145
26 45
7 153
66 37
159 152
49 86
188 82
4 159
99 22
181 43
18 141
190 54
32 85
33 147
47 13
70 74
113 90
172 153
116 150
95 4
94 91
45 74
13 58
162 64
189 141
26 144
63 95
187 203
33 104
136 2
75 6
13 59
73 2
57 185
15 195
186 54
25 42
38 145
54 154
153 83
29 20
169 178
104 125
205 171
67 46
200 205
158 106
130 158
205 181
117 118
105 102
190 198
44 185
207 123
199 149
161 161
12 74
126 28
193 52
197 4
181 178
58 46
150 15
92 43
166 207
141 86
44 159
123 138
206 158
20 137
51 201
66 133
1 166
153 201
104 148
129 148
82 140
205 71
190 182
181 128
101 169
54 19
144 110
194 15
161 4
139 180
197 109
118 134
40 40
24 119
179 126
169 102
27 155
136 72
143 45
30 125
169 1
45 31
26 52
85 190
28 29
76 171
148 51
102 100
168 207
143 19
33 127
179 155
14 120
69 164
92 84
25 49
69 99
99 5
10 205
117 187
36 173
157 26
20 34
167 197
96 97
1 153
76 182
139 86
80 119
129 63
112 205
40 129
189 152
14 128
176 89
74 137
120 41
76 95
202 41
33 38
209 8
93 60
73 56
160 6
23 192
76 58
39 152
37 31
191 61
140 57
60 149
178 66
27 198
168 174
173 67
82 193
57 110
165 186
65 154
148 178
28 129
190 120
104 132
106 115
87 165
115 62
159 26
127 122
125 4
97 95
133 20
177 191
119 75
187 189
51 58
96 116
179 192
23 30
158 61
133 16
71 185
154 70
102 1
52 107
164 173
57 58
6 114
90 86
38 158
200 183
196 143
162 129
95 15
43 148
200 23
173 162
137 110
62 208
33 109
122 197
115 112
10 174
178 33
34 128
152 169
32 36
6 77
209 164
156 4
3 61
136 69
161 186
159 105
207 179
127 37
86 178
107 42
124 33
71 139
93 152
196 124
164 52
43 75
204 73
187 183
119 153
78 6
13 181
8 27
119 161
56 61
154 60
138 135
164 70
167 5
122 34
191 135
94 140
120 169
30 46
38 17
6 24
18 132
41 12
195 174
52 21
163 197
43 117
184 56
55 2
23 33
169 2
73 36
73 14
196 4
90 94
43 163
200 195
66 6
81 28
173 33
193 159
24 123
30 187
133 52
111 67
87 107
34 177
80 64
141 72
130 52
119 122
6 45
165 128
144 107
132 124
53 200
12 22
58 82
203 143
80 203
136 70
123 7
207 132
87 30
167 91
201 2
86 203
90 55
37 42
172 12
181 152
44 131
156 82
130 101
21 45
84 87
68 74
29 180
2 102
121 137
183 59
87 176
77 49
203 161
165 136
34 186
162 170
199 104
33 170
154 207
159 160
84 49
52 37
51 107
43 39
100 75
183 163
206 87
99 119
89 29
79 196
31 98
199 15
113 81
29 29
175 86
164 127
35 173
68 101
61 58
148 4
158 197
18 173
42 90
3 124
198 9
49 59
118 129
4 3
168 85
76 163
103 179
50 163
120 74
114 207
202 161
104 44
171 43
153 160
113 96
57 163
24 161
46 71
161 187
168 86
47 158
192 188
119 87
79 121
158 25
31 185
68 184
149 92
37 151
110 65
112 184
125 150
72 13
56 72
50 85
154 46
77 140
27 44
120 65
68 164
181 4
171 78
122 139
36 16
206 69
56 118
129 138
195 209
171 205
173 99
92 9
85 84
7 189
188 96
120 145
48 200
181 41
117 145
95 68
147 87
188 35
12 188
134 90
50 45
77 112
46 75
116 26
170 117
88 34
87 31
103 70
81 21
196 173
126 38
177 90
106 30
35 24
188 80
148 100
146 15
13 168
200 177
57 116
162 130
197 186
132 85
82 17
157 21
173 78
15 178
89 144
45 52
120 151
208 44
71 116
7 168
98 166
143 143
91 74
125 41
170 200
195 183
11 192
73 26
31 57
102 143
184 168
154 204
159 166
26 68
19 1
111 146
158 127
2 2
143 109
4 172
83 134
166 197
144 141
22 174
69 159
23 109
185 103
89 19
82 20
202 189
99 68
74 169
37 62
139 10
206 34
113 155
171 176
117 45
38 99
196 24
167 202
144 139
14 205
196 169
60 68
99 0
145 181
32 82
79 135
25 140
73 158
96 179
90 70
151 32
103 73
100 53
200 58
55 88
178 61
177 177
194 140
115 196
106 26
6 188
145 166
197 170
4 201
23 144
44 186
126 202
169 169
159 0
169 51
2 74
162 13
188 99
74 155
4 47
33 201
66 119
64 11
188 126
196 26
25 179
110 140
29 118
162 6
50 88
107 66
142 114
106 123
141 55
98 167
178 181
194 196
106 38
35 103
200 157
102 138
113 41
107 98
147 68
72 4
190 196
127 53
14 98
128 209
125 155
187 42
158 47
143 56
107 113
175 135
73 131
30 191
112 109
140 120
149 152
168 105
175 63
209 174
126 116
193 95
85 93
34 28
201 121
97 119
74 43
149 190
202 151
113 142
84 92
135 77
68 147
106 132
61 68
136 61
165 113
176 22
79 184
160 150
87 97
23 52
175 130
107 150
126 58
179 173
164 17
7 182
106 179
202 149
114 78
110 94
118 79
120 182
49 82
154 200
84 82
108 79
70 3
172 150
7 187
114 90
174 31
161 26
209 31
158 64
204 165
116 59
140 51
115 114
158 15
131 97
68 19
63 106
208 113
162 35
88 167
113 158
133 32
174 201
5 67
16 106
119 150
195 92
198 30
121 203
172 168
158 13
91 93
45 48
15 138
154 59
45 21
62 61
5 52
135 19
54 89
93 38
94 14
152 105
38 195
86 57
70 124
185 208
48 131
33 196
182 55
11 19
86 157
183 44
26 185
131 124
9 118
149 12
30 11
101 3
147 204
21 109
166 9
83 125
53 183
150 99
53 132
36 169
179 101
30 173
180 200
77 26
52 16
18 67
195 119
29 22
69 25
144 62
133 0
205 178
1 172
191 192
95 104
169 208
165 26
94 151
195 89
179 29
63 189
85 198
155 117
143 170
80 178
74 95
28 194
105 186
61 157
136 191
159 107
41 185
19 89
193 116
164 192
195 30
163 138
136 92
109 181
74 117
139 196
176 190
200 163
173 122
120 154
151 61
146 25
92 115
172 199
105 204
129 176
59 54
114 83
54 46
58 149
142 23
51 72
196 146
95 42
160 107
147 67
30 61
50 197
29 122
77 154
182 206
130 75
92 94
12 203
108 82
159 73
164 78
188 133
2 58
3 78
92 90
148 19
154 127
193 145
185 68
30 154
183 200
154 27
16 143
46 100
18 20
43 135
48 51
156 166
141 158
30 135
119 146
63 138
174 99
130 181
9 191
117 11
54 149
132 182
53 198
64 16
86 32
157 176
136 76
58 113
47 105
82 145
4 176
62 138
80 66
146 186
108 183
38 118
103 49
202 197
48 141
49 134
204 0
155 101
164 113
39 129
92 177
143 137
166 154
111 105
198 82
74 57
111 69
23 38
62 120
127 144
67 191
137 107
87 55
16 165
187 99
142 96
142 81
94 85
164 104
144 165
97 42
149 112
83 98
88 126
11 59
171 113
99 52
98 114
28 21
45 123
59 153
185 144
113 52
149 2
159 157
47 72
176 7
7 29
57 57
87 38
143 148
13 5
175 131
23 106
141 8
80 140
161 195
196 108
180 16
77 161
99 188
59 28
113 78
175 201
102 22
108 117
42 39
124 119
167 4
131 185
155 65
3 114
44 119
187 96
128 97
85 79
183 84
208 79
4 114
61 193
147 208
60 7
112 18
168 200
106 0
69 91
42 25
143 158
189 30
28 48
114 58
21 113
160 202
8 172
145 119
100 97
72 69
169 53
130 66
183 174
28 76
134 95
194 48
17 165
29 190
87 206
184 199
138 104
147 166
118 56
5 105
183 6
35 66
26 12
89 135
163 163
144 71
18 124
68 192
95 24
153 209
73 84
13 84
199 164
190 192
127 6
18 51
161 67
125 65
81 139
96 12
205 147
162 158
137 20
84 4
190 106
168 28
146 35
68 108
55 181
160 172
31 117
83 100
193 27
170 114
9 204
115 64
192 1
50 56
85 2
70 195
189 110
0 132
14 150
180 40
66 131
48 53
180 112
162 57
7 178
132 197
101 111
23 81
73 32
97 206
155 73
184 6
62 93
29 152
80 78
46 26
73 103
56 74
206 93
78 57
60 29
7 157
136 101
32 171
90 6
61 45
203 135
90 204
127 118
10 191
207 206
104 59
86 35
154 197
146 69
152 125
151 37
124 198
5 69
184 28
20 11
65 84
75 10
115 122
179 43
200 199
164 163
104 79
55 68
111 124
102 192
185 163
190 7
31 26
116 39
87 120
147 22
206 133
94 178
144 36
198 8
192 36
60 81
62 110
18 190
46 89
6 28
160 52
50 30
64 37
82 14
163 165
17 135
182 92
35 7
29 89
192 77
186 194
30 103
144 1
142 55
83 11
143 35
89 117
34 97
130 164
176 195
142 158
5 176
44 104
38 167
46 129
152 86
119 97
179 8
133 64
95 205
162 161
80 15
206 135
193 64
50 8
35 187
145 86
148 110
106 49
145 104
178 21
60 134
182 27
30 97
62 114
119 198
52 177
2 77
102 43
111 79
131 131
76 37
57 190
183 123
148 89
135 106
164 65
142 62
196 58
38 91
175 52
2 67
190 119
98 53
92 38
178 49
62 8
208 19
178 5
109 201
184 19
84 61
106 7
62 206
63 107
102 52
204 63
139 103
56 60
132 68
164 182
179 5
171 141
71 26
14 7
196 167
199 195
161 102
90 11
35 35
66 167
36 47
113 161
21 204
37 120
190 141
113 189
209 70
131 183
190 138
173 85
209 37
84 194
74 14
53 70
119 50
29 14
186 68
20 186
31 95
198 83
32 167
84 45
52 176
25 128
160 168
177 123
172 103
82 205
159 177
101 113
104 149
191 142
113 201
102 17
49 205
18 97
168 181
122 203
9 2
38 199
172 134
85 45
4 183
79 125
83 91
29 59
69 78
203 164
161 114
77 34
123 190
78 27
88 138
69 116
37 170
23 178
160 199
89 45
103 95
195 203
27 87
193 134
68 204
99 123
49 19
164 195
64 6
13 42
138 136
53 51
56 86
79 155
100 54
115 54
51 54
118 99
52 174
60 186
35 164
63 128
145 153
145 36
1 145
45 53
128 152
63 209
207 102
84 74
188 156
47 170
43 118
124 115
94 86
21 68
28 100
176 54
82 199
206 196
147 97
48 33
166 81
170 156
123 1
65 86
181 64
197 184
78 16
130 118
162 60
67 61
208 125
60 60
199 138
110 9
200 198
195 68
55 121
146 137
27 135
148 59
18 202
195 154
15 52
190 48
116 158
200 76
90 138
148 79
148 142
208 87
62 173
45 2
183 43
13 180
184 147
54 173
134 65
40 22
42 2
85 105
134 164
60 84
190 113
160 3
3 161
85 55
21 53
28 161
148 170
79 202
18 93
157 181
108 135
39 158
39 137
176 90
152 79
102 168
139 55
104 185
22 194
179 36
150 1
32 149
83 186
30 5
188 34
131 14
35 39
106 177
115 176
104 14
173 150
202 33
95 193
81 60
136 157
188 56
36 109
38 62
32 161
112 117
115 126
115 47
139 79
11 54
178 83
56 126
28 44
37 157
150 73
170 137
163 2
181 158
20 156
57 40
165 150
166 138
47 154
107 47
162 125
1 151
134 93
183 115
125 138
81 91
29 154
42 53
68 125
61 29
2 28
70 66
174 64
13 209
52 122
118 100
8 148
119 164
11 162
7 7
90 186
24 201
195 14
64 193
45 82
120 44
43 149
165 90
118 5
72 36
92 45
51 129
120 127
54 70
48 150
156 156
121 202
159 128
100 90
120 45
147 78
130 26
171 67
41 102
80 43
97 3
56 184
25 107
193 102
13 75
85 32
121 6
42 79
69 133
105 163
128 89
126 50
187 153
1 159
177 142
140 35
34 115
130 186
52 3
49 63
7 45
14 172
112 190
67 93
4 188
2 150
204 96
194 158
97 184
75 149
25 204
27 11
194 189
30 116
3 27
161 60
95 110
193 168
19 79
202 185
182 158
55 114
111 131
159 197
176 16
24 135
25 62
18 82
128 165
89 18
42 142
53 99
1 81
182 148
190 68
204 121
195 169
192 5
205 135
170 109
112 8
209 2
197 162
83 31
35 87
168 163
38 116
190 105
156 127
89 74
84 153
7 199
115 83
5 135
158 62
186 79
163 44
68 20
106 111
109 78
115 157
167 172
19 122
57 54
194 138
58 76
80 2
155 173
30 108
5 146
77 141
180 202
28 160
162 175
121 142
139 34
148 146
83 63
74 126
195 42
9 35
1 60
205 131
148 166
37 156
23 113
33 150
40 54
5 7
199 19
189 51
44 120
24 188
16 181
116 97
199 74
80 158
183 100
118 158
140 136
4 128
125 124
51 205
184 87
153 197
71 189
130 93
127 119
33 102
19 145
144 117
58 64
133 73
106 107
88 151
28 131
51 67
74 77
134 150
115 200
39 128
69 5
150 150
188 182
197 136
68 60
147 45
34 18
198 95
187 171
131 22
92 42
26 176
13 97
206 118
68 161
141 166
183 51
130 141
57 43
193 70
121 109
23 204
65 115
49 157
163 48
34 14
77 50
49 113
11 10
70 52
43 182
119 34
203 147
51 91
136 208
85 31
5 79
48 44
162 25
199 201
82 26
197 27
67 80
1 102
115 22
91 113
86 120
183 193
102 77
34 151
157 140
127 76
125 46
172 180
14 104
146 36
105 71
203 167
16 111
141 10
145 107
58 199
89 116
56 139
88 163
75 145
37 81
159 163
76 77
114 30
32 91
99 80
132 50
40 29
21 57
45 59
69 40
7 19
62 101
161 55
187 146
126 128
194 21
71 177
13 121
134 25
80 143
35 199
20 199
18 108
35 143
168 132
25 201
7 185
56 203
192 78
72 202
112 126
51 191
52 189
32 12
147 174
31 47
78 100
64 36
99 206
76 38
15 145
44 67
19 170
59 70
80 90
118 192
129 101
83 95
88 55
53 35
104 26
207 18
122 94
81 201
137 143
16 97
95 107
149 168
169 141
96 46
57 133
147 26
87 183
69 156
173 167
33 106
71 186
63 203
115 23
209 54
10 69
107 39
195 114
104 147
27 52
40 68
24 90
196 198
113 128
206 98
135 18
72 58
6 64
10 8
169 118
122 0
56 37
59 22
43 127
12 67
192 19
124 158
165 131
175 199
177 146
142 2
143 1
111 2
77 94
172 78
141 36
122 3
100 138
178 99
171 15
50 136
138 149
133 153
82 0
189 177
5 42
134 205
148 5
122 24
23 135
198 33
90 68
0 169
193 23
82 194
92 111
109 190
149 55
142 124
201 78
146 87
35 161
69 183
16 44
90 7
92 136
192 182
96 141
68 42
190 194
125 18
7 4
136 154
132 203
55 14
10 55
100 152
44 153
41 73
140 3
155 129
111 178
190 144
169 27
96 122
167 131
84 150
23 152
117 40
125 94
71 35
132 96
100 83
136 151
34 173
78 73
96 74
194 170
134 158
168 83
189 15
34 40
150 52
71 167
78 170
75 169
30 40
125 137
23 155
160 15
70 88
34 50
60 111
166 168
145 139
21 34
82 142
176 164
175 19
84 159
62 150
176 67
133 179
187 142
139 152
162 14
38 29
185 36
127 173
153 79
73 11
105 191
9 80
12 6
104 47
38 176
41 80
103 192
33 169
129 124
192 196
135 124
167 87
177 45
163 21
188 42
166 112
181 156
202 199
83 156
194 8
75 98
131 197
71 140
96 101
188 161
23 4
3 5
201 56
6 85
156 63
116 84
72 195
170 57
153 22
209 72
161 46
30 43
1 76
191 0
194 39
42 133
209 44
68 3
58 10
118 184
205 190
50 209
70 146
199 92
131 54
87 106
72 153
138 151
35 74
168 38
155 57
164 116
5 206
94 36
14 99
86 34
122 78
96 209
201 79
33 35
198 195
146 191
162 62
55 144
85 129
128 135
159 165
157 185
82 171
40 179
126 167
173 74
160 140
179 93
142 135
70 25
1 77
190 183
0 15
101 162
23 37
59 32
189 145
35 202
178 104
141 187
186 7
31 207
169 195
86 140
101 205
67 37
190 22
195 53
113 68
153 20
120 194
113 188
50 159
134 89
80 16
175 191
16 136
113 106
157 9
187 24
146 54
201 71
7 44
109 60
56 55
38 50
21 32
14 189
141 14
9 209
69 23
120 87
40 49
61 86
108 71
6 70
13 15
206 13
89 139
51 176
99 140
145 2
40 146
85 137
99 18
156 92
80 126
130 171
91 112
173 9
153 166
87 73
20 131
116 165
135 179
156 54
177 46
74 148
86 28
166 196
106 101
23 148
22 99
123 79
184 22
30 4
83 78
126 162
140 41
8 129
168 115
99 60
107 19
147 124
17 79
73 20
141 165
173 161
20 132
104 192
93 129
204 190
55 18
188 132
153 130
160 157
154 145
132 108
107 124
22 188
88 116
6 149
82 29
2 157
11 200
115 147
64 53
192 148
108 47
85 102
40 92
134 37
20 72
176 14
124 206
109 104
190 161
122 158
206 174
140 109
23 154
21 2
112 140
205 204
197 94
160 4
171 183
151 33
177 50
8 50
62 182
116 119
192 160
201 196
120 111
172 133
189 33
50 149
83 61
172 9
140 195
156 33
30 80
161 193
36 112
79 18
133 75
187 13
145 193
45 54
115 154
169 197
70 9
103 2
32 70
86 163
110 132
201 76
117 203
9 207
17 33
32 59
142 77
209 122
110 206
177 180
19 106
174 170
25 157
150 182
205 195
37 10
205 157
80 74
181 11
92 135
84 59
54 116
94 49
7 156
42 190
160 186
29 189
74 123
65 160
153 189
30 195
127 189
29 82
85 188
158 124
169 157
61 176
41 20
204 25
182 89
130 138
131 69
206 181
179 44
78 15
81 140
174 29
62 154
148 47
186 87
79 56
114 33
59 17
63 16
30 207
8 209
66 33
41 9
154 6
74 205
179 91
5 39
23 43
181 82
150 118
21 43
34 161
163 191
174 203
3 184
96 174
150 82
116 48
184 36
76 138
200 166
22 54
106 39
60 132
68 24
153 146
205 179
203 87
137 73
79 178
81 44
41 25
6 191
43 7
121 163
184 103
169 61
17 5
104 171
2 147
170 4
7 61
141 156
151 69
124 166
209 20
69 188
32 39
109 81
67 58
24 64
121 66
202 103
209 81
190 49
203 7
95 181
98 131
125 139
18 171
0 72
76 149
27 175
209 47
94 20
70 83
172 10
136 32
5 182
0 136
120 193
133 206
28 171
100 91
138 117
135 109
132 158
22 57
132 93
32 92
56 64
82 12
152 118
138 59
137 132
172 167
168 154
15 40
203 36
83 37
151 89
135 67
139 156
189 153
56 152
39 156
207 109
102 130
113 22
62 189
152 92
178 162
100 101
0 111
7 207
56 114
196 36
146 188
137 62
44 12
177 42
10 11
35 2
74 53
36 113
39 99
176 178
87 170
144 208
113 89
103 71
134 169
88 184
33 88
208 75
139 68
93 126
40 141
75 43
49 32
7 69
202 99
105 197
33 64
135 151
2 33
67 115
190 174
183 67
147 56
95 54
165 177
78 74
158 202
16 115
209 5
167 68
