646
79 54
0 39
67 3
71 64
62 7
43 28
13 0
22 38
0 31
2 24
8 48
30 4
67 42
26 7
29 52
53 26
15 28
20 78
0 45
45 66
73 52
33 66
29 70
19 54
12 2
10 44
17 53
34 79
58 79
49 10
6 32
52 58
77 52
74 33
38 19
70 2
75 25
25 40
63 33
30 63
15 65
38 11
72 33
46 25
63 23
23 9
48 50
11 72
77 60
39 63
79 48
43 41
13 41
35 36
24 45
54 20
55 0
48 12
72 51
10 36
34 43
14 37
1 71
14 75
11 63
75 52
28 76
15 74
49 3
45 31
77 50
50 40
23 6
9 15
27 40
72 9
54 13
55 1
37 57
49 66
33 56
29 18
14 72
9 5
43 63
37 60
59 46
70 4
48 16
79 77
67 54
45 78
66 71
67 14
46 1
72 47
48 60
79 31
18 11
40 65
45 60
57 61
62 14
25 79
39 41
64 69
38 68
41 0
5 32
38 66
63 14
38 24
75 21
19 17
47 11
6 12
5 33
10 78
26 65
16 22
16 32
47 4
36 24
56 33
22 36
1 78
10 55
33 40
28 22
63 11
28 67
63 55
11 29
58 53
54 67
50 28
33 21
27 57
54 63
19 47
68 51
66 4
70 42
8 20
37 32
17 65
22 1
55 51
65 36
42 5
14 33
2 3
23 2
52 13
73 13
25 58
58 40
9 41
22 0
13 25
61 12
6 49
21 63
64 51
30 50
53 3
45 68
76 74
23 5
34 38
23 16
33 59
11 1
66 51
42 37
24 69
1 52
68 77
77 27
75 73
2 50
48 7
54 36
39 12
41 39
7 24
56 69
40 9
66 12
27 61
25 7
16 23
57 52
18 33
4 8
1 38
36 18
41 53
50 23
64 42
36 16
45 64
4 49
23 59
42 25
30 0
76 79
35 17
30 36
66 40
0 77
5 63
11 24
47 28
15 77
12 41
26 6
59 72
70 39
75 33
33 5
69 24
36 32
63 21
67 72
44 5
26 49
54 25
39 65
51 47
49 34
55 68
70 58
75 6
63 17
79 7
47 25
38 50
1 44
46 21
55 62
34 71
7 78
8 43
25 62
7 18
56 48
10 64
2 25
45 0
79 78
28 52
3 40
53 31
77 18
17 3
7 28
13 40
11 61
35 18
51 35
67 69
43 24
66 74
17 63
45 40
0 3
63 62
24 48
41 60
73 60
65 15
14 12
68 66
49 41
8 50
8 8
16 67
73 79
35 31
4 29
46 15
32 35
15 33
10 3
40 25
8 73
12 75
30 52
76 67
60 32
74 17
54 51
69 16
12 39
19 74
13 68
79 75
52 64
9 8
11 56
75 2
40 53
29 45
50 58
62 41
20 2
54 17
21 13
30 69
47 60
10 47
78 44
25 8
1 31
18 52
68 78
71 27
64 41
2 11
63 54
55 19
3 11
79 43
4 36
10 56
64 30
50 73
47 42
7 69
24 76
56 18
66 52
73 57
50 30
21 22
12 7
65 23
60 63
33 1
18 77
55 26
34 6
39 2
32 66
35 23
5 67
76 27
23 76
29 57
70 68
49 52
37 14
2 9
9 3
18 73
4 17
11 52
64 15
52 54
60 13
23 1
62 25
63 45
23 21
44 68
42 64
34 8
53 55
38 1
50 49
32 4
16 11
24 79
31 64
50 70
35 32
27 1
77 49
10 28
44 24
4 37
45 32
11 21
4 65
26 19
15 46
61 58
15 55
55 63
32 57
68 30
20 79
49 65
51 69
5 10
58 42
79 64
13 63
75 49
61 48
73 48
32 51
12 59
58 60
34 28
46 70
77 17
31 32
9 1
40 23
21 11
19 26
62 65
65 0
35 30
47 12
75 10
20 14
69 56
28 50
78 29
3 72
22 26
4 13
31 38
7 79
31 40
16 8
28 55
34 36
4 55
31 17
40 10
60 44
53 70
6 22
72 26
8 15
3 65
6 72
25 30
39 27
52 74
17 42
13 77
78 9
71 31
19 68
28 31
19 73
5 77
52 6
11 67
79 74
41 2
9 66
71 65
55 11
45 2
2 36
12 10
3 52
79 41
28 5
2 22
3 79
37 16
55 53
75 53
1 68
16 66
18 78
19 30
0 50
53 51
28 39
33 55
34 72
27 36
45 62
56 23
57 69
34 29
52 20
56 13
43 29
29 60
21 60
41 4
21 51
27 27
7 72
25 72
73 72
33 73
31 5
1 49
17 59
19 7
30 14
35 57
66 14
7 20
24 38
72 3
36 36
27 14
67 37
44 42
8 47
74 42
9 22
24 22
39 9
69 26
55 72
10 53
12 49
66 6
11 53
17 7
38 69
27 19
11 10
43 62
54 56
8 52
6 47
18 76
43 6
41 33
9 57
22 29
8 13
38 9
55 32
42 40
51 11
47 66
57 78
76 61
63 32
3 33
6 17
75 19
32 18
8 51
71 79
48 64
41 7
55 40
72 55
35 33
37 1
37 5
33 44
45 14
57 68
47 44
78 0
70 11
23 54
76 65
31 0
10 12
23 0
22 71
79 40
12 20
25 18
45 73
5 31
1 67
1 8
74 24
71 70
46 59
76 26
0 63
8 7
1 51
33 72
31 31
79 49
3 19
12 33
54 11
37 51
15 16
24 3
4 3
39 40
43 25
17 12
28 3
23 33
9 75
37 9
70 34
14 59
7 42
54 22
22 17
2 47
12 32
46 18
62 38
42 29
65 27
3 63
18 3
39 44
18 9
42 42
65 45
8 22
6 75
20 30
31 71
14 31
34 30
60 16
40 50
72 71
40 30
0 22
15 3
41 62
61 15
59 64
33 12
56 35
30 19
20 51
68 31
50 11
27 4
59 79
5 71
78 75
27 8
47 19
79 61
3 54
10 63
