5210
56 100
72 59
26 4
86 34
99 7
71 16
106 44
91 91
118 34
61 77
114 84
88 69
9 61
74 42
38 0
38 79
7 111
109 107
127 34
69 87
14 80
108 118
54 83
89 33
115 32
42 1
37 118
0 105
70 69
95 118
75 35
58 125
18 112
27 56
28 116
1 32
116 81
79 28
35 26
110 65
123 87
51 33
35 59
124 45
31 70
128 99
22 53
75 14
94 104
61 11
53 83
48 89
50 46
86 21
5 13
112 46
111 88
42 20
107 20
102 53
85 87
112 107
3 23
88 128
122 53
31 11
50 120
42 76
1 24
120 121
101 83
55 17
43 47
63 39
9 35
83 59
23 73
2 85
68 78
124 116
120 128
67 73
68 52
126 17
25 90
11 89
52 104
42 51
1 81
70 29
40 19
62 111
23 86
105 121
54 37
104 14
66 26
73 18
52 95
117 19
126 14
19 65
65 87
92 10
123 106
96 0
77 65
118 116
2 53
59 84
87 3
86 113
75 96
89 96
53 39
78 63
1 100
25 124
59 118
110 76
22 4
55 11
73 76
11 28
116 127
26 41
106 113
87 60
14 93
4 59
71 123
22 128
12 66
66 0
77 34
81 118
118 74
24 125
40 83
113 116
6 51
113 123
88 122
86 82
84 88
2 113
49 86
64 16
32 24
26 113
52 42
13 1
104 121
95 21
20 95
60 83
115 51
12 3
9 55
116 51
106 37
128 2
60 117
106 93
82 88
124 7
77 12
85 58
118 73
105 94
54 11
73 14
49 57
83 58
123 97
117 52
18 101
62 124
88 103
82 15
110 97
16 109
73 40
46 19
61 100
37 106
14 9
67 122
6 48
38 111
76 106
23 42
68 16
80 29
126 101
44 128
120 118
43 40
67 6
129 51
3 108
45 48
118 111
129 50
108 46
108 95
5 26
30 38
119 112
104 36
19 22
16 47
92 50
38 93
7 88
122 6
85 19
77 68
60 55
98 108
14 64
125 0
32 23
117 47
77 18
41 21
127 68
37 89
2 48
85 82
5 86
11 95
58 46
24 93
125 27
112 63
109 68
119 23
48 43
50 17
90 24
106 26
103 10
94 88
86 120
123 121
4 61
54 21
115 39
60 13
112 60
48 85
115 73
66 51
62 82
33 109
34 110
5 0
74 10
74 16
62 14
14 91
2 114
7 53
104 13
14 86
9 72
23 120
17 125
93 116
1 107
101 57
108 126
40 4
46 43
62 50
40 40
2 6
6 46
126 8
9 28
74 126
93 118
119 79
12 19
68 14
17 120
61 25
108 123
43 57
67 71
41 27
55 62
9 45
66 117
6 18
25 106
76 91
30 68
88 97
117 120
95 126
7 95
114 44
32 109
114 47
10 36
102 83
33 73
64 125
129 18
94 110
104 100
46 41
54 31
43 90
119 56
68 125
50 107
93 87
44 73
66 4
99 118
43 49
82 119
20 47
75 109
72 111
79 95
31 4
96 90
2 122
91 60
22 15
61 39
113 65
122 91
76 36
95 52
97 127
108 13
122 26
89 41
43 0
65 0
101 24
119 34
68 57
78 109
75 28
48 58
53 5
8 73
120 93
31 82
112 29
0 44
34 126
26 5
83 81
127 89
98 24
48 97
1 129
50 74
74 1
119 31
79 109
94 24
123 35
116 20
91 111
89 128
0 67
6 58
34 31
60 126
29 75
129 61
40 56
9 69
2 117
123 122
122 50
71 89
90 125
115 86
30 6
9 52
114 60
97 52
48 38
5 83
106 63
56 91
12 96
15 3
36 86
61 60
91 26
55 30
15 15
69 57
94 70
48 28
85 44
12 122
6 74
42 15
100 100
119 1
115 21
85 83
126 94
80 5
9 100
30 62
20 93
61 15
67 113
99 111
113 0
110 33
60 4
103 22
109 85
50 66
39 53
7 9
78 94
62 118
70 95
63 25
4 5
34 18
65 22
64 76
86 93
123 86
61 105
40 123
39 123
125 120
112 108
96 60
19 68
76 44
19 12
53 99
1 41
10 6
98 81
73 32
85 76
39 54
17 83
113 33
35 27
74 29
15 52
75 29
38 34
93 10
45 29
3 59
96 117
93 107
111 92
69 114
50 109
106 103
28 83
83 28
100 1
121 17
53 45
123 13
129 126
85 91
113 55
103 40
77 100
87 91
5 37
40 9
125 119
57 115
24 108
92 58
91 30
28 34
5 32
58 108
28 13
46 6
120 60
59 61
96 13
98 9
72 126
43 17
58 66
13 110
38 24
98 94
26 51
100 57
20 41
87 92
77 72
35 62
85 39
33 59
46 34
62 44
40 66
46 22
79 34
86 26
7 8
106 115
79 46
30 100
9 113
106 23
107 18
104 120
129 91
50 10
23 7
128 57
61 69
63 126
92 37
53 42
100 94
95 100
95 41
114 30
60 79
125 52
122 58
8 82
64 46
83 93
52 49
67 14
62 25
98 35
20 126
79 73
63 45
14 49
121 58
126 97
22 6
61 44
24 86
39 6
116 34
65 97
55 99
60 25
46 88
125 118
69 62
106 97
28 82
108 14
124 68
39 12
38 14
21 110
45 47
78 103
88 65
70 74
117 68
106 38
122 107
77 7
39 114
127 86
55 118
22 40
21 36
124 11
84 27
90 72
65 8
66 35
71 112
94 56
129 79
99 45
57 109
19 77
88 126
44 2
0 51
53 100
87 42
117 51
71 122
41 20
102 27
31 108
88 108
54 119
64 102
49 27
113 52
78 108
48 94
114 119
91 33
119 89
87 23
127 94
6 11
24 10
115 41
22 77
66 61
2 68
73 129
76 77
96 30
90 104
93 76
60 48
7 23
47 82
108 41
112 125
120 19
128 14
56 33
99 94
125 11
124 8
7 26
11 63
11 55
26 16
74 21
54 54
56 108
22 90
106 43
40 115
88 39
45 56
13 100
112 53
85 115
71 121
58 77
92 59
16 54
66 33
113 101
18 21
34 76
52 8
88 8
53 14
50 15
32 17
81 44
112 20
75 122
22 25
52 102
64 103
42 42
40 89
66 87
86 112
42 55
108 57
35 81
127 81
33 43
104 25
103 54
128 64
89 13
115 90
100 126
67 77
123 52
28 56
29 27
59 50
117 84
96 31
111 59
127 119
88 44
7 43
128 20
64 1
10 127
46 108
92 95
27 122
85 12
118 58
71 26
16 118
67 110
9 50
64 89
88 3
66 116
97 21
64 14
121 76
8 51
9 116
8 106
52 82
78 1
20 25
116 43
92 76
72 80
9 63
120 17
114 16
69 49
65 18
108 40
103 39
38 9
66 70
111 30
1 5
17 4
28 113
98 34
70 54
34 85
121 101
58 12
54 104
49 100
114 65
25 78
45 25
36 104
28 91
67 20
41 105
82 111
17 98
52 0
123 93
123 102
48 93
128 83
116 82
105 45
57 51
89 99
12 40
28 23
25 23
116 67
61 70
0 91
49 72
44 58
73 85
124 62
78 81
107 2
121 110
22 120
73 79
2 87
9 29
46 11
97 61
83 65
33 21
103 85
1 13
73 27
32 103
51 84
113 126
8 33
18 117
73 7
23 32
93 42
53 48
66 13
90 78
28 10
15 57
25 37
92 86
52 67
34 8
61 108
37 26
63 46
30 58
81 52
6 20
40 95
22 52
38 110
27 43
34 28
38 127
77 84
82 105
85 15
62 35
7 34
4 90
106 116
88 106
14 61
123 84
47 71
114 22
101 12
44 9
121 88
123 71
103 17
68 26
51 96
58 106
64 92
52 64
97 45
66 100
101 67
118 120
97 116
70 52
0 127
72 6
96 97
65 48
16 35
10 80
33 110
49 48
29 23
67 46
23 124
7 123
41 30
41 92
28 15
78 46
110 58
29 97
115 109
118 118
98 83
109 105
6 107
80 100
5 118
99 101
77 108
101 33
25 25
103 26
95 12
47 57
127 65
35 13
28 43
23 111
22 93
126 64
3 91
95 76
117 75
5 128
116 41
57 79
111 112
99 31
90 10
98 54
128 120
10 75
99 21
108 93
91 2
68 115
104 72
7 39
21 32
64 70
109 95
69 80
9 114
124 92
114 10
9 101
47 65
93 58
23 13
115 14
25 100
97 3
32 12
103 64
107 59
18 12
14 121
93 45
12 129
112 9
107 13
67 65
73 51
7 73
89 63
101 119
91 38
49 39
35 0
5 119
9 36
87 12
6 42
50 32
15 74
73 120
117 90
5 53
112 70
84 16
67 28
117 64
75 40
10 115
43 100
47 49
51 99
86 24
94 60
0 70
52 54
29 61
19 59
129 76
123 34
128 39
26 48
56 62
51 41
84 115
50 58
37 29
59 33
79 2
80 43
122 38
0 36
55 106
64 74
9 78
0 114
92 129
68 2
43 114
25 71
100 99
83 56
118 61
107 103
38 19
87 48
127 80
93 84
112 66
58 115
92 110
22 30
72 92
45 61
85 8
10 70
10 21
30 60
67 33
112 62
23 101
11 107
19 108
27 46
125 70
129 21
83 102
63 85
12 69
122 5
52 116
61 65
116 6
83 68
70 58
2 79
88 14
106 92
48 13
94 21
15 29
74 59
47 114
8 66
51 63
8 1
71 72
76 61
76 9
89 126
66 69
66 104
80 53
4 75
86 68
113 53
109 83
44 52
32 18
40 2
109 35
106 18
35 100
124 40
52 51
92 35
67 64
114 104
63 123
30 44
105 95
109 59
52 74
43 14
111 100
77 20
99 57
76 59
99 9
1 77
124 51
113 90
4 16
4 93
108 52
125 66
1 55
76 110
79 86
121 42
4 24
79 108
117 107
9 127
83 25
118 117
9 110
62 69
69 129
31 63
111 22
126 44
22 73
41 93
23 62
54 106
54 52
88 20
77 17
58 81
58 70
3 42
54 65
32 0
125 77
113 15
18 41
33 51
82 81
84 32
27 110
31 47
58 117
102 93
10 3
97 77
47 14
107 21
16 2
90 1
28 122
51 15
21 12
67 24
62 43
19 98
105 31
45 9
50 55
5 20
98 32
85 46
50 106
122 111
17 55
112 122
54 56
82 71
106 120
18 19
1 11
67 82
100 124
106 33
6 71
121 90
82 4
60 77
55 86
21 46
44 5
104 38
3 98
91 94
95 8
116 90
14 104
12 89
93 63
6 59
52 23
119 101
69 96
117 94
15 106
30 116
108 24
114 35
71 54
65 128
50 117
28 61
80 67
22 14
48 54
90 45
66 78
57 82
85 94
97 92
81 129
80 0
113 81
87 94
81 37
81 72
40 34
35 2
43 125
33 38
95 89
111 42
55 70
93 75
91 56
110 28
37 62
64 64
89 111
128 70
70 38
6 56
51 54
74 55
68 30
125 116
1 73
3 112
62 22
60 9
59 53
5 127
106 54
114 53
55 107
78 13
67 27
11 27
86 10
64 65
79 65
95 117
76 103
111 3
63 32
81 23
98 74
46 45
119 35
6 45
70 108
119 19
24 18
55 31
54 77
21 99
102 31
64 68
117 59
13 39
30 66
17 104
99 26
8 43
107 85
91 124
82 95
52 38
20 91
120 82
73 52
118 113
15 111
8 127
78 82
77 127
42 125
97 25
43 124
56 4
73 109
24 39
42 17
12 49
114 13
49 122
122 73
101 120
18 14
88 43
97 7
77 15
31 7
71 49
90 86
60 6
93 44
56 76
87 121
98 48
83 14
92 0
20 31
0 28
86 91
55 83
116 69
82 77
113 46
60 31
31 86
55 20
96 63
13 84
29 70
19 48
51 75
94 102
11 129
116 48
97 123
74 17
97 36
115 94
74 23
30 87
125 55
49 115
45 67
38 46
87 119
70 106
92 72
71 127
39 49
112 73
13 107
75 36
107 92
84 108
43 35
7 91
46 57
33 82
8 50
56 53
105 115
54 86
52 24
14 119
105 10
10 91
70 85
53 111
19 99
91 8
43 2
110 46
32 2
106 22
10 64
20 30
48 27
121 1
9 88
13 43
80 126
59 86
2 118
38 95
45 20
68 74
68 71
102 42
66 95
89 59
119 75
13 120
81 124
49 127
31 77
117 54
96 71
74 69
6 30
103 87
104 102
121 129
13 129
84 21
3 119
55 8
70 115
81 97
23 52
113 96
62 112
14 28
113 2
120 29
63 19
12 68
49 88
76 21
114 40
82 6
116 118
41 115
44 110
69 112
82 53
10 117
70 117
59 57
15 73
121 49
107 78
51 9
103 23
20 48
124 79
24 91
21 95
99 29
24 67
45 62
22 50
95 63
117 15
108 0
52 83
111 79
78 114
115 128
11 50
96 115
114 49
112 40
41 74
9 106
5 51
38 1
23 97
57 23
22 19
38 76
76 1
97 49
30 91
16 3
45 128
48 100
21 67
59 69
61 84
84 45
31 102
28 0
8 0
76 38
1 71
25 29
57 124
109 90
80 41
82 107
23 30
50 48
39 28
15 78
61 92
66 14
125 20
56 75
16 61
27 18
59 117
75 80
23 50
50 16
91 72
51 91
18 108
68 4
54 17
113 37
8 65
29 51
107 83
4 8
78 30
40 58
74 120
36 73
79 6
40 3
55 101
111 14
72 41
46 66
113 109
112 11
37 119
31 12
79 115
27 123
18 58
12 126
34 102
92 2
95 129
14 71
49 83
61 118
30 18
99 65
25 121
29 57
120 102
34 52
20 21
111 87
26 89
111 109
71 36
5 94
10 52
71 129
60 70
106 56
71 107
127 106
116 110
78 16
120 87
60 58
33 118
6 41
14 120
98 124
85 121
46 80
52 14
16 52
21 6
118 20
88 102
74 9
95 104
31 111
128 32
78 128
117 23
87 123
117 63
81 82
12 33
53 22
10 59
62 27
120 3
58 95
89 57
109 56
105 96
42 65
114 76
16 39
72 81
27 61
105 63
84 116
95 82
22 67
79 125
50 38
59 121
70 37
24 75
71 84
31 5
25 33
30 113
1 116
30 79
72 93
36 6
14 66
107 28
54 112
58 58
117 43
83 46
127 16
66 3
28 57
129 0
1 51
22 80
62 115
10 27
118 86
1 94
38 115
68 127
40 33
21 89
68 49
106 46
127 129
101 113
90 93
109 15
16 5
56 67
66 97
32 127
31 104
82 13
57 8
51 76
81 88
57 88
38 29
5 129
45 108
54 49
55 47
99 88
122 34
26 104
22 60
48 67
17 27
75 26
49 69
89 36
12 83
28 68
80 101
15 43
1 57
109 63
74 7
8 85
37 121
117 129
15 1
61 91
20 103
79 61
115 77
56 24
26 83
42 112
85 45
22 10
70 72
93 89
57 129
0 43
120 53
120 92
17 37
115 82
18 17
16 64
8 18
90 80
31 101
38 96
35 128
62 15
128 100
127 67
53 93
16 127
90 118
48 50
109 102
100 63
8 95
63 94
6 9
50 19
84 49
7 19
78 43
118 48
82 18
99 106
79 15
118 4
6 66
38 2
6 53
51 59
14 96
41 118
105 26
7 16
66 8
68 82
77 73
50 121
1 56
30 112
3 25
91 54
52 117
121 127
36 36
109 79
105 9
65 45
86 119
108 121
71 5
19 117
45 84
6 23
33 70
89 84
1 37
112 93
72 56
79 36
111 113
19 52
113 107
56 105
84 69
31 72
48 52
48 76
64 0
30 71
118 24
78 119
107 47
28 14
37 11
23 37
129 12
22 108
64 117
49 70
104 69
76 64
95 94
28 76
29 20
123 29
57 90
111 83
23 72
87 74
25 126
79 92
21 24
0 128
61 57
84 30
92 104
38 26
20 16
18 121
63 88
46 124
105 113
38 30
37 43
12 103
127 5
80 50
126 88
44 107
73 82
45 78
120 39
101 18
70 73
45 95
109 33
15 123
59 4
116 100
123 66
27 6
122 78
113 72
111 27
93 92
63 86
95 34
79 57
81 13
46 53
125 71
89 119
11 40
46 119
15 48
21 31
69 30
57 122
51 104
44 122
112 0
69 27
54 1
112 13
62 78
68 68
62 19
57 19
39 15
10 55
97 46
3 113
28 21
5 115
60 113
6 62
105 114
116 61
21 20
6 35
48 48
98 121
8 45
25 63
41 64
124 65
57 62
59 64
57 42
42 58
102 24
95 98
95 69
126 35
81 47
3 26
112 68
78 23
120 18
46 42
86 41
104 83
70 2
24 16
25 41
97 62
32 28
25 117
25 39
21 69
93 59
80 76
26 52
85 52
65 109
51 93
0 49
2 39
15 16
21 64
75 93
103 3
119 118
109 3
30 65
84 67
30 108
58 10
120 75
20 108
100 103
6 73
120 0
3 95
122 84
126 38
19 128
32 21
65 92
49 113
71 48
72 70
124 18
41 106
24 76
40 48
83 99
77 46
70 94
8 19
6 81
98 10
14 105
36 101
83 6
119 21
42 14
56 107
27 25
23 23
15 81
10 66
102 90
44 25
14 14
99 53
74 50
81 65
70 41
115 84
70 27
126 105
20 44
50 7
62 5
8 97
81 48
15 117
126 68
7 63
30 13
11 92
54 18
78 90
102 8
62 26
56 64
36 54
16 28
101 34
111 97
70 53
87 2
81 107
15 95
40 100
8 39
73 121
8 15
42 53
126 26
80 96
1 22
41 52
121 107
13 103
47 9
37 73
87 19
105 107
117 79
114 11
34 49
10 119
42 115
111 82
122 125
75 19
78 116
52 123
111 119
27 34
106 86
63 28
26 8
95 88
70 92
115 125
105 76
15 9
87 55
67 67
25 85
56 71
59 11
72 100
126 81
11 48
89 43
102 113
101 59
85 96
46 103
92 63
46 72
74 36
72 25
61 37
88 59
115 129
2 115
17 73
10 78
74 0
116 54
101 19
17 78
98 93
101 11
27 97
96 106
20 2
115 43
115 87
94 114
95 39
110 34
56 11
23 95
117 110
105 19
66 92
70 111
0 74
94 55
87 43
54 16
77 58
2 60
4 96
97 73
32 129
59 47
118 110
15 120
60 69
6 93
4 33
83 61
24 101
44 4
95 19
92 87
29 22
106 8
85 11
32 14
39 34
101 45
125 80
114 14
20 129
48 121
121 26
83 66
15 66
63 20
4 12
105 6
26 54
50 33
28 92
106 83
18 77
94 75
38 27
32 60
85 97
115 78
9 5
77 24
41 1
27 26
31 13
111 98
26 61
3 68
44 0
60 22
5 124
119 42
43 7
75 115
129 15
32 30
7 64
87 129
9 119
99 116
69 9
62 48
25 38
79 75
38 44
67 48
64 113
101 37
56 87
85 72
106 64
3 76
73 105
120 41
125 78
98 69
77 70
60 105
98 105
100 96
43 65
56 55
84 7
87 40
32 59
98 3
20 42
41 70
17 14
58 64
101 51
66 77
6 117
48 61
78 68
115 52
27 58
87 103
77 88
6 77
96 56
54 28
92 123
13 33
32 91
122 37
118 96
58 103
13 101
35 111
92 18
112 110
90 124
63 35
77 32
86 14
36 128
94 95
31 76
104 11
91 89
80 39
109 18
122 83
40 92
82 47
82 85
123 68
119 66
84 52
64 75
82 54
7 89
30 57
115 114
17 43
10 4
103 57
126 123
84 110
17 11
10 10
25 10
36 7
74 121
31 83
128 41
22 28
109 104
121 8
54 25
82 116
105 70
122 77
11 98
17 89
44 55
70 47
74 47
83 100
101 21
95 17
88 5
64 7
81 109
63 22
27 10
129 5
122 47
52 108
58 89
91 119
38 16
69 93
7 72
11 108
45 77
25 50
124 88
5 82
48 71
3 111
94 6
107 70
15 20
84 58
114 87
71 76
23 81
115 0
35 90
51 44
41 75
127 32
110 14
25 40
116 77
13 40
1 17
60 59
15 41
63 42
88 129
63 87
78 59
25 16
45 4
69 14
18 102
89 118
90 50
120 73
3 71
128 27
80 97
13 75
84 6
91 128
7 81
41 38
12 108
126 3
116 66
71 8
45 31
98 66
8 28
39 14
83 67
31 16
24 29
40 93
8 118
65 37
122 98
109 41
30 78
50 71
20 66
82 121
71 42
115 49
124 104
14 26
120 11
124 74
34 54
32 52
112 89
40 13
37 25
128 54
40 104
16 56
94 26
13 95
119 95
88 109
113 73
95 67
3 16
102 115
69 58
39 25
44 121
54 48
102 0
100 46
46 109
74 76
93 1
64 85
76 54
108 19
78 20
7 11
21 100
105 90
105 59
75 77
10 12
1 8
72 114
106 91
89 79
45 94
96 29
65 11
30 75
119 111
57 24
25 110
47 32
57 87
43 116
113 117
103 11
25 91
105 93
60 97
48 7
36 60
18 99
33 49
109 75
38 83
21 5
101 49
46 107
47 41
47 94
32 108
93 36
112 55
88 56
126 39
89 72
50 94
96 39
76 86
89 40
38 80
111 76
48 19
37 101
113 79
125 113
81 90
51 46
30 40
96 62
35 105
9 95
33 56
10 53
110 19
49 12
32 51
78 102
26 29
74 113
52 115
32 37
88 46
66 36
81 4
43 103
126 2
17 109
112 76
53 124
79 37
41 54
69 67
116 125
76 118
109 51
51 35
30 93
90 91
99 63
115 83
38 12
77 110
116 42
120 59
34 78
30 43
37 58
23 115
33 65
56 21
123 108
65 113
3 46
80 91
1 88
23 12
65 7
45 90
4 52
97 13
110 7
43 60
123 63
77 61
70 14
48 91
102 9
71 23
104 41
100 61
19 106
18 93
83 119
123 40
29 80
54 35
89 9
92 82
74 2
80 31
115 8
48 32
63 53
107 69
44 66
69 60
128 48
34 114
119 65
100 34
58 78
111 114
29 17
107 16
1 92
121 105
106 67
41 28
89 38
9 92
100 123
101 92
62 59
18 125
50 81
116 38
6 118
3 43
39 67
44 126
120 103
83 13
65 53
27 28
19 28
30 7
113 66
30 124
120 27
122 101
102 4
8 129
22 18
57 74
40 1
88 12
68 53
14 111
15 13
14 30
84 3
89 26
57 103
34 23
23 109
101 123
22 95
82 50
20 87
95 37
61 17
20 20
83 9
47 51
17 47
28 88
4 83
31 65
101 88
34 37
79 4
86 80
92 43
90 120
52 106
13 69
101 115
56 42
129 89
50 103
126 82
109 60
127 15
107 8
1 104
127 66
55 13
106 39
8 128
75 15
47 20
11 30
83 72
45 127
21 10
28 66
63 129
5 56
68 33
110 11
23 107
108 127
2 21
47 122
96 23
50 42
76 112
115 9
55 87
31 56
71 66
31 93
1 14
47 83
16 90
66 56
118 106
97 67
13 89
56 45
101 61
50 22
4 10
48 84
86 8
37 95
89 77
18 29
89 114
123 57
108 36
126 102
86 74
29 66
46 63
45 104
35 17
125 61
108 110
122 121
42 7
41 85
28 128
20 111
11 97
55 109
38 8
97 83
115 108
50 82
68 15
18 106
52 72
65 126
70 16
51 24
6 119
39 99
63 69
82 49
105 20
67 94
5 62
48 124
1 95
67 98
113 86
89 129
116 105
58 33
22 119
47 101
1 49
98 73
100 6
36 87
126 0
53 21
84 26
121 104
59 78
25 86
21 105
37 67
99 16
70 128
58 30
98 95
66 28
13 35
42 90
75 98
118 19
68 7
31 99
88 38
122 129
127 91
59 123
1 122
11 45
70 10
120 97
11 88
31 103
39 82
5 43
59 13
81 14
49 58
48 116
115 93
51 121
70 13
28 98
62 108
85 56
1 89
84 51
86 65
25 64
68 67
109 98
51 128
33 96
110 49
14 23
54 24
29 73
78 79
34 7
50 69
87 67
57 14
126 28
3 9
35 109
24 96
10 57
105 69
54 39
100 111
64 96
74 96
29 60
113 105
45 98
99 15
121 29
72 78
103 89
117 126
54 81
13 122
33 67
106 87
13 59
75 84
36 32
61 8
50 127
21 28
33 2
90 31
124 121
127 52
18 40
112 112
116 88
113 13
90 14
126 110
12 112
28 105
45 60
58 20
24 35
111 118
33 22
24 44
96 45
87 30
52 91
88 9
105 55
64 112
94 86
107 44
60 104
99 67
105 75
124 55
68 34
56 35
5 36
124 122
94 118
82 37
21 121
36 98
66 54
124 95
23 80
35 37
5 44
38 69
40 53
47 107
93 17
12 5
21 71
71 22
96 100
97 63
31 18
110 36
23 106
42 84
108 73
60 71
65 89
114 86
2 69
122 46
80 102
34 20
113 18
82 99
70 3
94 122
33 74
74 6
110 15
90 42
117 62
122 17
88 111
123 4
100 105
56 101
117 48
124 0
53 57
45 120
39 94
107 105
67 49
92 114
91 51
101 6
98 51
16 55
19 16
37 96
17 60
7 105
74 44
90 115
77 96
105 8
128 19
10 123
29 30
33 57
37 93
111 35
33 83
81 116
26 68
120 86
90 67
14 33
29 1
5 101
75 71
29 95
22 114
116 24
37 49
42 72
128 72
61 40
119 16
28 111
28 112
35 103
41 61
106 112
95 29
34 46
48 35
89 93
20 118
81 113
118 22
105 71
96 102
48 113
47 8
47 113
11 68
106 30
5 8
110 50
5 87
63 50
123 28
57 114
88 27
47 0
45 124
53 7
90 112
124 3
28 27
74 46
35 127
100 92
50 124
78 76
95 58
41 33
14 24
26 47
8 44
31 81
4 29
6 19
75 100
94 52
50 115
111 12
113 58
67 50
77 103
51 52
59 19
76 88
9 120
65 28
2 126
64 11
18 129
82 100
22 54
59 99
77 22
96 87
68 50
118 13
13 94
64 29
90 103
31 128
98 47
129 19
48 2
27 125
74 104
48 105
118 23
33 93
44 48
108 43
105 129
110 16
51 10
86 46
72 43
29 2
56 80
104 115
51 51
85 88
34 61
1 125
7 28
78 22
87 84
74 54
18 119
0 102
58 128
5 91
46 86
64 60
127 64
79 56
32 7
58 15
108 8
47 77
121 56
55 21
92 113
17 124
10 116
104 67
95 4
72 68
57 81
10 81
88 49
112 36
102 15
32 66
7 75
54 124
20 57
35 44
66 29
39 48
88 25
32 61
7 56
108 70
55 115
33 89
29 99
44 119
99 32
36 83
105 106
22 34
108 116
65 98
87 14
129 129
59 108
33 54
36 129
69 20
92 46
92 16
94 69
116 53
45 19
31 100
62 93
48 42
18 124
61 67
88 104
109 61
51 79
37 71
121 12
55 113
73 31
53 54
39 113
29 82
35 1
100 40
39 62
73 77
0 21
6 105
49 34
109 38
6 125
11 117
91 15
81 31
62 45
48 120
125 92
23 84
56 79
66 73
45 28
22 42
12 75
46 90
75 46
113 43
96 51
15 109
89 75
7 69
83 33
19 44
111 11
65 100
5 108
55 89
84 82
10 124
96 47
1 86
99 93
22 65
77 121
60 66
118 33
72 31
123 80
11 44
67 9
61 20
9 30
6 8
90 90
55 0
116 123
110 71
125 105
43 76
85 120
89 5
128 6
116 18
129 125
61 94
115 61
124 80
93 29
129 60
116 83
98 36
126 109
67 99
37 47
97 110
94 13
128 40
51 85
69 116
72 82
94 87
2 90
76 92
72 120
47 91
44 102
34 68
33 114
33 78
113 20
116 26
64 54
10 9
126 65
81 42
23 122
91 69
118 39
113 24
4 43
30 80
79 103
20 106
122 88
60 116
61 55
68 6
48 123
35 72
121 117
78 33
54 2
68 91
57 58
37 4
112 34
76 105
99 104
35 97
92 45
61 98
27 38
121 115
74 108
10 72
94 128
96 78
51 38
55 127
120 124
47 39
90 113
114 79
124 91
96 112
19 97
87 75
100 66
31 26
35 54
28 37
100 23
44 115
57 76
107 96
93 122
126 37
37 88
107 19
72 36
67 42
75 124
86 35
32 65
73 50
50 99
4 113
3 37
102 30
92 30
105 48
45 125
89 101
38 94
66 80
122 100
120 109
18 25
38 82
70 109
124 35
86 15
128 104
36 99
42 116
116 102
37 64
128 94
102 128
82 10
32 5
38 106
27 40
58 19
43 89
3 33
96 65
76 120
103 98
108 107
111 111
109 116
108 88
104 88
114 18
24 79
45 82
125 111
94 111
87 63
37 90
49 101
113 5
36 10
99 98
68 94
98 101
15 38
22 94
116 73
95 6
93 81
28 101
109 100
76 26
58 112
36 115
93 25
65 96
120 24
64 116
55 73
2 74
51 19
114 77
44 45
73 113
110 61
29 49
96 75
102 119
25 1
84 36
56 37
68 29
127 83
61 93
61 36
113 27
1 79
75 78
23 45
117 112
42 59
75 106
112 104
125 72
104 95
61 75
13 14
67 86
82 109
23 4
50 44
25 98
57 91
0 58
37 40
125 126
91 34
88 26
55 3
54 103
36 39
18 50
125 125
21 112
113 85
71 96
30 51
71 114
100 12
40 59
34 0
59 94
10 46
18 96
88 23
13 106
81 83
84 105
15 128
114 97
11 72
106 80
119 121
48 20
73 16
21 101
87 120
97 10
47 45
125 107
95 28
113 48
107 123
68 28
37 24
59 105
91 102
14 115
18 74
119 78
97 124
7 10
119 14
78 118
112 31
43 95
8 52
52 39
122 106
53 86
18 76
92 124
83 118
13 85
81 53
53 47
23 54
123 61
109 114
101 36
74 56
118 53
114 66
90 87
92 108
71 21
15 27
97 40
44 40
106 69
126 76
108 108
120 44
4 46
29 74
75 97
101 8
60 53
65 106
91 120
59 126
84 33
73 1
99 37
99 59
119 128
23 5
107 122
119 114
62 49
122 9
114 116
50 40
36 38
27 85
33 27
4 47
99 86
3 118
67 35
2 83
55 112
36 72
71 24
89 69
17 64
124 78
119 25
117 61
62 56
73 28
22 76
79 69
80 93
93 91
44 89
61 47
97 18
12 85
10 120
99 89
35 107
9 10
48 25
2 98
61 72
120 49
23 53
54 26
109 78
104 61
97 42
97 129
64 90
61 122
124 108
120 51
127 103
90 121
50 53
47 112
108 72
45 115
43 113
19 18
73 2
74 71
27 95
20 123
107 114
127 84
62 109
45 121
120 30
89 73
26 80
22 123
119 100
7 104
41 89
20 5
18 46
13 31
21 73
24 113
41 34
9 99
13 56
70 66
128 47
86 88
9 102
23 88
21 41
119 63
117 38
96 82
65 76
93 12
61 90
125 104
15 4
91 47
124 9
23 69
122 8
49 51
111 128
92 88
83 83
22 87
93 112
27 35
14 79
88 30
75 56
117 31
6 15
112 87
129 70
81 5
115 116
50 118
15 104
114 20
69 82
126 77
59 74
79 96
2 70
54 13
100 76
57 98
23 39
95 33
42 34
107 41
88 63
125 13
58 28
84 113
102 105
116 128
94 105
62 41
26 78
101 20
76 76
8 23
0 14
11 91
21 125
88 107
103 129
78 40
97 38
31 23
110 124
110 125
129 58
123 30
99 24
128 98
47 109
3 82
65 86
95 109
47 56
99 119
63 27
96 25
125 31
108 22
30 21
0 97
35 113
81 64
59 36
88 78
62 13
8 6
36 34
113 23
29 0
12 26
57 33
125 33
3 8
43 85
74 82
70 4
77 41
115 60
65 101
19 64
35 74
27 82
61 26
41 111
113 67
114 123
29 106
66 45
87 5
94 14
27 52
14 124
50 29
124 50
103 44
129 118
79 114
41 100
86 6
60 88
99 127
69 39
118 127
104 55
59 22
125 39
10 74
64 49
3 49
128 115
50 78
127 61
48 29
127 123
81 75
85 101
86 59
73 43
80 8
79 12
129 67
34 3
2 103
104 103
61 50
19 11
22 62
6 28
10 20
3 15
72 91
60 110
10 76
40 79
100 11
4 2
48 86
89 51
128 26
20 63
32 122
39 63
41 84
49 116
104 101
89 123
79 94
27 39
128 92
21 40
87 83
82 33
69 109
80 63
20 79
96 127
119 68
24 15
81 19
103 100
9 128
2 10
101 35
78 41
101 121
25 12
74 45
9 82
75 72
5 80
104 65
128 73
36 67
24 38
2 81
59 56
19 63
100 97
109 23
1 76
112 58
99 108
98 57
11 29
117 49
0 65
12 73
100 91
18 55
110 82
49 111
58 107
90 79
107 100
37 98
37 100
18 123
81 40
85 65
41 123
66 55
26 23
28 55
16 16
37 114
116 126
44 82
77 104
56 41
5 23
4 37
9 48
106 79
128 23
4 101
54 42
27 22
43 18
76 51
9 86
91 107
93 110
100 54
111 15
53 13
62 79
107 43
67 93
92 13
73 37
58 26
24 47
101 26
32 58
39 102
31 3
11 112
26 109
44 91
99 66
98 120
28 109
0 117
32 22
96 94
32 55
4 51
107 81
37 99
23 126
87 127
70 112
61 2
59 25
107 89
100 41
116 96
25 45
72 24
51 126
61 51
35 29
128 117
32 93
85 37
100 101
108 44
110 106
11 8
88 34
42 94
111 68
22 55
45 71
102 80
115 126
119 105
61 121
20 22
92 5
104 119
30 120
37 85
43 8
74 100
35 21
46 13
16 20
47 62
43 70
15 65
64 21
31 45
64 47
94 98
36 125
120 6
89 102
3 66
39 98
47 115
21 55
56 122
40 67
105 87
49 32
0 63
60 26
110 72
4 13
99 56
82 42
118 84
78 12
119 115
123 96
12 44
125 127
4 116
73 45
9 97
122 19
49 92
15 124
34 127
119 74
93 83
0 32
83 97
90 98
67 128
47 35
117 99
51 57
43 39
107 104
69 8
72 129
101 76
32 92
113 80
98 61
102 107
51 114
67 40
42 107
111 90
109 80
27 117
118 109
67 100
77 39
20 100
46 21
96 109
1 124
38 90
27 90
3 96
99 105
23 9
2 102
105 38
52 22
81 119
63 6
63 83
54 111
26 76
89 2
60 17
109 71
9 15
102 96
14 57
66 65
21 117
93 97
28 53
35 116
78 93
45 58
101 10
28 96
42 16
14 68
18 16
6 90
100 79
51 43
81 115
104 20
19 3
85 93
43 123
75 105
29 43
11 121
54 105
3 44
124 85
23 102
22 39
119 86
87 4
86 56
35 56
119 2
72 45
66 120
90 6
7 76
112 14
7 4
49 24
81 84
0 104
83 69
79 84
47 68
80 33
20 102
5 100
100 74
53 101
115 56
83 31
100 64
66 11
37 39
99 46
63 111
29 86
96 81
53 112
95 113
92 128
105 73
67 1
36 71
92 74
40 14
20 127
4 66
51 16
79 53
114 28
85 61
106 85
80 27
98 91
100 5
87 41
120 34
69 5
8 3
81 35
123 19
35 120
13 6
72 88
22 47
16 36
87 59
85 111
55 80
123 94
17 69
38 61
117 13
74 33
78 29
96 96
24 43
10 63
53 0
63 76
51 125
9 57
6 1
48 17
123 64
18 52
11 77
108 42
124 25
0 57
3 27
27 13
1 45
86 57
21 48
92 68
62 20
102 1
31 94
59 125
90 17
45 35
119 38
31 42
91 23
127 97
123 100
118 0
25 111
36 33
126 54
31 60
104 125
13 125
31 50
52 71
39 32
100 81
98 42
50 57
93 22
70 23
112 47
7 103
68 20
87 50
112 33
97 75
79 17
18 31
123 115
104 56
75 9
112 42
99 28
112 82
43 107
17 22
77 83
58 59
107 90
16 22
24 88
62 95
41 114
13 66
98 67
10 1
65 102
115 33
23 51
113 38
82 102
106 21
111 106
69 71
90 55
64 41
56 120
102 68
79 13
114 127
16 23
1 6
95 114
15 2
14 97
109 50
103 42
118 21
18 78
116 55
41 35
99 99
53 64
68 42
52 43
43 25
64 48
22 37
27 127
68 11
31 1
123 128
41 10
33 58
45 85
123 129
92 7
30 125
34 73
91 11
9 7
22 78
49 11
73 25
118 10
47 97
111 8
104 75
121 93
96 69
13 88
21 14
109 96
56 13
69 56
98 98
76 128
12 74
75 112
73 89
95 2
19 95
45 57
62 21
39 90
119 41
56 49
59 18
97 97
118 89
101 111
92 27
36 97
92 6
51 32
29 98
124 86
59 27
13 78
39 85
122 87
128 66
11 85
31 32
32 124
106 20
93 66
24 78
105 50
40 55
108 27
99 62
7 21
37 28
128 42
37 36
78 107
86 111
5 29
86 110
63 60
47 54
39 8
5 57
3 38
122 97
23 34
18 64
21 27
110 63
80 61
65 23
64 99
99 11
30 110
128 85
65 19
4 17
125 122
113 1
2 13
51 116
78 106
58 74
103 83
11 64
86 3
0 89
121 92
90 11
94 66
56 110
54 78
30 83
33 14
29 87
111 108
38 81
19 120
76 49
46 99
8 42
56 73
49 74
105 104
97 29
44 98
115 67
48 95
106 60
110 10
44 96
124 114
19 123
0 109
104 53
63 34
41 24
30 84
87 17
100 19
51 98
49 3
44 8
46 18
61 71
40 74
34 71
11 100
103 118
119 3
79 76
30 118
19 38
34 88
25 88
76 11
2 128
2 52
125 38
62 62
122 28
31 80
92 100
35 126
116 27
68 31
68 18
32 1
52 124
54 74
54 10
100 69
117 3
82 70
76 104
103 59
87 81
25 68
20 9
105 21
32 126
65 3
114 39
50 34
30 67
37 23
85 48
0 126
50 60
0 42
85 47
76 35
72 18
4 122
88 110
3 114
94 47
104 73
13 112
49 29
126 87
87 29
112 15
71 60
114 98
63 75
16 119
10 32
128 81
38 45
118 108
55 97
17 28
59 70
53 44
26 58
60 54
24 19
55 43
27 29
118 92
38 5
125 16
65 16
15 69
54 55
121 96
45 116
129 88
106 53
69 69
39 101
93 6
103 121
110 80
35 71
61 78
37 72
110 5
66 112
1 33
25 44
14 88
60 8
12 118
16 98
13 86
4 15
74 31
89 83
32 123
0 6
78 127
35 82
82 122
61 88
4 40
114 107
86 61
74 112
9 105
15 88
27 118
43 29
106 96
96 119
8 71
35 50
124 58
102 118
27 16
54 63
103 2
43 62
128 3
5 6
84 66
128 76
90 106
118 6
124 63
94 119
58 105
25 3
96 85
111 95
77 78
1 20
67 119
75 55
116 50
12 65
22 103
9 27
108 122
68 48
26 66
24 81
78 0
19 116
83 16
47 61
22 72
74 79
117 18
107 33
115 92
7 84
57 119
83 5
41 86
80 66
92 73
55 9
36 116
117 69
35 22
72 16
128 75
117 55
31 97
71 120
106 99
102 13
91 75
99 60
98 31
95 10
82 12
115 13
111 32
23 121
74 97
76 72
57 54
52 30
93 90
55 55
72 33
66 59
98 78
77 102
27 9
80 46
12 125
18 0
63 13
2 46
81 95
96 118
77 64
23 11
97 113
38 51
21 104
100 106
113 76
76 85
22 8
20 43
19 31
107 64
65 27
23 19
51 2
111 38
53 75
69 117
67 52
21 22
87 7
99 30
23 56
0 60
18 2
70 59
45 2
117 87
17 84
68 86
69 26
30 22
84 12
73 127
71 44
78 72
29 58
5 2
63 82
122 119
51 1
41 8
60 119
21 124
115 62
51 12
109 101
116 108
111 19
107 74
72 96
58 11
53 96
85 126
109 72
102 92
128 65
123 118
11 90
43 80
113 45
38 10
34 33
0 38
5 50
24 84
79 119
128 109
70 60
129 95
121 67
105 13
102 126
29 84
39 97
49 44
104 44
20 68
92 83
109 47
64 42
78 18
28 54
92 105
53 81
120 112
105 5
103 102
76 7
7 122
82 41
96 128
111 7
86 89
63 47
124 32
74 66
8 34
41 102
111 63
6 55
102 89
125 62
126 15
13 87
34 124
33 20
93 114
16 124
119 120
110 32
52 18
31 127
105 125
93 82
0 52
97 89
44 16
10 7
39 73
58 34
83 123
123 1
21 127
63 72
84 2
120 72
93 28
104 107
106 125
65 46
122 39
59 14
49 38
90 21
37 91
3 126
33 19
57 85
113 59
26 69
25 62
116 59
120 43
35 95
63 36
34 82
48 114
61 95
90 116
36 15
56 68
15 39
72 89
29 40
82 79
115 17
106 77
47 47
62 66
125 88
99 42
34 104
69 33
23 17
36 113
64 51
92 55
128 121
80 32
32 104
21 63
83 11
129 104
100 56
62 2
101 7
42 70
57 73
28 81
15 64
61 45
37 56
90 110
49 33
83 49
82 66
101 44
99 22
47 124
86 98
112 129
40 117
18 34
24 45
1 119
106 121
87 65
90 48
72 116
45 74
33 50
59 6
78 53
128 34
43 98
114 100
45 52
28 11
50 6
93 95
85 63
59 66
56 60
121 79
69 46
46 46
76 90
117 77
28 48
21 72
72 53
53 103
44 51
121 41
5 59
28 126
30 86
120 111
100 26
19 36
43 41
52 4
118 3
102 45
52 96
127 49
48 24
105 77
117 124
30 88
109 91
48 101
34 60
5 102
72 107
100 115
32 54
126 91
91 99
44 24
120 42
121 95
36 118
128 17
93 7
74 35
129 64
73 116
118 81
64 13
29 8
107 39
13 8
72 15
12 21
97 26
92 12
84 57
77 40
28 102
19 86
33 6
64 88
7 62
73 49
123 95
91 83
119 61
44 57
25 27
34 105
128 37
97 68
116 106
47 29
118 63
32 11
36 31
114 7
98 56
71 99
129 6
97 1
3 19
16 11
122 27
100 102
58 91
55 63
54 95
60 14
101 32
99 10
34 79
67 74
16 94
73 8
26 26
79 59
31 117
13 90
122 52
35 51
79 0
30 37
77 48
61 79
125 87
77 129
5 107
64 19
124 36
0 55
19 45
8 57
18 63
39 21
7 18
25 24
44 64
56 72
120 2
89 49
83 64
10 49
53 121
121 46
57 120
119 30
71 56
45 101
71 78
62 18
98 11
25 75
71 10
58 79
81 33
94 54
104 108
71 9
58 116
79 31
91 84
9 118
44 79
109 97
18 42
32 121
84 124
54 32
76 82
7 98
4 98
6 127
41 110
56 124
123 15
36 21
46 111
39 108
55 42
46 73
95 56
86 50
97 111
44 100
38 39
50 104
49 64
16 87
108 20
104 46
67 17
85 64
54 60
11 126
22 61
72 12
57 28
35 98
84 55
17 5
33 46
10 83
127 47
35 123
127 41
71 18
56 119
110 90
9 84
108 75
111 104
107 17
38 126
124 26
38 125
37 82
72 124
33 8
104 96
29 105
76 97
79 113
114 50
74 39
50 79
111 26
62 97
49 67
4 127
126 118
33 112
27 73
74 116
71 61
85 7
47 85
12 50
97 32
56 89
77 119
129 22
14 5
25 21
128 77
23 92
53 56
108 31
109 110
86 94
78 69
86 29
55 4
104 54
70 129
6 29
23 41
101 78
106 126
68 17
106 76
105 109
42 50
109 109
21 8
20 19
0 23
63 51
49 30
97 95
9 64
128 96
63 38
22 122
124 94
78 120
49 42
27 100
106 95
3 87
102 5
102 64
62 55
13 118
80 22
69 51
100 37
90 74
52 73
97 105
129 117
66 121
78 117
16 86
96 126
110 3
126 52
52 101
125 45
69 76
38 124
0 79
29 123
36 80
54 128
12 35
120 22
52 112
101 110
72 27
110 35
52 113
113 103
17 61
40 39
100 78
64 118
73 5
48 78
52 7
46 56
128 56
65 90
25 125
74 111
5 34
129 10
53 17
5 35
39 107
86 45
112 38
88 88
37 92
42 28
16 63
2 4
78 36
4 44
52 110
90 57
12 0
104 10
126 86
92 52
113 111
43 88
67 5
28 35
13 111
26 14
18 70
126 84
97 72
60 56
6 92
90 128
21 70
92 117
118 27
72 117
25 118
21 120
3 81
69 7
25 116
14 116
102 94
60 7
111 129
15 53
101 5
90 114
66 63
25 92
7 54
43 54
32 47
48 23
64 72
7 102
123 8
10 25
104 81
56 115
1 62
124 126
36 28
122 61
50 75
61 106
93 78
16 41
104 87
106 78
26 7
78 64
47 24
41 46
113 63
79 85
77 82
95 112
100 53
68 72
89 98
3 12
81 91
93 8
74 95
19 39
7 124
94 93
67 115
88 53
55 78
80 83
38 58
37 109
79 118
112 21
32 20
109 55
98 77
21 128
57 3
116 11
80 106
115 37
68 51
39 64
91 116
86 20
37 79
115 65
46 38
80 13
107 61
9 117
18 72
5 109
33 81
80 64
45 24
95 43
81 0
98 12
49 14
54 7
112 124
112 77
61 107
22 41
119 64
12 82
7 78
91 5
66 110
103 77
13 28
31 52
11 3
118 114
45 49
112 61
29 16
49 45
86 27
46 50
30 30
70 71
59 60
94 109
93 71
44 60
26 128
129 56
104 123
122 75
20 78
40 99
3 13
98 80
103 45
80 17
62 11
109 82
102 25
34 117
126 51
37 97
124 100
0 69
113 71
96 34
6 2
98 28
60 99
72 26
28 97
103 18
4 31
49 16
96 92
94 25
42 96
16 74
111 71
108 32
1 61
4 67
98 85
50 101
54 129
0 76
65 5
10 95
60 60
51 95
6 84
29 31
7 24
1 21
19 51
25 93
115 70
18 68
129 38
69 123
103 101
39 66
95 70
127 54
28 89
121 20
107 111
102 51
2 89
37 110
38 67
88 81
113 69
108 98
4 50
76 121
70 46
19 23
22 7
79 49
50 12
75 33
12 57
126 75
47 53
65 59
28 103
121 13
24 21
41 72
125 106
102 85
83 84
27 91
94 48
13 47
105 112
60 114
37 46
77 44
18 98
120 98
11 82
104 97
32 38
85 13
65 1
67 68
28 1
39 71
75 38
13 51
114 32
129 111
73 68
47 1
64 22
47 120
66 102
114 72
40 108
127 27
93 129
3 103
92 92
78 67
17 90
69 78
71 0
75 1
118 41
85 84
24 105
76 98
129 74
86 38
100 4
83 89
44 114
27 108
80 87
73 11
76 57
5 46
20 94
93 128
0 25
111 96
73 35
129 20
15 112
60 49
82 22
36 40
94 17
56 96
35 55
81 89
45 69
70 56
61 43
125 17
106 84
76 83
59 72
11 6
66 85
70 25
16 110
82 56
105 97
126 119
24 54
2 8
11 113
65 29
61 87
64 97
124 103
52 126
65 80
79 43
99 72
66 94
4 34
124 128
80 118
27 20
34 96
20 67
101 82
27 37
9 1
104 18
11 9
91 109
37 108
78 112
39 91
56 118
41 65
75 126
72 71
43 22
26 108
8 74
16 99
97 11
128 93
54 93
77 10
35 110
53 106
17 31
26 94
26 102
109 84
14 17
84 111
19 125
86 117
94 84
