795
29 30
2 23
12 32
19 21
22 4
34 29
21 42
20 41
37 30
40 31
18 35
31 16
4 17
39 8
29 13
22 9
15 41
43 33
22 3
31 0
31 37
47 17
31 31
20 15
1 7
8 18
27 41
28 49
34 3
49 25
4 7
37 26
34 15
25 44
30 19
8 12
48 17
34 2
15 47
20 18
23 33
7 47
38 10
47 36
44 19
8 19
26 8
2 39
0 27
16 41
3 19
30 20
48 18
34 43
22 14
41 40
2 29
3 45
21 20
11 23
31 21
24 6
42 48
2 32
6 44
11 38
22 40
3 37
32 10
9 42
45 47
0 3
17 37
34 0
34 49
22 2
24 1
20 1
5 35
35 4
34 27
37 4
29 45
18 31
16 43
28 16
10 24
11 13
8 17
23 5
46 49
6 9
7 5
6 30
20 24
24 23
10 8
19 29
12 45
44 47
16 25
36 40
29 31
4 18
47 39
36 39
28 19
38 9
2 25
5 49
15 37
10 37
12 37
42 3
31 38
49 28
0 46
27 7
27 21
0 22
27 10
2 33
5 42
25 49
19 37
7 3
48 10
44 38
7 23
28 31
17 19
38 21
45 14
45 28
27 5
36 38
31 27
38 41
24 8
26 16
23 42
0 35
31 22
27 33
11 16
18 10
48 26
41 2
33 13
48 21
21 10
43 37
12 35
0 10
2 42
32 40
9 7
49 36
8 15
38 7
23 38
3 36
2 31
15 4
43 11
4 39
30 12
33 10
40 48
43 28
8 14
25 36
18 16
28 32
10 42
36 36
2 41
40 20
28 5
45 25
18 40
30 42
16 23
27 11
17 20
23 14
7 11
32 19
28 25
49 10
1 9
1 29
2 15
19 36
19 0
16 6
1 18
32 25
25 6
35 15
19 49
43 5
9 38
3 41
41 6
40 6
31 2
7 15
40 21
34 12
23 12
33 15
27 45
23 9
7 39
28 9
49 21
5 12
42 28
21 4
12 30
1 38
48 45
25 46
22 15
17 35
41 30
46 37
14 38
8 47
18 20
46 30
23 47
13 15
16 34
4 35
46 7
44 20
26 0
20 14
20 34
16 15
6 43
46 48
7 37
39 12
10 45
7 26
9 48
21 22
39 22
40 24
37 29
22 26
0 44
7 34
43 48
26 30
22 23
40 7
21 13
28 29
48 41
49 13
5 20
49 30
19 1
34 33
0 5
29 4
19 39
9 45
26 40
8 8
37 0
42 47
38 13
18 12
38 44
18 14
43 36
34 6
0 25
47 7
45 30
4 15
2 8
15 5
10 23
45 12
27 40
23 23
46 14
12 18
8 23
40 26
14 12
30 37
30 8
32 8
34 40
27 26
11 45
39 37
23 22
20 28
12 28
9 13
24 45
24 7
4 29
9 0
19 5
49 32
33 35
48 23
15 42
31 3
43 29
9 11
25 3
42 13
3 2
21 30
21 6
41 0
6 31
31 28
16 29
15 0
40 46
16 19
24 28
35 8
45 38
25 9
35 30
31 1
49 23
42 26
10 14
13 14
33 3
5 43
19 22
22 31
4 47
18 42
16 3
29 14
32 28
42 10
42 14
17 28
28 33
1 11
19 13
35 7
47 25
43 30
32 46
36 20
16 2
7 29
4 20
16 8
11 4
49 49
24 39
46 8
44 13
10 20
41 47
49 22
20 3
16 1
42 23
30 26
43 2
11 47
30 2
10 32
33 24
13 36
27 12
21 32
12 14
47 24
48 48
29 27
17 24
9 5
19 8
39 33
43 8
1 12
2 16
46 4
10 11
27 3
39 42
18 7
29 46
29 47
36 6
26 36
35 27
8 16
11 21
0 29
46 46
42 29
23 24
24 29
41 18
23 8
6 38
42 8
22 21
41 38
25 26
25 2
1 39
36 23
11 46
35 42
13 5
31 14
4 41
16 20
29 48
30 15
10 5
43 24
26 9
12 26
0 39
40 34
39 46
6 13
24 12
46 22
43 13
15 2
37 7
47 46
19 33
14 39
35 38
27 49
11 14
34 46
27 43
40 25
17 27
7 17
14 14
49 1
3 13
5 19
44 46
27 28
8 4
42 30
21 39
14 43
16 33
33 1
1 1
30 47
20 39
31 19
47 2
36 16
12 16
41 44
9 36
6 4
4 32
17 10
16 45
6 36
37 25
27 1
41 41
46 36
17 18
2 1
16 0
33 2
21 38
4 42
10 17
48 32
23 35
28 36
5 13
19 32
46 35
34 9
30 0
22 10
18 2
44 30
25 45
21 17
6 47
23 10
20 33
29 1
8 32
46 6
42 21
30 36
17 36
3 14
44 48
12 1
33 49
3 0
39 4
3 5
27 39
25 13
14 6
37 49
20 26
22 13
5 22
7 27
47 41
46 2
13 9
36 27
34 35
21 29
37 20
25 23
4 30
40 0
19 47
39 47
14 47
31 29
6 46
39 10
8 6
3 29
44 6
24 14
43 26
13 31
31 9
46 9
49 43
12 41
28 22
22 48
46 23
2 21
15 49
36 9
48 13
34 26
35 10
24 2
46 3
44 39
24 47
17 32
30 10
24 42
26 12
3 23
12 9
5 33
21 26
27 36
20 4
26 44
2 12
33 11
30 33
14 31
30 35
39 30
13 34
8 41
27 25
19 9
25 28
41 12
26 23
41 37
31 11
21 8
47 5
37 48
13 46
11 30
47 22
23 25
10 4
16 12
17 22
49 17
44 15
35 26
15 43
4 14
30 6
0 16
12 3
17 2
16 21
9 37
18 29
11 18
33 20
42 39
43 20
36 44
21 25
48 24
23 15
38 0
3 10
7 18
22 36
11 10
1 48
22 37
8 37
3 33
26 6
31 49
15 15
2 49
4 21
24 18
49 14
35 47
14 30
3 25
44 9
43 14
21 44
1 6
41 4
26 38
21 31
11 40
48 49
14 36
8 44
13 11
19 20
11 22
46 27
48 9
47 37
34 41
29 12
19 16
4 48
39 49
47 13
0 7
37 36
5 41
15 24
12 15
44 29
41 28
17 34
48 16
23 3
8 43
33 14
11 9
18 19
47 45
30 46
14 49
27 2
36 33
9 21
36 32
13 30
24 4
32 34
36 26
14 32
27 24
11 49
25 12
20 20
35 11
4 27
10 31
18 38
30 28
21 18
35 39
45 45
32 13
25 39
18 36
24 0
27 30
22 22
20 44
32 17
20 21
31 40
38 37
22 32
48 22
43 1
5 1
32 38
25 1
0 41
7 2
47 26
7 24
26 4
20 6
21 14
47 12
34 18
36 1
33 4
6 24
44 37
15 48
19 38
40 36
10 6
0 4
24 24
37 44
22 29
29 34
2 10
7 13
7 48
29 29
26 34
7 41
47 6
1 45
45 32
4 13
8 27
49 39
9 35
30 3
4 6
46 42
46 43
10 28
5 29
3 42
11 5
1 35
13 28
21 9
13 20
15 1
14 5
26 18
17 4
35 33
0 2
22 47
49 0
41 31
43 42
27 48
13 16
35 9
16 46
45 21
44 21
16 14
42 41
49 27
42 33
32 35
39 23
14 28
22 41
8 40
27 31
