100
16 4
2 1
26 6
20 11
18 28
25 21
9 27
7 18
5 11
1 9
17 0
12 21
1 28
24 23
2 28
26 5
9 0
28 1
27 24
27 9
7 16
24 19
14 27
0 13
25 29
14 4
1 8
3 12
29 8
7 13
23 16
1 16
28 23
25 19
9 14
2 14
28 20
25 14
21 10
22 27
8 6
10 12
18 8
9 16
0 10
14 0
20 10
15 12
15 22
23 23
2 7
16 3
0 26
23 29
14 22
11 1
23 0
22 20
4 17
18 23
22 15
1 6
21 25
7 12
29 11
27 29
24 0
4 3
8 0
26 28
6 17
1 27
19 11
24 16
21 20
4 8
29 7
19 13
14 8
18 12
19 29
25 7
24 4
14 26
4 4
17 19
0 7
20 9
1 4
24 1
8 5
28 8
12 9
6 4
22 0
24 3
21 9
4 24
9 4
6 5
