95
15 25
8 24
20 1
3 1
22 0
23 20
20 4
0 12
8 29
25 6
9 11
9 2
29 29
8 19
15 12
21 7
29 22
26 28
4 17
3 0
12 9
11 5
25 17
11 19
9 14
24 14
23 3
14 11
22 12
11 15
7 26
14 23
25 27
12 10
8 20
8 26
10 22
27 17
9 5
10 1
14 19
16 21
18 7
16 28
1 8
22 20
8 6
0 22
11 28
0 27
8 5
10 4
16 15
19 25
24 11
14 18
12 21
26 24
12 17
15 14
24 3
13 13
6 13
6 0
13 10
7 19
25 18
19 21
27 25
2 1
5 23
7 2
9 12
26 21
1 10
17 1
27 18
20 0
25 22
10 18
25 28
7 21
12 11
22 15
17 27
3 9
23 7
14 29
12 4
15 20
26 14
21 17
18 13
21 2
5 0
