5916
139 31
67 209
171 2
203 96
87 154
22 10
146 185
139 64
107 52
143 181
25 200
194 191
89 11
96 62
181 184
84 89
117 29
152 157
17 7
161 159
131 4
20 169
93 191
164 205
16 154
127 207
207 166
34 184
192 172
135 189
7 48
91 45
103 200
85 106
203 68
38 191
154 32
10 9
61 186
103 101
201 190
115 64
55 185
40 104
93 53
13 107
124 191
90 116
11 142
26 118
203 34
98 71
84 1
2 128
102 46
56 96
109 108
164 14
13 174
8 137
92 163
20 34
50 64
108 73
74 151
82 206
141 3
37 120
34 116
186 114
16 151
178 180
41 70
165 141
62 203
73 130
131 156
198 33
18 161
110 13
141 155
95 73
30 52
23 198
55 37
129 173
56 206
117 98
209 57
133 196
67 25
27 83
136 128
56 143
0 13
181 42
69 71
54 38
189 79
84 162
11 40
59 143
59 140
143 104
23 148
187 39
83 6
163 102
1 161
96 0
47 62
110 136
10 199
96 84
0 201
41 119
35 6
50 179
3 94
92 128
10 191
160 6
97 202
61 170
9 5
192 156
107 15
54 123
151 177
164 113
138 162
124 123
141 30
179 95
25 27
94 43
150 58
118 159
27 142
163 6
122 88
177 118
174 46
77 153
119 69
111 101
85 75
192 18
80 7
115 8
174 64
179 114
204 173
145 30
200 202
117 129
89 86
33 206
104 205
5 90
208 100
87 25
14 164
60 161
35 8
173 180
77 125
183 168
97 49
12 182
192 176
85 192
4 129
156 63
12 88
58 148
161 24
129 204
163 208
193 103
84 116
201 98
34 96
132 6
34 191
81 153
178 77
46 137
98 30
97 183
190 104
180 87
11 98
7 57
111 63
39 203
104 179
190 51
83 69
173 10
108 186
174 146
129 206
138 120
14 76
35 164
73 108
107 130
32 182
104 18
98 159
156 37
89 111
18 124
54 171
65 148
153 165
179 129
173 26
128 109
8 105
65 139
61 89
196 185
2 63
13 134
200 67
166 86
19 168
49 104
51 112
201 112
184 165
205 172
146 51
14 162
171 179
66 183
96 200
115 144
190 148
185 147
107 32
82 106
170 167
179 125
191 193
189 6
133 183
164 8
1 92
11 112
91 201
39 37
186 163
158 176
143 153
27 12
69 133
155 162
37 35
148 120
6 62
20 126
150 55
102 203
137 127
100 133
22 7
46 103
123 209
147 145
23 16
104 167
24 124
109 142
172 130
201 183
89 69
68 160
174 123
23 135
158 198
25 182
72 48
135 134
50 159
102 202
100 43
149 140
138 17
19 144
69 155
137 84
75 91
38 43
161 207
10 192
98 106
159 60
125 204
101 42
20 192
80 147
132 166
141 86
140 18
13 73
187 157
69 159
116 22
70 80
143 37
165 58
85 96
69 101
99 183
157 113
183 130
138 149
80 73
183 112
206 163
13 77
149 150
184 10
16 11
12 74
104 71
126 75
105 25
17 61
31 101
75 192
127 7
50 31
125 51
49 108
15 72
5 199
148 26
79 44
175 205
192 187
203 41
193 123
175 39
8 186
20 158
174 30
77 206
21 134
23 23
48 64
176 52
49 65
195 73
156 29
26 113
132 203
69 78
5 161
190 13
198 104
113 57
110 119
59 67
126 104
148 16
152 115
158 19
30 100
51 50
23 169
54 12
79 11
116 95
53 168
166 186
19 66
120 71
165 190
118 31
138 109
182 104
80 118
51 95
118 41
147 93
183 154
195 140
132 85
7 124
60 147
27 116
33 136
26 109
69 182
80 143
13 51
22 15
151 142
41 208
203 170
67 35
173 37
133 84
70 140
160 18
100 156
58 196
74 14
115 33
44 123
151 171
156 94
8 98
56 133
126 194
104 129
37 32
59 59
120 191
132 5
15 115
10 144
15 148
126 7
54 177
109 70
45 20
101 11
112 183
7 183
208 188
138 3
170 79
159 19
54 46
61 200
101 176
120 153
57 80
1 206
52 119
106 116
93 67
118 188
195 78
28 38
184 5
191 9
165 55
207 157
168 93
41 182
33 109
81 49
160 193
53 127
34 158
24 19
106 189
38 28
199 61
78 116
207 92
146 75
182 149
92 205
99 175
73 188
24 138
188 129
141 43
168 188
69 161
102 148
147 143
186 108
94 115
200 157
13 178
137 134
2 133
47 191
76 84
54 90
137 76
18 44
186 202
18 75
63 8
18 65
76 198
139 55
11 72
90 178
89 175
207 45
163 197
94 199
167 13
138 200
199 135
170 84
141 137
180 82
58 193
118 169
118 33
208 15
128 201
50 22
46 99
68 134
180 27
138 106
42 193
200 175
144 65
62 190
205 183
107 116
129 51
86 73
107 139
184 30
190 105
149 181
205 83
176 171
22 80
83 198
205 12
184 15
56 140
114 15
31 4
29 155
42 36
142 165
168 104
84 112
95 202
35 2
104 68
198 166
176 29
87 95
122 206
67 171
38 177
4 176
34 147
51 124
8 63
99 203
141 197
156 112
100 205
80 25
131 189
172 196
208 122
17 67
92 82
198 100
21 33
73 141
28 184
10 90
15 18
67 55
43 163
68 23
122 163
104 26
52 162
203 62
137 39
58 8
36 138
187 12
89 203
172 207
186 162
95 205
119 151
87 84
117 24
175 101
86 186
13 83
15 49
46 132
116 55
189 140
56 114
83 200
172 117
24 181
146 26
150 91
94 167
50 57
124 29
37 206
188 175
25 111
206 136
111 204
14 119
82 21
18 14
141 9
149 5
77 23
69 29
4 140
175 175
171 91
49 60
16 92
158 39
131 10
190 69
70 68
183 145
173 40
32 108
13 99
22 188
143 76
102 52
165 66
93 93
130 190
158 20
106 117
82 135
72 81
24 28
16 3
64 165
138 7
9 130
157 38
67 164
170 66
90 66
86 137
87 146
160 196
118 145
177 187
68 2
98 79
26 30
32 28
22 136
34 24
83 46
150 100
49 172
82 60
80 60
77 13
37 94
171 90
25 147
192 117
59 6
16 171
72 186
108 140
141 163
102 140
147 154
87 193
173 11
72 176
96 4
112 74
174 131
195 3
59 114
154 124
146 66
136 24
34 128
117 183
25 110
58 41
123 160
105 158
19 17
60 19
25 54
163 181
100 88
89 27
45 17
54 27
178 149
138 27
11 2
88 176
200 162
41 49
39 21
129 179
13 76
148 79
58 10
1 88
107 112
158 73
55 199
177 139
5 200
121 8
41 1
136 82
155 142
206 48
185 64
94 180
1 27
2 32
83 136
147 206
164 7
28 195
115 113
18 94
98 83
118 131
63 70
111 177
35 48
83 5
96 198
96 103
138 110
31 22
204 54
146 108
5 169
21 12
136 73
83 97
144 52
167 174
159 67
157 176
28 86
44 41
69 158
3 90
174 198
147 26
43 190
48 140
29 134
200 95
80 172
131 48
59 74
105 160
3 116
68 84
182 146
95 81
144 21
93 167
193 111
98 169
152 179
12 19
28 186
56 166
18 84
90 11
57 73
70 186
30 124
41 46
176 116
120 9
7 53
32 128
62 191
137 23
191 14
154 141
42 31
196 78
111 76
2 168
150 199
181 12
79 19
29 200
164 121
133 163
43 14
183 11
177 3
106 151
31 33
14 144
66 169
13 208
40 22
68 156
6 105
140 54
59 63
44 93
206 167
97 43
159 51
134 2
178 51
98 59
133 166
113 47
205 144
150 63
196 175
162 50
180 112
198 88
4 197
136 68
27 26
133 144
34 145
202 178
64 24
50 194
196 209
144 208
131 31
201 152
198 37
23 10
168 23
8 29
77 8
178 41
3 15
19 55
60 159
49 81
57 190
10 28
114 194
160 126
96 193
191 80
201 161
29 45
189 163
53 208
183 88
65 38
108 128
111 111
81 33
4 101
30 166
75 15
182 114
207 44
201 160
69 14
134 145
113 188
64 105
19 58
140 150
92 198
101 175
80 71
38 104
66 202
34 54
23 77
194 137
82 113
145 98
204 132
41 138
89 22
106 51
89 112
128 189
23 116
111 95
135 8
79 45
157 80
161 200
49 7
180 190
176 195
72 158
131 116
17 189
131 124
135 163
12 115
133 174
53 155
112 198
83 94
167 148
26 193
180 2
159 6
75 153
24 8
54 110
43 109
85 84
63 182
195 2
96 128
70 83
35 64
205 181
104 105
108 103
192 27
3 18
91 173
142 196
196 19
34 44
38 12
73 0
151 93
22 144
92 174
155 40
56 8
195 113
99 193
105 17
172 66
7 159
191 26
83 38
114 165
132 1
197 193
163 36
83 78
63 4
23 75
61 45
39 188
50 97
87 142
8 41
70 121
64 70
20 118
172 9
2 93
77 105
3 39
162 114
202 195
21 91
95 32
209 125
53 0
173 83
14 59
9 108
29 204
130 141
144 89
147 195
161 15
68 28
18 20
78 53
182 208
89 199
174 86
185 111
78 194
69 38
24 208
183 59
13 127
41 4
23 161
135 155
85 8
199 206
171 101
69 92
146 159
207 72
11 144
183 177
90 49
208 79
110 201
175 131
120 83
63 193
41 96
156 89
161 16
66 0
100 129
43 19
45 131
106 47
120 117
158 106
71 138
170 209
180 10
123 120
36 118
183 117
191 28
152 176
180 34
123 148
207 83
10 97
90 150
74 121
86 177
182 116
35 43
128 11
114 91
160 56
176 73
152 42
116 33
165 81
6 40
131 145
154 208
135 119
52 145
67 134
204 86
136 192
139 33
73 167
190 87
41 42
86 47
87 60
44 143
94 61
43 88
100 109
118 174
93 21
189 152
112 128
65 4
144 56
87 109
37 135
88 178
189 103
153 203
156 196
97 207
201 113
100 140
139 156
49 62
133 185
110 151
45 33
118 48
168 53
122 63
8 59
106 194
159 126
121 92
31 129
68 82
137 14
195 66
115 165
188 174
28 123
107 80
72 209
93 48
95 136
165 48
77 176
140 38
149 12
103 110
121 30
188 188
106 162
63 51
101 73
84 73
191 48
179 204
43 137
101 85
3 142
122 44
14 118
101 80
177 190
45 193
150 138
44 81
193 201
157 30
155 130
9 169
120 0
186 106
183 176
50 10
46 104
119 104
205 2
65 51
55 77
193 181
167 103
73 133
71 161
1 46
8 50
193 205
14 171
182 190
87 185
2 169
107 131
176 79
18 139
21 149
14 132
102 98
109 199
94 14
59 87
183 162
103 55
60 164
17 126
198 46
180 193
79 73
128 63
8 56
167 192
198 23
77 164
65 57
136 100
195 99
36 194
203 30
95 159
45 145
35 11
94 84
48 101
152 57
143 154
168 149
13 5
95 10
33 1
79 164
142 84
198 8
77 2
207 54
77 30
35 203
92 171
94 178
18 175
20 96
121 34
145 168
63 28
93 138
101 110
39 22
31 103
115 154
122 75
159 62
4 27
24 35
158 175
201 204
58 121
66 157
82 105
98 130
199 162
75 83
134 177
86 17
162 105
8 3
83 22
88 103
64 152
186 93
118 109
161 185
16 43
151 186
30 66
59 106
122 192
191 44
46 151
138 126
155 134
139 137
143 111
41 131
207 47
61 172
68 203
107 49
84 18
119 129
59 92
207 132
64 81
128 172
184 67
79 163
157 41
141 87
102 189
87 190
45 73
204 157
202 102
137 152
209 94
127 133
168 114
140 110
60 72
101 91
184 83
192 107
29 37
16 118
97 70
57 30
175 26
157 122
81 171
81 91
191 128
138 10
36 19
23 80
31 112
110 95
132 117
75 64
24 145
139 136
110 110
147 16
142 121
149 22
52 77
100 60
84 154
4 97
116 52
86 0
72 61
77 68
55 110
43 194
86 97
104 186
158 28
179 46
172 152
166 194
202 71
188 21
187 80
155 14
151 4
141 203
206 2
129 66
20 69
80 207
186 74
96 186
110 153
76 185
26 41
136 48
196 164
23 118
85 122
134 120
31 26
64 78
73 120
69 115
186 129
187 208
117 128
6 70
113 94
33 155
189 36
71 171
24 52
197 145
86 40
4 173
191 205
8 191
17 101
188 126
67 86
143 78
179 100
42 200
63 134
129 17
149 0
40 91
1 202
44 3
206 143
12 170
150 172
2 188
95 56
61 15
143 8
201 185
197 106
94 206
104 5
28 89
172 203
75 81
208 202
65 40
171 83
170 63
2 22
36 169
142 5
99 58
101 162
209 24
71 149
90 155
127 145
75 20
192 30
104 15
5 33
127 179
129 9
69 77
47 50
83 63
105 57
69 141
82 117
63 78
15 150
74 15
88 85
88 5
99 64
2 86
54 62
131 80
150 46
64 135
65 34
144 190
132 99
64 203
51 15
65 190
203 150
204 158
173 140
203 145
190 2
101 206
96 150
179 59
59 178
182 43
112 161
153 53
110 185
11 140
180 197
110 76
15 81
97 97
103 8
35 181
138 62
109 1
11 46
179 151
146 95
57 84
23 11
90 176
14 33
51 99
98 65
69 44
102 114
79 158
48 187
199 100
99 168
13 108
69 99
22 200
116 204
182 111
164 209
60 156
112 41
88 125
149 96
108 71
204 163
120 23
192 59
106 22
206 65
155 102
192 5
90 25
161 162
194 33
31 69
153 114
118 10
103 193
75 85
158 74
97 103
52 36
110 117
112 176
126 93
15 13
19 174
114 89
51 56
60 126
184 106
169 75
19 95
182 113
28 34
66 70
208 183
168 193
18 192
127 142
3 149
96 123
55 200
43 202
134 81
145 136
174 128
102 14
44 109
60 22
169 151
63 82
144 84
12 140
117 78
47 36
42 98
26 121
209 71
8 170
114 56
28 66
203 10
87 17
23 93
177 48
58 140
6 15
115 69
78 182
72 49
137 68
168 105
115 150
42 194
129 162
121 170
174 29
198 105
202 114
98 176
138 18
35 12
188 100
97 151
200 71
42 138
44 36
127 161
125 8
180 78
107 114
158 156
35 26
177 63
40 24
27 128
106 128
110 30
87 126
110 88
12 25
61 153
208 7
52 59
8 130
146 176
20 77
45 209
66 49
3 65
178 101
207 115
90 87
127 105
75 167
144 206
159 99
155 115
21 71
9 1
181 45
189 74
162 2
2 29
202 67
146 199
63 97
14 75
139 209
137 30
5 9
152 92
77 0
193 108
110 156
172 16
9 49
58 43
170 189
16 110
186 175
165 40
128 90
121 44
1 32
5 207
158 197
190 168
79 135
167 26
192 26
118 113
49 174
204 203
113 45
15 11
66 164
33 113
98 144
183 49
58 5
30 80
182 194
76 85
31 157
123 14
126 38
2 43
31 147
160 114
79 75
12 180
44 103
86 92
114 148
152 109
7 125
18 31
137 66
148 202
5 4
47 183
150 111
35 57
110 72
122 209
201 178
9 6
108 195
26 62
117 166
44 0
152 171
173 66
199 102
156 198
32 168
95 133
170 185
166 32
154 100
162 13
2 203
14 152
99 95
41 60
44 48
161 70
135 73
159 127
140 192
144 142
200 184
16 115
133 98
209 131
80 161
200 142
85 38
149 18
96 130
1 143
81 45
97 93
156 64
177 143
192 130
55 79
75 200
18 110
152 177
203 33
139 87
61 66
115 153
89 147
107 189
109 27
81 134
53 51
39 4
123 184
146 151
82 201
192 41
173 178
178 121
8 152
144 32
115 199
104 46
101 82
168 95
89 58
40 145
106 101
34 67
201 11
91 180
138 142
207 167
174 115
4 152
3 31
200 110
110 38
120 5
110 131
204 97
154 73
53 120
148 47
48 65
174 159
9 97
66 93
204 139
140 10
27 109
196 117
106 193
112 102
77 4
205 26
188 172
183 25
126 55
41 139
69 111
177 141
208 83
62 83
173 80
70 142
157 74
59 8
184 188
120 89
11 61
14 30
3 63
7 10
132 135
180 144
89 35
129 140
88 73
146 61
94 88
138 202
130 86
94 168
34 23
115 102
57 27
29 208
70 183
54 32
62 132
121 134
76 204
124 67
65 149
10 68
105 34
110 37
185 108
87 108
165 13
71 179
30 155
103 29
45 66
15 209
134 38
171 200
53 144
142 21
174 206
146 205
135 17
3 3
82 95
0 30
203 42
13 166
189 17
45 98
28 31
152 96
86 140
33 176
31 45
90 98
11 16
207 2
91 184
166 156
115 50
154 76
52 111
114 131
66 177
102 190
132 33
189 196
57 96
69 170
6 130
6 79
75 67
176 8
100 145
43 67
122 144
198 78
151 98
44 29
188 169
132 130
30 103
126 111
188 104
9 61
61 207
132 31
200 101
124 64
85 43
149 97
146 106
21 116
30 23
65 154
113 92
155 186
150 25
99 70
43 8
94 175
178 182
189 108
21 62
181 147
109 76
47 31
148 12
150 206
104 98
101 94
112 132
175 146
9 75
44 133
113 192
100 127
209 138
128 115
164 141
30 187
194 36
113 52
160 201
9 122
112 70
51 115
10 111
96 133
167 113
108 188
104 50
105 50
179 74
30 107
17 183
117 189
57 43
22 22
77 173
144 54
42 87
53 185
69 97
205 113
50 188
178 173
33 8
8 195
197 194
36 173
103 115
48 54
29 138
56 129
33 37
133 151
58 53
185 34
97 63
124 46
96 32
73 68
19 135
26 10
71 189
207 181
105 1
197 17
155 161
24 152
39 195
199 154
119 29
145 93
36 174
6 123
196 13
135 88
93 168
36 96
203 135
23 195
126 23
161 25
202 85
101 1
41 156
25 181
166 139
200 33
61 137
186 165
89 173
99 45
193 193
51 155
12 95
66 88
44 6
128 158
161 54
44 17
96 2
49 209
162 63
127 176
165 128
33 38
135 127
61 192
170 133
32 19
65 76
144 0
2 202
104 192
49 126
205 59
117 46
60 107
80 122
108 144
72 190
189 106
184 152
115 39
32 132
31 8
130 174
35 188
137 31
105 201
148 171
88 81
206 73
90 55
196 134
170 127
3 70
19 26
208 201
56 26
208 117
84 146
144 117
182 62
117 147
31 83
192 186
168 94
118 184
167 6
107 182
135 208
37 31
200 170
107 151
152 182
94 176
2 179
24 131
199 52
199 114
41 63
0 196
60 57
128 80
188 203
53 150
53 87
108 201
189 187
81 147
184 173
124 57
134 46
108 74
100 116
98 63
173 82
198 180
41 120
19 90
93 124
12 155
82 194
196 6
133 171
65 204
15 107
144 141
173 194
103 92
10 124
195 177
149 66
149 1
17 200
1 120
47 9
164 201
143 200
3 126
22 145
205 3
160 43
114 59
137 122
119 162
82 179
173 208
33 118
153 102
172 69
109 134
205 32
114 17
143 203
176 112
109 45
137 99
188 9
27 66
131 86
157 2
191 76
100 82
208 55
145 191
163 110
158 204
85 94
72 109
206 173
80 197
87 156
165 176
184 27
136 172
148 19
87 13
98 177
144 15
83 166
80 179
35 189
174 108
60 205
21 157
93 182
48 109
2 144
98 21
66 191
69 113
163 52
128 96
23 111
96 107
174 180
64 207
54 13
69 149
47 35
67 194
58 161
64 101
192 16
66 25
8 146
139 158
24 175
106 46
109 42
87 181
114 188
78 103
158 159
24 188
158 129
38 144
192 90
43 5
23 29
187 40
125 18
145 160
97 22
39 85
119 145
67 13
206 110
157 16
15 110
177 76
147 64
39 62
199 86
130 195
111 171
194 15
99 10
172 154
46 203
110 197
96 20
145 150
112 190
136 186
86 85
167 193
124 37
134 0
8 8
90 177
9 80
98 103
135 183
202 53
32 164
69 5
55 99
12 113
187 51
4 57
56 161
3 189
152 37
45 77
144 7
53 48
57 162
87 149
114 41
193 12
26 37
85 199
147 7
58 188
24 58
13 103
98 92
29 165
153 178
91 191
123 46
118 150
193 14
43 172
53 186
107 140
105 154
68 193
103 58
108 8
54 57
93 195
25 138
79 38
99 106
43 198
73 134
195 108
198 45
113 139
182 102
157 18
163 38
127 206
119 190
34 2
182 34
58 38
155 154
157 14
192 8
49 189
172 2
64 164
204 147
130 189
152 32
66 152
62 176
124 78
195 84
22 209
172 71
70 65
163 141
80 178
4 35
193 2
183 120
167 38
99 29
200 131
113 209
190 176
164 115
35 76
128 119
185 123
130 57
102 173
59 61
176 142
204 92
33 29
177 199
74 188
209 146
111 175
99 169
64 189
42 151
43 200
2 79
104 77
8 43
201 99
67 191
83 3
62 171
174 117
164 22
196 165
88 39
67 33
204 80
170 152
42 206
138 80
125 105
91 53
127 91
9 193
163 139
199 43
150 116
191 96
163 35
105 73
58 116
28 176
150 80
199 41
72 92
162 21
8 78
199 4
175 178
41 2
77 7
67 124
53 32
162 66
84 31
200 73
111 190
2 37
103 209
191 103
18 11
197 84
53 67
25 178
16 156
6 54
90 162
7 93
52 45
58 12
209 4
126 74
136 7
131 147
40 78
111 164
201 31
151 37
167 8
150 110
142 185
105 24
130 69
166 185
7 69
97 10
136 6
62 179
135 0
202 149
120 15
164 55
62 116
30 44
192 108
19 140
90 113
47 111
155 91
200 185
150 207
93 41
86 161
189 124
205 76
123 76
92 123
92 61
34 22
10 84
56 146
127 119
87 144
108 112
94 194
31 185
8 81
100 186
3 167
135 145
119 32
31 204
191 170
101 58
22 1
149 188
97 35
18 148
25 174
106 23
144 48
128 82
79 106
11 89
120 171
81 206
166 111
27 200
188 116
128 56
9 144
189 33
173 151
159 207
81 87
37 127
175 116
138 127
203 8
86 63
113 18
75 31
173 97
51 174
97 123
3 40
9 30
15 14
71 137
166 129
43 166
66 129
181 177
33 100
187 62
168 177
199 134
170 62
58 2
22 54
173 32
49 155
208 98
187 88
62 187
207 155
180 120
180 103
198 71
29 142
66 179
95 112
79 37
30 121
30 143
38 48
2 28
165 182
182 162
81 119
54 175
166 204
93 132
125 58
115 36
72 44
161 127
58 97
41 191
185 185
39 88
22 93
127 92
80 9
16 16
26 183
2 8
50 50
97 185
96 201
56 141
199 54
131 24
147 123
100 155
76 202
66 31
179 118
57 109
163 120
1 13
173 122
140 174
73 101
93 141
154 21
33 2
128 161
109 95
127 199
151 124
195 123
175 171
118 50
159 93
173 65
88 104
195 30
186 186
38 23
171 73
46 81
5 132
17 69
116 21
63 77
199 108
46 168
168 186
173 141
74 83
209 171
39 57
99 78
201 49
151 94
156 41
71 109
2 124
144 151
141 170
180 126
1 75
43 15
136 127
45 71
103 54
43 148
12 49
101 193
149 208
127 123
169 187
100 53
131 73
17 119
65 29
189 109
154 114
182 138
95 203
21 183
180 70
202 138
148 6
50 54
66 158
35 123
46 26
132 2
197 65
201 171
37 73
115 108
32 58
136 101
199 13
164 43
58 77
105 204
125 149
153 209
49 148
24 132
48 81
188 89
170 49
176 121
4 10
137 118
150 27
79 78
78 155
51 173
31 173
146 120
183 193
142 8
21 60
172 36
35 9
204 102
151 9
80 132
185 9
85 124
41 67
78 176
67 159
117 18
208 167
121 57
141 105
68 56
182 46
60 163
47 95
66 170
26 46
35 110
90 47
61 46
196 198
79 30
188 185
206 114
48 0
3 71
163 194
119 189
173 126
116 49
144 121
59 70
168 42
26 202
204 125
143 146
7 25
80 117
120 90
36 197
22 2
209 40
92 31
91 203
143 110
15 86
141 118
154 142
165 174
93 38
183 106
179 111
183 108
55 63
45 34
66 119
11 191
39 40
195 156
0 54
190 140
112 141
50 109
157 36
135 204
201 1
66 8
192 67
65 132
191 91
178 169
0 46
121 162
69 105
184 14
196 75
200 163
43 189
168 37
38 68
167 197
78 146
69 100
39 58
38 159
145 43
174 185
205 135
97 153
187 194
158 142
20 170
5 37
67 22
185 97
186 48
7 5
82 195
65 43
13 36
186 172
27 186
132 153
148 63
133 134
0 130
16 13
161 68
75 116
152 132
184 120
201 151
71 195
177 204
177 94
94 129
39 132
153 11
105 21
80 110
95 192
48 11
87 130
31 108
28 114
67 89
144 83
61 96
155 169
119 15
67 34
55 164
9 58
131 12
197 88
92 183
197 21
83 73
199 94
107 118
122 161
20 133
202 75
142 11
58 39
158 177
52 167
124 90
48 22
170 106
195 38
46 201
32 101
84 151
85 190
144 91
62 0
166 103
28 81
4 200
16 97
104 86
40 72
105 152
191 30
196 17
102 132
7 140
149 42
23 185
106 68
187 201
32 35
141 189
59 112
187 8
141 206
10 204
124 175
151 96
163 86
10 0
157 63
133 145
27 25
208 61
207 0
40 115
120 13
192 123
159 58
6 25
55 128
88 99
105 20
49 63
139 97
184 177
59 1
28 20
9 53
182 77
97 108
201 142
189 22
120 125
21 152
84 191
190 143
149 131
37 16
15 71
197 47
93 81
70 31
124 171
55 98
77 179
56 6
169 33
143 19
106 0
145 204
97 81
83 189
166 140
97 73
137 96
204 182
165 127
3 204
130 107
175 112
26 48
107 53
85 163
31 170
63 194
81 108
194 80
154 82
160 151
179 99
177 80
207 37
64 74
157 106
178 125
74 79
176 117
29 168
154 77
7 179
198 178
147 147
134 61
5 174
162 206
147 174
111 184
54 75
38 162
152 65
169 180
193 11
173 160
18 142
108 95
164 4
60 112
206 135
84 57
7 11
64 119
185 87
11 39
103 71
100 20
132 175
8 69
138 94
178 57
27 169
0 131
47 12
18 157
99 109
106 13
30 190
2 108
133 204
99 0
96 75
113 23
76 208
44 101
62 14
93 85
119 34
142 63
115 112
179 105
11 173
56 45
100 22
79 60
126 195
156 21
178 136
142 192
43 205
174 114
139 126
12 10
17 94
45 96
50 68
114 175
204 146
156 117
80 116
150 20
128 173
131 17
187 126
55 107
133 18
112 10
149 204
59 95
36 134
155 101
197 125
115 190
12 206
77 102
66 173
163 184
46 94
81 102
154 99
127 131
25 104
76 179
110 199
142 9
150 12
107 185
116 90
154 89
19 2
14 137
206 181
101 6
56 41
22 81
198 137
6 157
6 150
142 86
65 21
175 73
102 18
55 137
16 184
123 82
61 125
175 52
119 187
59 166
163 152
83 123
16 87
130 96
99 53
36 70
78 90
199 60
65 69
205 125
14 109
89 74
93 39
120 52
6 60
156 99
34 173
78 148
72 103
18 53
137 123
122 119
19 110
142 167
16 90
23 61
175 12
90 132
1 59
208 137
193 115
100 188
29 93
31 165
197 61
110 118
58 20
61 132
29 36
204 56
196 186
0 12
58 165
133 209
76 116
86 12
28 104
159 202
204 4
178 52
25 10
41 48
112 35
57 23
167 102
88 129
2 127
104 174
102 22
61 128
136 167
207 15
81 186
173 155
198 106
182 200
32 205
117 118
145 182
174 93
57 87
123 198
132 111
141 83
56 195
147 56
74 110
184 143
147 127
207 82
208 52
143 117
88 56
187 67
31 117
66 35
139 27
159 94
159 89
100 74
67 123
202 105
125 69
128 13
168 129
155 43
49 71
115 202
146 177
105 51
20 142
190 118
104 67
113 112
43 63
70 88
184 147
128 129
127 15
93 181
89 154
95 152
144 2
180 110
162 167
49 205
205 50
156 14
52 52
117 95
143 26
84 41
170 126
156 116
9 51
148 76
96 137
22 206
178 156
45 39
77 17
194 63
160 101
9 142
72 79
41 111
206 33
73 117
127 41
205 111
159 5
29 109
55 120
121 63
121 104
43 128
101 205
121 59
200 130
59 31
71 99
126 183
147 75
47 136
122 96
181 29
0 56
8 26
77 86
36 179
52 172
31 80
155 163
63 59
90 194
203 51
81 195
79 130
185 149
131 26
47 158
187 113
141 48
17 202
34 90
119 91
168 143
198 86
203 106
162 23
39 10
166 78
28 14
156 206
48 85
109 82
39 154
102 51
51 118
127 49
135 41
109 128
92 85
25 94
161 64
189 83
62 65
144 184
9 77
89 1
119 71
0 188
139 6
195 41
11 92
208 22
93 165
2 5
65 195
51 196
153 28
34 163
109 109
134 94
66 12
112 52
37 128
26 72
23 167
127 53
123 19
174 188
141 68
28 120
37 23
199 71
177 156
134 122
18 30
134 71
139 199
184 101
181 181
136 123
117 91
135 77
112 82
22 67
22 8
187 202
134 56
77 194
71 147
124 95
62 70
59 13
0 15
95 54
56 102
15 112
22 202
207 144
174 32
119 160
85 178
98 91
121 150
25 95
173 78
180 158
208 5
144 169
160 121
1 147
143 202
129 99
169 205
114 107
183 37
14 52
22 134
59 42
193 198
136 209
187 174
84 107
106 200
169 150
64 169
3 151
162 87
53 11
39 196
4 111
13 110
111 42
67 91
120 29
165 64
6 129
163 64
192 203
119 171
38 187
157 53
18 133
29 81
7 23
73 77
141 136
24 25
49 169
159 193
59 49
61 23
49 46
145 101
192 2
29 156
41 23
53 122
209 197
131 160
167 187
28 5
49 93
122 105
178 134
112 16
94 53
102 184
178 18
119 99
107 18
123 204
19 47
120 79
64 16
164 100
96 73
50 75
197 86
129 7
14 101
128 54
130 182
5 121
114 187
85 127
123 175
158 11
45 11
161 114
122 97
19 60
98 73
109 90
21 101
44 155
145 165
201 155
109 6
115 133
38 82
162 94
177 44
172 131
142 12
201 107
125 90
17 48
53 40
204 106
85 188
4 49
84 152
149 138
112 110
4 168
64 209
45 38
27 125
30 25
178 194
80 16
171 195
50 19
173 59
58 85
137 154
10 109
51 150
182 143
137 200
23 188
160 174
37 106
188 50
101 188
141 150
113 8
0 110
176 173
195 79
121 4
54 179
44 104
129 57
199 104
201 184
72 188
156 58
169 15
9 160
189 70
155 184
130 68
171 32
54 204
109 37
166 29
174 85
127 166
145 127
60 165
13 203
157 47
56 175
53 97
178 88
40 52
198 119
61 149
195 158
20 140
116 101
58 134
135 92
47 44
178 68
26 58
205 124
182 182
158 182
12 86
110 163
39 53
153 18
143 182
77 100
175 130
153 30
66 133
16 165
80 106
34 100
209 169
125 158
19 132
178 203
180 71
120 130
74 130
0 80
141 174
96 28
111 123
97 164
4 122
53 93
155 85
133 125
44 207
115 188
30 90
156 92
99 202
205 206
160 143
45 88
191 167
116 132
15 17
25 137
208 172
40 123
118 72
152 101
66 18
86 120
121 208
69 116
204 133
51 169
117 22
128 17
10 110
189 38
78 84
184 52
73 27
50 136
71 9
128 9
18 49
101 202
122 190
185 142
96 61
34 47
117 82
124 122
20 50
46 128
199 188
76 107
96 86
20 186
75 61
144 143
164 37
28 76
60 77
115 11
111 49
132 176
171 144
168 197
130 115
193 131
206 76
19 163
199 171
69 199
37 125
26 136
141 62
112 196
147 42
11 47
23 44
69 19
188 206
12 50
104 169
44 182
0 11
53 30
49 194
51 142
182 69
156 185
131 175
80 10
144 200
41 26
85 158
179 67
44 77
70 99
6 206
129 163
102 44
105 178
58 83
193 109
91 200
79 16
69 168
94 10
58 67
8 112
87 16
38 129
41 41
160 131
53 39
94 24
159 16
48 60
155 133
180 58
187 116
127 184
116 84
189 20
88 165
15 20
157 42
38 116
26 68
111 202
127 39
23 33
20 110
174 48
113 131
9 70
207 81
45 26
148 168
46 158
145 20
35 5
4 189
95 23
51 34
56 86
181 198
193 176
89 143
21 100
208 11
86 191
205 15
156 137
18 182
0 149
112 209
25 19
103 144
130 52
118 9
20 138
130 147
6 125
37 166
141 5
165 171
86 193
113 22
42 204
99 83
123 136
71 67
175 191
194 119
25 142
53 136
182 199
37 56
165 65
11 94
35 201
102 167
72 205
122 157
35 100
189 170
120 140
185 40
21 130
158 110
15 182
37 18
34 64
197 123
47 196
140 92
129 48
185 165
60 187
140 76
1 31
121 7
143 100
145 22
204 52
194 150
194 188
160 13
209 184
191 200
111 181
152 186
128 40
15 173
43 84
115 44
112 92
171 18
25 62
118 132
165 67
164 34
22 3
121 182
175 160
109 91
12 92
113 33
191 37
115 105
114 171
189 198
123 130
67 120
149 209
6 91
142 55
93 140
190 34
76 76
67 157
182 154
16 187
147 173
69 12
167 177
66 204
26 190
41 59
159 85
34 123
181 102
153 171
84 115
81 124
30 167
99 46
153 25
33 189
123 195
5 89
97 198
171 188
192 102
127 66
114 48
57 134
174 141
20 154
25 34
108 9
16 32
104 124
197 51
162 91
113 108
79 160
128 42
59 12
189 97
45 176
90 208
201 153
206 149
42 45
161 30
136 11
110 114
130 84
20 64
49 16
193 83
74 185
75 11
189 71
60 196
21 167
151 157
191 151
205 185
141 85
2 3
58 181
142 37
20 18
152 62
116 80
143 40
120 84
127 94
163 178
52 164
5 171
181 82
131 182
70 38
144 181
146 193
157 88
101 53
9 42
123 116
168 56
178 127
162 31
16 167
129 197
151 195
41 152
156 90
119 132
112 33
4 147
87 205
73 191
145 113
42 105
98 149
143 93
45 201
20 4
50 147
183 13
179 81
155 83
64 156
151 103
198 6
143 122
87 23
75 115
200 87
173 76
190 62
66 161
14 10
186 189
11 189
63 199
55 18
135 121
123 21
38 163
187 50
80 50
64 94
186 27
111 161
6 131
13 204
187 178
24 17
207 182
208 142
206 112
82 15
82 203
193 82
170 74
19 57
105 65
141 200
182 82
123 92
10 197
204 74
48 195
136 47
159 199
99 74
14 15
197 42
72 184
128 207
69 73
127 147
85 91
30 199
192 169
144 74
71 48
182 15
87 186
29 161
128 67
29 112
109 15
0 18
143 35
25 202
88 23
159 115
73 146
154 9
67 178
48 27
197 151
146 109
102 138
202 197
90 32
197 80
198 198
198 122
187 136
44 95
4 208
2 60
119 139
43 149
26 106
189 49
138 51
201 26
34 30
107 73
207 138
125 31
195 206
85 202
75 58
85 180
99 75
121 193
141 123
154 117
76 46
77 122
115 109
25 100
14 163
133 50
142 202
57 125
123 50
94 151
67 39
160 59
108 6
7 156
142 106
178 60
1 159
137 143
138 131
149 116
34 51
189 114
102 143
183 77
44 204
59 0
41 72
195 203
56 32
208 68
151 108
60 38
200 43
206 43
158 192
133 165
97 173
91 175
146 38
202 42
48 14
106 169
153 94
19 192
190 169
165 70
23 138
31 120
190 111
170 6
159 20
146 72
48 74
70 109
76 11
179 128
23 67
35 155
66 114
184 9
139 23
197 81
2 50
176 17
2 24
56 54
184 57
122 59
5 38
200 129
176 151
197 159
61 93
84 4
102 37
148 173
164 31
180 203
130 8
23 130
108 166
208 169
26 29
88 102
4 71
77 200
81 123
24 125
8 36
198 181
188 39
147 186
174 43
44 122
27 150
186 125
129 178
95 1
141 35
206 196
169 140
103 67
111 141
209 14
152 76
146 81
22 163
76 2
203 169
138 23
24 197
57 13
19 136
140 156
79 121
108 28
142 113
72 52
121 173
163 173
73 164
47 165
102 20
139 26
164 92
112 51
182 151
48 130
158 121
48 110
206 28
22 147
78 44
96 144
132 101
196 94
203 116
119 81
150 203
191 51
143 49
71 42
97 56
182 115
34 152
51 179
177 208
69 45
198 139
169 182
145 138
43 16
1 192
94 207
36 18
198 48
108 83
74 182
146 105
30 5
48 166
135 43
156 175
83 156
31 66
39 61
39 107
11 106
135 58
7 90
79 157
19 18
126 117
33 5
17 133
156 154
113 111
111 39
176 7
95 14
137 81
116 29
38 26
61 98
150 190
113 70
31 37
43 86
20 162
141 147
200 62
176 152
70 96
17 28
172 120
21 150
9 46
24 110
93 100
113 164
164 111
205 1
68 110
114 14
155 123
37 122
43 178
120 166
129 190
106 21
71 104
92 204
32 39
130 206
154 101
123 112
131 188
153 13
85 193
75 151
122 181
55 181
58 32
100 123
84 2
125 34
27 124
135 128
26 126
159 25
151 80
171 204
75 176
150 13
84 8
104 189
123 65
172 1
152 136
125 0
1 76
101 200
175 74
193 3
170 34
169 45
192 171
152 23
10 134
65 55
166 163
46 11
166 191
13 105
14 174
188 32
98 121
143 172
89 75
154 205
152 180
60 104
116 17
48 41
69 162
103 39
77 61
103 170
126 126
162 69
148 132
98 184
88 2
44 30
48 29
27 20
103 22
4 51
73 112
105 62
187 89
148 179
200 29
2 31
35 37
118 97
167 203
83 188
170 111
58 66
44 112
70 59
62 152
41 27
127 175
117 119
189 206
136 18
105 190
154 42
174 88
53 69
189 60
113 162
116 2
191 20
97 30
82 23
44 53
115 65
14 39
24 180
121 41
173 142
84 108
181 25
16 109
156 10
159 118
61 104
29 159
54 207
61 140
133 6
122 12
46 180
195 97
136 50
107 128
45 89
66 97
45 186
54 178
198 72
145 96
39 75
30 77
62 38
182 147
142 72
9 76
184 113
0 127
132 167
177 162
38 173
201 4
32 96
22 68
59 135
157 129
51 183
181 154
13 118
38 153
198 160
54 49
76 87
68 130
3 105
126 24
23 131
48 157
183 75
103 177
10 153
36 198
23 173
166 148
92 94
95 182
134 118
51 176
8 199
149 162
174 113
175 46
85 132
97 28
154 180
16 2
171 192
180 165
209 115
168 148
61 115
60 160
33 192
170 200
191 155
126 193
84 182
58 204
196 66
199 89
138 140
152 144
11 174
191 94
160 141
74 16
143 177
205 190
130 138
190 28
101 208
130 194
66 200
207 99
43 92
112 55
42 51
4 63
121 209
35 174
71 88
123 51
93 169
96 8
104 75
129 25
115 196
188 109
79 29
11 127
122 77
135 12
60 61
112 30
197 0
59 99
38 160
194 97
150 152
191 150
105 138
144 12
52 89
99 164
2 17
167 43
35 65
10 12
111 179
4 144
180 48
131 27
67 80
199 192
110 200
113 136
106 72
43 82
62 85
76 59
63 50
110 168
67 172
154 30
29 91
72 31
149 134
143 147
109 120
105 102
13 138
159 91
0 157
13 164
162 173
124 134
156 181
27 65
128 154
147 76
173 125
92 150
194 12
171 113
78 127
49 111
143 204
1 25
92 181
24 136
183 209
72 165
27 191
77 99
101 158
200 42
86 166
52 209
178 206
183 126
130 196
127 115
181 121
121 119
4 117
61 65
41 69
104 49
49 77
44 73
182 128
51 138
17 188
30 18
47 32
47 193
197 8
118 21
115 53
155 114
56 156
133 12
34 150
156 28
106 12
66 188
117 30
122 110
110 170
176 119
208 139
163 192
119 103
209 0
80 62
197 208
91 67
108 49
192 136
78 96
22 107
130 151
110 45
15 58
115 126
75 141
188 191
53 206
199 79
190 84
130 137
97 118
206 159
9 124
116 178
142 105
37 52
16 172
171 138
81 136
112 208
131 150
76 56
145 99
200 126
144 8
198 94
141 59
172 58
83 176
38 77
175 202
199 184
147 28
196 170
159 95
168 66
23 76
145 25
195 187
188 157
105 9
84 131
9 39
205 145
86 163
20 56
81 192
198 146
37 101
199 175
93 185
95 170
31 32
172 56
138 52
95 108
0 175
158 46
111 68
206 124
88 120
90 129
30 40
206 12
182 178
182 35
43 53
69 144
171 20
2 61
122 196
116 180
79 129
83 131
39 140
115 201
112 31
39 105
62 27
39 185
39 204
48 161
39 151
65 7
199 3
108 47
127 130
187 0
121 69
76 48
68 116
31 146
17 145
37 152
47 71
25 33
9 68
2 146
58 95
73 189
76 99
91 39
3 154
134 17
172 150
46 164
179 3
168 72
172 159
119 207
112 121
179 94
66 59
50 6
129 41
92 179
44 20
79 180
33 191
73 82
76 101
119 147
30 173
188 73
89 160
168 200
105 148
165 59
16 208
190 137
23 168
81 31
42 69
69 61
100 192
189 133
79 28
6 112
72 199
27 143
95 109
209 121
135 112
54 100
91 186
74 44
121 25
56 190
12 21
199 169
208 16
20 171
148 157
173 67
61 173
163 24
16 205
24 48
149 13
155 6
14 208
205 34
46 33
37 150
150 137
73 66
19 65
178 7
106 198
111 173
27 183
110 65
25 41
117 63
15 74
114 54
194 192
127 58
117 196
92 56
180 141
70 176
35 202
208 20
139 85
126 176
47 168
182 1
126 136
183 190
191 129
52 133
36 171
101 4
16 140
101 143
2 181
124 5
65 52
147 84
116 169
162 85
161 121
206 197
103 62
85 97
0 100
114 37
180 151
140 42
175 114
136 104
70 139
206 46
158 81
56 106
184 82
133 180
66 13
6 59
101 126
87 101
26 13
142 133
38 107
63 45
96 122
115 175
75 6
79 120
13 206
89 155
111 192
178 118
168 127
120 196
65 3
182 96
180 196
107 40
129 161
59 186
39 84
189 44
0 207
51 128
72 1
136 141
35 74
66 168
95 121
165 106
63 31
12 176
180 143
97 78
47 56
3 208
51 151
50 65
105 131
87 54
155 208
132 28
13 188
129 39
68 176
74 111
96 85
175 75
104 100
97 19
199 202
163 56
52 200
52 56
139 171
177 176
76 27
73 138
10 77
109 118
131 165
60 170
208 154
47 89
186 64
55 157
31 203
181 37
17 208
152 78
13 201
71 201
53 89
26 101
36 204
45 65
130 116
12 67
13 34
141 4
123 61
166 116
49 94
172 5
57 179
58 163
87 53
119 204
46 63
177 153
124 25
22 141
192 40
94 198
31 84
26 161
177 188
14 35
148 204
26 154
52 46
77 96
80 102
196 106
72 15
164 148
136 146
7 45
48 107
194 179
84 90
41 71
160 80
205 120
135 150
157 0
154 31
86 46
120 108
148 150
34 132
171 23
9 105
69 185
133 67
57 106
128 176
16 78
152 162
59 208
156 101
48 1
39 46
107 82
191 104
129 176
142 160
123 153
176 133
166 18
179 91
43 124
104 35
39 99
197 58
2 175
101 32
195 21
113 27
15 108
169 118
204 29
132 21
86 108
163 68
134 151
78 173
85 152
82 57
114 154
0 135
140 177
162 8
199 36
21 114
39 77
208 14
73 29
52 202
80 115
75 8
59 91
112 11
107 11
186 45
76 24
140 184
55 133
104 209
102 163
99 55
22 143
21 93
75 25
152 69
156 4
137 114
95 90
109 71
155 36
30 63
190 158
157 128
99 51
194 117
185 141
61 184
181 87
6 127
21 133
12 27
114 79
154 155
22 26
34 25
132 151
138 60
124 69
193 81
63 95
81 25
48 75
198 2
2 145
209 151
23 9
58 4
180 50
108 139
12 68
110 192
75 155
52 141
164 6
111 74
130 123
125 112
106 204
173 164
112 136
88 78
189 110
77 144
97 88
64 137
29 116
165 204
113 56
164 136
168 55
177 32
200 209
55 28
118 99
13 132
111 136
108 168
38 24
89 0
64 115
95 171
30 171
200 121
41 158
43 48
10 100
189 78
102 144
185 28
167 3
175 13
176 35
152 70
30 93
14 53
84 106
186 55
107 133
209 98
170 175
187 177
163 126
150 90
203 70
11 208
122 107
123 6
44 68
192 13
172 104
12 73
196 37
125 9
114 66
117 204
81 66
151 106
58 7
136 69
171 149
169 131
112 205
39 173
119 156
100 86
57 31
77 94
60 83
18 98
17 120
197 100
139 45
42 29
11 136
33 165
109 177
45 3
17 107
111 168
56 67
158 96
157 34
125 87
94 117
4 53
152 116
124 89
5 88
136 112
138 64
138 135
91 176
128 7
66 186
182 67
123 67
201 124
145 128
75 50
87 41
17 26
71 47
66 90
157 193
128 112
170 184
40 129
201 29
109 49
207 146
208 41
156 205
1 133
71 79
155 72
59 32
12 110
131 158
141 50
200 47
96 82
114 150
40 206
187 170
2 78
40 68
96 182
32 54
130 146
157 66
158 83
109 184
17 54
115 87
90 56
75 101
17 135
192 39
46 122
155 182
108 66
68 97
29 203
169 184
15 139
91 91
49 91
56 20
100 62
206 11
14 81
44 107
11 102
193 16
147 70
208 21
187 166
13 137
181 86
37 17
177 147
196 22
30 47
118 156
97 54
150 101
143 140
33 137
37 147
5 109
117 122
110 1
172 153
137 161
202 158
73 182
3 64
202 143
176 90
187 36
207 178
42 132
156 88
126 131
193 110
13 84
155 148
179 102
114 95
7 123
50 81
156 42
179 158
103 85
1 195
81 35
153 141
135 199
35 93
75 193
56 147
83 21
35 187
92 8
166 130
99 158
100 117
52 176
19 184
2 119
106 54
128 128
144 179
55 9
184 162
70 22
171 126
46 159
30 157
96 94
193 177
202 41
41 75
70 184
199 44
50 134
164 135
93 128
179 116
189 153
14 194
37 200
41 167
100 113
51 170
75 179
12 66
21 74
15 109
173 85
74 20
131 65
61 135
79 186
140 1
34 1
90 58
47 76
60 176
162 60
183 142
176 164
40 92
50 175
180 104
118 118
127 21
55 113
101 39
177 49
139 89
36 142
195 76
65 10
198 140
72 80
196 126
88 61
131 83
171 53
112 49
14 28
209 48
113 165
134 97
42 157
85 169
75 92
43 54
203 16
183 167
96 170
116 110
124 17
10 37
103 35
183 5
149 17
171 150
12 17
171 194
98 15
188 38
192 56
143 61
106 161
87 133
124 79
142 145
13 160
2 81
95 166
12 80
107 62
144 102
182 101
45 111
138 133
164 145
91 199
36 51
169 69
153 183
84 13
7 94
181 151
84 35
149 187
14 181
1 137
62 88
20 9
66 155
83 179
40 127
169 25
81 162
75 74
29 135
166 83
117 185
185 95
169 86
135 67
60 71
43 104
76 115
163 200
158 153
104 81
18 36
52 204
84 11
63 88
37 51
18 149
44 64
111 82
106 29
66 156
21 158
123 48
190 86
148 13
92 26
143 106
77 31
120 151
33 208
100 150
134 112
55 182
171 199
108 198
36 101
150 193
68 146
73 21
178 100
75 86
39 74
5 133
69 60
184 33
5 192
57 83
137 195
197 175
119 106
171 89
132 102
24 33
29 31
34 55
142 124
145 49
143 199
129 32
118 62
158 5
181 129
159 162
143 166
158 200
70 155
13 44
139 117
15 120
1 179
3 77
171 78
196 58
55 106
69 197
14 136
92 203
44 106
131 134
88 30
129 6
162 39
163 199
138 112
121 156
76 104
71 52
205 21
59 44
73 197
196 82
173 39
178 29
68 144
174 26
7 92
25 47
25 93
69 1
52 149
144 145
117 153
42 180
62 157
93 160
156 55
97 140
109 197
177 92
183 173
206 118
104 165
51 58
34 8
183 152
12 45
184 108
153 84
206 177
42 160
15 36
208 104
108 121
181 155
63 106
165 111
110 112
22 12
153 134
183 178
129 123
178 190
63 144
162 138
97 125
32 83
102 103
127 86
38 0
27 163
125 175
44 128
87 65
35 116
82 32
19 121
170 26
168 120
10 80
41 196
100 28
23 196
31 140
179 172
129 76
141 76
107 21
119 137
19 190
204 124
114 51
178 115
91 151
15 23
185 60
112 12
202 64
115 74
149 106
111 145
65 188
93 66
14 180
54 51
71 183
137 33
112 123
38 145
114 129
51 113
28 171
152 71
127 187
64 33
190 97
75 187
33 150
180 53
81 198
199 75
139 118
71 60
60 44
50 55
138 29
24 118
52 177
48 40
91 189
21 124
174 75
47 117
119 96
27 113
206 201
107 19
195 160
136 8
66 166
4 128
142 79
143 56
110 64
167 31
157 178
62 137
197 79
99 36
174 167
208 45
28 119
91 135
40 165
6 120
188 80
71 148
171 168
104 87
65 80
116 15
174 147
142 108
114 10
145 190
136 144
81 209
76 43
101 21
66 132
151 31
61 43
57 189
190 9
46 197
2 134
42 203
115 59
68 145
15 172
172 147
48 57
121 73
84 145
131 60
140 5
119 115
104 132
154 0
80 68
121 72
139 173
65 106
129 151
128 94
74 81
198 42
38 73
180 147
122 139
92 14
40 94
167 25
154 135
154 131
61 129
127 168
125 127
99 41
20 11
153 27
45 151
140 69
143 116
90 201
186 88
40 163
160 100
24 0
209 130
175 156
117 68
78 185
95 100
73 87
167 189
122 17
46 56
112 112
90 74
26 128
113 101
191 61
43 165
1 129
34 65
198 170
183 79
68 57
66 141
168 80
188 7
186 119
77 41
142 155
62 25
29 146
145 163
163 98
151 134
74 154
97 39
123 17
168 99
162 7
149 203
30 61
71 177
140 43
112 193
30 138
116 87
96 129
142 92
196 176
85 80
1 74
47 37
104 127
160 40
77 88
39 103
4 1
151 150
47 148
197 50
166 67
148 155
11 25
196 167
158 77
81 77
85 129
131 206
2 155
109 10
205 51
20 45
114 111
112 187
134 139
94 9
106 107
200 147
166 198
166 58
195 75
184 103
22 156
0 158
154 45
50 153
0 19
54 24
152 50
186 13
209 16
200 46
124 115
80 85
182 64
205 147
208 138
65 171
45 182
153 115
153 9
171 28
12 207
93 102
78 130
191 71
126 128
186 23
96 102
17 47
103 99
136 159
87 6
206 145
180 207
27 168
126 109
140 3
148 82
167 92
103 182
21 132
142 68
66 85
133 175
107 183
129 87
196 151
98 189
18 180
194 200
177 150
179 143
71 181
172 46
192 205
31 82
181 88
198 121
103 168
206 156
158 21
46 171
103 41
21 11
208 200
162 131
54 193
198 87
13 168
37 67
146 93
70 208
92 159
163 189
74 5
60 105
39 177
57 138
157 202
60 136
184 132
152 36
111 209
19 131
136 52
75 208
183 187
178 120
31 24
59 25
8 61
3 0
35 18
2 80
15 9
186 182
10 93
42 0
32 106
3 5
106 188
147 201
148 178
187 186
154 173
86 90
47 78
55 160
88 37
202 147
164 151
50 98
135 142
209 73
149 115
9 146
36 60
108 78
34 11
69 204
95 148
1 16
133 42
93 107
133 167
22 24
109 26
139 63
181 124
207 126
186 15
148 111
33 181
176 2
42 106
131 140
22 36
151 104
37 146
7 197
115 66
82 71
187 32
207 100
151 155
93 94
81 158
26 85
39 127
130 173
182 44
68 93
181 33
7 121
38 140
159 157
183 115
86 170
129 27
166 171
123 71
65 79
25 75
34 113
49 197
172 106
184 88
173 187
42 112
82 96
140 205
86 106
2 89
153 122
96 208
37 176
76 71
131 172
0 7
89 139
205 101
92 67
82 17
112 169
70 165
51 207
148 28
86 205
82 155
77 161
182 40
35 132
3 203
76 151
22 63
59 96
120 147
206 5
133 8
78 19
170 177
65 78
117 45
13 67
88 95
154 143
75 190
101 10
131 205
59 62
204 5
58 37
124 47
118 26
150 51
79 76
176 43
174 111
156 57
202 9
59 37
50 169
162 176
175 172
176 185
49 107
89 141
207 204
45 194
155 174
123 95
203 81
173 25
68 45
106 105
95 176
178 183
40 79
119 84
156 149
113 44
147 5
164 110
155 78
135 18
112 26
179 40
139 74
139 184
166 127
111 132
65 113
80 152
51 54
60 132
7 157
204 61
96 173
74 70
93 79
70 169
110 63
90 196
207 73
109 171
106 122
30 160
148 58
106 96
55 122
100 138
72 197
54 147
9 10
67 69
137 88
163 83
8 100
110 125
81 48
60 62
68 29
62 102
164 46
148 20
14 206
123 103
98 175
91 65
108 86
125 181
88 50
24 107
178 47
91 170
97 143
94 186
208 174
44 27
108 162
26 186
98 125
159 38
143 156
81 9
70 76
165 154
114 30
140 134
18 178
36 168
106 144
130 106
207 35
104 80
146 198
79 178
137 188
25 171
69 107
207 74
74 189
176 96
181 97
102 204
88 173
89 70
86 8
77 95
144 150
87 72
24 84
19 185
67 202
149 156
133 49
193 17
21 170
34 122
173 154
93 56
189 188
111 62
154 71
15 157
168 12
27 188
23 110
107 154
27 115
8 107
202 100
128 118
32 157
163 18
54 130
19 25
183 114
110 19
108 175
54 9
101 30
103 206
176 122
52 186
87 195
75 52
159 46
163 51
87 70
79 33
142 17
41 193
160 209
6 43
128 64
123 97
177 74
