7620
154 189
48 30
151 113
118 111
176 67
187 179
209 59
165 177
19 102
185 98
154 22
201 198
122 18
0 28
157 205
128 194
188 5
204 68
126 48
176 177
15 54
121 5
151 173
174 169
183 46
8 71
103 190
126 197
115 99
3 65
80 162
7 79
90 124
196 85
159 71
148 108
93 132
170 186
117 154
64 85
22 26
120 180
48 118
179 148
72 14
83 133
73 127
8 1
95 13
41 145
103 54
117 60
131 185
83 120
46 171
104 97
146 60
72 203
122 22
117 34
122 79
44 66
120 23
162 163
117 22
148 65
91 67
107 124
209 92
41 43
164 191
114 128
103 201
134 174
118 38
120 114
83 16
37 57
67 35
92 110
201 12
43 149
56 162
122 146
13 45
51 80
89 74
117 118
60 87
136 60
91 203
149 48
6 196
107 196
15 154
68 164
120 172
27 3
183 169
20 205
144 199
146 184
104 135
145 151
25 55
23 163
104 117
113 75
21 181
14 153
174 186
81 8
114 194
148 167
10 180
32 127
34 124
195 206
4 69
147 115
43 7
197 64
197 91
140 138
72 150
114 53
167 42
107 158
145 44
134 63
66 184
82 88
55 37
157 11
162 119
162 80
60 67
179 140
198 82
187 57
43 182
36 123
58 140
83 161
208 65
207 75
45 145
46 18
147 208
72 151
170 167
202 5
97 101
85 18
72 31
116 85
201 62
82 197
145 107
18 65
170 103
74 49
146 10
84 188
87 145
67 155
42 143
33 142
162 194
100 26
119 67
114 6
37 180
16 40
161 145
92 203
106 9
44 47
97 9
109 97
187 12
161 125
207 103
80 6
125 207
166 22
44 44
139 178
54 201
206 37
26 74
63 110
17 72
126 88
42 149
30 149
183 173
101 100
101 117
206 207
13 75
155 115
98 193
94 179
208 15
108 81
108 31
125 89
199 129
111 8
153 208
61 57
55 195
206 66
180 44
7 184
135 12
47 130
63 149
21 39
14 191
189 159
3 94
208 41
121 0
86 1
47 187
78 97
128 193
188 70
158 53
177 42
143 127
66 106
134 56
132 81
40 142
63 172
205 209
17 156
114 107
167 209
171 71
112 153
121 141
84 39
208 7
124 171
134 166
102 170
57 182
51 172
62 134
88 144
147 108
39 74
195 50
95 45
6 37
56 74
118 202
139 159
54 128
181 84
126 188
196 62
27 205
138 97
191 142
142 42
13 119
6 52
167 130
209 26
189 139
80 160
1 114
86 11
9 191
1 49
21 148
15 0
184 143
55 38
6 31
55 12
52 188
84 205
110 177
171 13
100 17
151 77
182 24
7 97
144 87
144 154
18 84
91 84
68 195
163 66
145 124
34 30
37 118
191 152
28 104
118 69
15 91
140 160
208 136
28 0
48 97
63 31
83 64
31 1
199 43
51 73
114 172
152 99
36 0
150 71
61 89
181 102
181 162
129 154
184 199
21 206
152 103
41 131
71 158
111 181
95 121
97 168
38 197
171 196
100 86
61 179
134 156
138 11
208 131
148 93
178 70
118 18
28 103
11 196
207 185
1 125
168 188
88 51
159 83
81 60
37 91
116 154
21 149
24 162
188 59
104 157
145 138
163 35
69 14
60 144
205 98
162 161
109 6
190 14
159 192
2 59
53 88
71 30
87 74
94 94
94 105
69 67
203 194
73 96
43 193
19 30
140 38
3 21
124 163
99 14
47 11
186 26
93 203
124 105
187 48
39 104
202 100
131 161
147 126
118 130
68 137
152 179
63 178
81 45
176 198
128 91
108 36
132 188
28 200
139 110
112 7
25 14
85 117
2 118
188 136
142 54
51 198
23 14
71 33
97 38
203 40
5 67
54 164
90 149
174 127
205 78
1 101
113 209
167 164
88 12
92 7
104 197
71 6
138 19
158 102
185 50
32 21
5 15
178 160
78 44
26 69
1 177
198 54
128 77
15 208
38 166
4 158
71 144
111 30
30 157
173 207
60 132
168 148
207 118
53 48
156 197
203 30
130 208
106 169
40 48
96 4
173 79
53 142
194 184
113 95
91 58
21 22
0 113
146 154
161 97
27 94
182 181
152 26
82 189
95 141
71 37
155 164
133 28
188 143
129 20
52 92
83 151
157 185
79 198
196 109
190 183
164 101
189 145
187 171
177 181
30 110
209 15
14 206
35 0
120 75
144 33
112 188
200 148
206 104
10 10
24 171
36 4
27 96
182 166
66 107
126 137
50 126
94 12
132 136
148 96
67 87
108 195
144 147
199 47
41 198
113 181
152 16
50 109
184 72
147 85
18 34
180 73
61 52
115 18
103 177
203 165
193 207
144 162
100 7
199 178
68 74
111 23
65 180
26 76
23 88
16 90
25 174
135 172
108 101
47 139
185 24
208 100
90 5
5 140
96 64
179 142
146 106
27 15
148 166
148 52
186 8
137 158
21 35
194 29
137 21
116 141
178 27
98 77
72 87
128 16
54 125
17 207
156 200
166 151
32 76
95 154
132 13
27 150
4 99
35 105
87 4
57 50
141 78
86 125
208 6
118 63
134 170
191 89
183 62
135 205
34 109
162 89
91 66
3 73
143 131
142 109
136 63
77 102
19 138
183 121
3 41
190 126
39 51
169 133
120 21
191 28
14 178
8 44
52 61
202 115
64 176
108 177
85 14
206 188
196 194
82 92
98 141
169 91
128 129
47 192
107 176
183 34
44 27
92 94
206 27
149 82
196 165
73 178
94 106
82 29
207 28
208 25
195 39
116 195
53 112
83 112
136 196
125 35
113 89
116 203
83 105
204 55
107 134
42 198
161 21
36 161
88 110
8 31
49 44
160 209
107 24
35 170
37 193
199 175
176 173
153 2
101 68
209 73
156 113
141 170
180 182
160 5
208 75
169 162
19 52
11 201
6 81
51 41
107 46
191 122
67 111
6 63
180 202
22 10
196 101
144 188
45 190
191 189
138 183
39 169
54 163
106 3
112 106
167 168
191 39
4 147
39 166
61 115
55 167
44 63
125 82
68 152
115 151
168 180
33 206
126 20
150 52
155 134
73 25
78 50
125 165
34 72
5 119
46 197
184 152
55 190
61 200
59 9
132 134
195 105
159 181
40 28
12 209
138 69
34 174
181 187
207 111
131 67
198 175
46 55
130 153
115 116
129 145
42 118
169 37
178 0
75 197
31 15
109 168
106 19
134 32
60 130
77 114
31 100
205 84
129 28
190 80
170 136
205 201
23 29
193 113
88 197
31 97
193 27
149 13
52 7
17 36
179 145
103 95
57 154
186 36
84 98
21 73
29 34
142 144
92 35
18 156
109 115
87 75
108 112
41 169
147 44
13 52
58 97
120 95
150 133
207 85
93 181
172 42
120 64
118 34
116 175
114 51
39 26
131 43
154 76
145 4
39 57
89 2
131 101
176 168
4 68
76 120
108 64
125 79
62 158
122 197
70 148
103 159
13 37
80 14
74 48
165 36
190 114
154 97
88 18
117 115
91 187
107 131
62 120
173 4
143 76
95 97
97 84
16 68
5 41
138 179
64 142
74 92
69 48
173 32
77 174
184 22
209 198
16 42
32 79
65 26
58 189
194 185
182 200
114 59
30 31
106 119
169 166
92 125
0 9
137 20
52 73
112 170
86 176
116 193
141 202
36 54
87 141
149 171
5 167
32 135
108 105
209 27
93 37
19 163
129 75
68 61
206 18
120 102
5 39
209 53
52 59
32 157
188 95
42 207
191 45
129 132
3 198
75 10
6 48
172 207
147 111
46 176
28 47
168 146
25 83
151 90
130 141
118 205
29 197
0 108
146 36
68 146
65 69
131 121
193 181
85 106
21 165
91 65
168 42
52 53
203 150
39 37
84 15
189 125
15 107
166 209
11 197
5 47
200 41
133 188
11 134
140 150
0 183
5 11
109 93
154 81
108 11
52 63
130 61
67 208
193 46
55 22
47 196
159 64
10 15
106 135
58 79
107 27
37 22
11 153
4 94
188 22
107 105
123 134
200 8
103 104
164 38
19 205
180 80
20 5
98 56
152 32
182 95
78 122
46 199
47 109
190 17
12 45
57 29
158 129
57 77
17 81
207 153
143 164
191 82
205 23
154 204
5 35
27 194
201 124
20 17
94 167
150 196
194 158
76 48
153 67
103 107
170 178
151 153
126 160
123 177
163 43
58 113
69 117
50 94
177 161
209 194
151 163
134 107
200 22
169 171
77 19
205 10
4 29
176 126
159 68
92 58
116 82
178 21
74 91
87 48
71 1
137 15
52 175
0 202
98 164
126 192
61 76
28 83
131 155
190 52
171 85
26 164
125 131
202 208
175 143
156 179
191 76
77 184
104 168
199 155
138 205
173 205
125 100
185 84
101 83
120 22
159 115
190 2
2 45
101 185
70 196
121 117
203 119
118 105
20 14
116 116
89 207
4 64
204 123
55 204
87 63
86 27
184 171
98 155
78 4
122 103
2 121
63 36
22 141
85 63
153 151
163 64
86 29
130 129
1 76
122 45
184 124
50 3
199 115
120 206
137 205
139 148
168 53
37 13
39 73
45 162
149 208
83 186
19 34
132 99
139 105
43 153
149 138
29 73
60 140
132 36
172 158
63 76
105 125
147 54
176 73
78 160
39 161
163 177
60 72
48 14
201 151
132 172
47 87
22 206
31 63
107 136
102 59
42 108
128 69
123 141
146 169
68 36
184 35
174 203
152 138
104 112
100 119
97 161
103 76
105 29
66 127
26 40
54 72
157 60
197 6
206 23
73 1
63 158
136 148
156 40
4 21
10 146
171 109
108 203
184 114
97 133
95 49
85 95
195 120
134 35
43 93
174 95
182 110
38 168
190 50
190 4
14 5
23 147
138 208
133 130
74 172
70 201
36 30
88 159
154 177
101 113
68 1
137 162
178 176
92 67
6 45
159 33
153 180
13 155
6 135
144 118
116 107
114 24
122 208
134 125
35 191
42 106
84 119
41 165
67 153
183 130
8 92
206 133
113 147
152 169
138 49
115 93
192 120
151 203
155 64
161 30
68 25
68 64
67 116
120 62
53 150
168 81
142 206
140 195
22 132
111 120
13 88
9 140
194 186
3 206
151 177
85 159
86 103
95 9
92 25
11 107
24 108
65 190
71 2
46 206
199 108
138 178
133 53
76 63
22 1
123 161
134 62
203 43
40 34
104 159
177 112
150 124
74 153
121 39
122 76
32 44
160 12
102 39
94 113
162 180
40 143
71 135
131 167
205 167
123 104
90 93
65 142
128 111
190 143
56 35
108 2
115 50
87 121
84 156
137 97
170 135
44 168
113 128
27 114
77 66
2 153
201 19
111 70
36 100
85 41
175 161
94 24
130 67
6 18
127 70
124 177
134 108
109 199
76 198
74 32
102 99
23 51
10 145
169 144
185 37
116 97
188 79
178 139
136 179
156 62
15 24
30 19
6 136
127 13
163 117
119 73
140 127
117 142
54 55
200 88
91 37
139 71
158 186
103 200
108 67
180 68
179 42
205 52
161 87
77 84
84 106
143 119
174 119
170 74
7 75
83 69
76 3
50 163
122 69
122 111
91 184
164 62
150 137
153 44
145 149
184 92
58 99
148 192
158 145
37 146
189 85
171 200
7 42
4 178
13 124
14 40
186 183
18 56
56 176
70 205
135 199
102 8
55 127
19 153
17 44
74 121
9 149
184 33
32 198
24 85
10 42
33 120
98 146
118 114
201 110
119 134
198 62
45 140
70 88
183 132
152 87
91 27
94 150
64 25
153 3
171 180
116 12
45 11
110 189
1 0
186 207
118 85
76 32
164 33
129 33
16 169
170 5
192 168
122 108
30 63
108 13
143 104
19 87
160 186
202 19
32 110
34 138
157 126
24 39
106 74
64 206
4 58
39 201
3 25
37 200
108 158
24 123
194 49
55 83
173 37
150 43
42 173
124 123
102 188
177 113
108 129
47 86
163 4
79 99
86 139
60 6
144 39
194 35
174 2
35 109
43 105
0 47
201 143
51 32
87 153
96 164
17 164
45 85
184 202
123 149
97 81
122 180
12 181
201 4
193 6
66 59
140 110
183 99
157 107
50 178
165 17
159 141
92 181
191 125
33 3
2 50
176 16
85 160
199 53
28 163
170 11
106 36
71 177
57 168
116 123
57 27
206 105
139 23
15 83
124 116
102 122
9 29
56 140
0 75
73 93
142 115
126 148
54 101
194 132
29 168
174 166
82 123
116 63
67 6
33 29
22 106
171 133
13 106
201 121
71 106
198 21
198 52
88 73
58 132
204 87
16 177
78 173
168 128
163 2
85 36
82 16
80 192
51 150
69 84
183 12
27 75
113 31
34 70
63 66
44 141
148 177
71 87
70 128
134 3
172 120
83 175
96 72
157 175
71 185
13 64
143 45
60 95
32 28
49 157
64 51
5 59
113 20
109 42
6 11
208 24
155 33
90 145
38 70
12 180
1 4
149 152
116 32
162 120
161 198
193 88
188 179
149 166
185 57
153 198
201 172
66 13
44 185
198 37
40 171
169 158
182 121
18 77
170 37
201 122
203 90
132 93
40 32
103 157
127 120
171 48
117 55
139 119
175 98
79 94
141 106
137 93
35 186
127 153
76 205
99 91
115 175
17 161
138 71
85 193
118 180
30 184
1 1
58 49
95 41
176 59
7 45
50 107
41 71
60 89
76 193
151 13
207 113
138 139
133 160
125 110
137 53
33 205
80 172
32 155
117 72
162 129
63 40
85 149
175 73
161 32
19 122
183 181
6 197
91 205
21 99
53 45
155 132
111 5
119 49
93 103
174 204
10 144
46 5
97 42
66 79
8 145
63 191
33 0
191 176
130 64
141 73
19 129
183 183
24 105
163 28
77 35
102 34
73 23
206 107
16 122
205 35
78 114
81 163
187 121
145 70
99 201
136 65
79 18
111 123
82 161
20 118
60 200
28 58
173 158
43 141
38 208
4 162
128 105
111 95
140 63
47 97
162 22
133 82
61 60
46 202
154 48
14 156
20 22
131 11
110 74
185 28
39 87
99 79
204 209
10 78
68 145
65 117
202 91
134 10
8 166
18 108
197 203
40 46
181 4
19 78
141 66
153 81
45 24
91 46
50 158
20 19
84 167
47 37
107 89
161 72
32 143
128 62
164 49
205 208
67 209
80 204
203 18
39 202
146 121
178 161
95 150
107 65
198 51
126 190
96 127
48 168
17 47
9 78
171 203
196 76
14 164
8 109
115 35
93 5
163 128
195 197
164 196
147 72
66 150
124 155
172 104
130 66
82 81
110 53
193 172
18 76
34 184
41 25
179 169
163 204
160 4
190 120
123 131
166 1
169 50
52 113
45 63
181 82
172 199
189 203
30 161
149 101
37 162
97 30
34 145
67 132
113 92
167 37
83 10
28 71
204 196
179 184
12 175
133 112
151 10
89 159
110 123
116 46
151 85
156 204
49 145
175 66
141 7
161 121
157 162
11 155
188 38
85 53
160 110
62 80
112 4
50 88
127 94
185 143
53 186
71 114
124 78
1 146
4 174
61 11
40 112
127 66
48 176
29 37
70 193
188 209
22 63
44 55
42 196
159 134
102 7
107 15
168 4
30 193
159 72
26 197
132 57
94 157
50 199
126 28
204 63
44 130
191 193
45 178
189 201
38 140
23 206
95 17
46 65
198 183
197 155
66 73
198 201
19 195
150 21
65 105
142 15
185 31
134 105
24 47
180 146
7 32
91 141
125 201
154 185
0 26
188 67
132 60
67 38
50 209
172 47
189 50
121 159
201 17
76 50
87 195
36 73
106 25
196 38
17 147
165 205
172 32
85 100
54 123
159 140
103 183
147 26
128 147
206 82
53 90
53 203
53 138
95 65
165 162
48 110
67 95
19 39
193 128
107 143
74 183
61 189
55 182
10 67
184 182
91 166
72 80
194 155
149 209
181 94
50 138
98 12
65 165
77 21
93 137
111 10
74 36
179 156
63 59
16 102
77 148
91 118
77 180
153 98
68 174
89 172
22 126
71 46
27 22
86 173
15 52
146 196
80 86
161 181
206 192
179 53
93 15
146 54
177 196
177 191
160 90
114 84
56 144
105 147
28 194
94 153
64 137
163 41
141 23
51 194
136 55
76 165
147 34
25 45
205 91
187 144
187 109
137 132
43 194
73 181
9 180
143 183
96 146
3 26
153 189
22 168
160 148
139 134
88 46
95 148
197 92
54 29
166 124
180 64
66 71
146 102
57 57
132 158
160 53
167 102
206 32
116 148
205 103
206 24
93 104
174 123
176 139
8 35
11 2
145 52
1 120
83 67
69 176
12 152
110 49
93 70
11 53
144 112
133 207
30 206
139 131
101 159
8 117
36 194
12 110
44 193
147 171
196 102
28 125
126 198
145 112
148 43
13 204
89 183
13 30
131 104
182 138
28 102
121 208
12 90
149 205
44 167
111 180
155 4
20 107
131 92
196 119
37 201
102 65
44 59
140 175
63 173
55 96
28 149
184 69
98 132
63 89
70 79
186 118
139 172
169 124
104 104
61 40
2 7
170 161
63 43
207 97
68 128
151 134
121 118
54 70
42 146
90 58
5 196
206 164
123 142
78 199
197 44
99 97
16 182
186 35
47 188
84 194
132 70
49 185
120 81
185 56
26 138
38 47
78 143
190 124
6 165
149 180
166 44
71 52
155 98
209 106
82 154
159 16
6 26
158 113
134 27
36 180
52 85
68 132
196 15
29 144
38 183
208 35
19 106
53 35
144 41
185 87
4 202
66 88
57 75
140 27
128 178
105 148
62 54
200 129
197 127
179 90
145 63
202 90
64 154
171 49
78 5
67 159
145 116
125 55
36 133
71 14
121 93
91 121
179 181
175 163
34 154
118 166
168 172
135 130
163 26
183 129
26 202
124 37
57 98
201 165
173 108
98 69
38 94
118 22
180 178
62 39
58 121
149 61
36 141
131 75
198 198
102 75
23 199
18 92
186 136
31 29
67 58
174 8
51 9
32 195
123 157
1 139
21 7
125 166
187 174
113 173
153 15
184 98
135 101
50 173
22 153
116 96
5 123
68 22
53 59
96 167
28 63
83 205
24 151
152 204
189 18
172 48
177 124
10 85
104 163
57 194
62 101
11 140
174 58
15 84
80 203
162 165
156 162
99 105
185 33
47 46
25 102
76 53
135 109
31 141
160 120
10 59
28 146
119 52
184 83
25 103
182 44
56 151
1 82
156 53
23 132
35 56
116 168
81 111
103 21
198 169
188 122
99 12
160 99
28 34
38 51
43 173
28 43
208 2
6 143
203 201
63 132
164 61
129 134
36 143
134 78
61 37
207 3
47 93
201 101
98 29
154 114
80 207
205 175
132 77
162 144
66 115
5 180
98 143
175 41
180 25
35 41
58 159
154 171
99 202
175 3
202 73
21 59
28 80
72 41
159 149
205 113
96 117
192 62
187 43
179 3
183 202
116 181
183 66
61 82
109 65
185 93
3 54
119 71
134 199
57 174
72 49
0 157
17 8
77 109
108 86
152 148
155 142
98 5
117 172
35 209
187 61
178 65
206 90
182 158
32 96
73 148
52 48
144 20
185 187
10 125
148 4
28 44
123 54
70 123
78 45
18 111
47 123
148 109
156 82
175 130
161 122
120 47
173 169
153 88
128 126
152 17
46 103
52 64
19 193
3 141
172 138
162 106
108 205
50 207
11 19
108 38
156 3
5 108
102 164
32 156
137 96
43 47
138 12
75 118
92 108
115 79
43 3
46 158
143 112
83 116
25 70
81 128
87 76
5 26
44 176
126 96
46 198
69 80
3 144
44 132
128 127
48 70
61 140
41 185
13 16
7 14
153 90
146 112
188 62
61 30
118 140
179 135
12 149
25 105
177 110
182 129
63 165
90 62
132 208
208 82
42 52
199 196
125 6
163 38
109 5
68 157
108 60
76 36
95 105
0 145
45 166
19 60
36 58
127 172
88 105
101 23
10 33
104 107
160 135
49 186
146 76
95 191
150 47
67 134
159 152
16 138
73 8
77 140
49 128
42 21
155 24
106 165
172 81
50 30
152 196
59 65
43 183
175 26
76 178
111 31
152 188
81 48
187 200
154 32
161 110
139 145
80 4
119 138
62 43
14 96
33 102
196 70
118 81
16 118
207 53
7 12
4 203
31 5
31 131
13 200
77 172
67 169
15 11
33 200
54 61
176 52
169 132
81 30
94 200
141 12
159 169
74 204
25 58
130 57
10 0
134 66
113 108
186 10
184 80
9 165
28 141
191 186
57 133
108 120
202 164
13 1
170 141
10 61
4 189
166 77
29 154
126 179
83 104
102 91
157 25
127 95
167 188
105 102
54 14
83 56
74 115
131 106
92 3
94 141
142 90
204 57
85 40
64 162
62 178
105 201
188 93
110 91
76 35
80 17
92 164
82 6
26 34
161 140
146 28
22 86
200 167
38 189
72 56
71 65
66 134
204 130
30 183
140 103
167 91
22 110
126 170
127 192
208 0
127 162
96 102
30 106
71 96
13 84
86 23
60 62
11 84
1 111
10 109
12 32
21 97
110 195
10 8
165 206
5 202
178 104
51 4
104 21
198 140
38 97
205 173
148 16
150 135
186 176
36 59
206 79
12 59
76 59
85 11
146 40
1 23
128 67
82 99
67 74
161 66
78 116
5 170
168 190
115 77
37 26
129 196
135 157
3 105
108 46
23 125
124 88
55 92
188 150
33 182
125 206
155 37
163 208
115 179
165 40
9 190
6 182
78 113
19 3
81 206
14 149
166 119
135 1
134 0
183 142
110 108
10 191
82 101
69 201
49 154
67 8
83 164
106 34
33 32
45 189
101 103
66 208
80 201
61 198
71 7
162 164
1 48
191 141
125 68
82 171
67 145
68 19
20 183
156 8
29 180
92 130
88 142
178 57
82 93
50 85
39 206
167 150
182 31
158 153
96 53
7 138
209 102
206 197
112 15
135 37
105 85
97 36
163 151
53 140
68 112
153 8
5 85
34 82
70 3
201 189
209 30
183 48
193 140
58 47
198 64
203 141
99 162
199 92
172 64
44 119
119 139
104 173
47 33
147 101
15 41
147 161
176 58
11 131
143 31
166 32
63 86
199 181
62 57
170 146
171 41
82 67
102 117
141 52
102 176
178 194
46 16
85 203
45 156
25 4
64 31
108 52
59 106
42 176
157 6
3 27
114 169
84 129
149 66
98 115
91 190
65 137
132 201
130 78
18 55
190 127
16 116
155 72
133 145
160 204
176 19
156 98
108 45
44 105
13 70
120 128
137 187
124 117
141 138
173 48
14 173
168 137
30 101
185 104
86 112
23 108
0 194
185 36
72 37
97 152
4 208
27 17
0 81
111 146
140 98
144 14
38 52
156 86
2 115
86 120
106 103
161 187
29 66
126 194
124 102
147 39
13 196
117 59
193 30
38 158
3 100
195 141
60 207
148 158
10 201
134 150
71 76
135 69
82 80
134 82
11 172
163 104
103 90
59 83
20 193
44 78
196 103
196 120
116 84
91 59
40 78
90 65
205 166
188 146
35 158
23 149
58 10
123 153
160 68
115 141
154 88
181 196
76 133
174 68
157 95
132 49
160 147
81 95
159 119
176 149
3 30
106 152
158 83
166 160
28 42
105 176
66 60
53 12
131 9
92 82
4 154
76 68
195 134
53 128
206 108
96 30
3 117
2 135
116 172
73 135
100 127
106 186
23 105
201 113
65 150
64 145
57 99
5 163
83 33
202 179
203 127
131 100
182 126
78 129
55 67
93 77
58 200
183 106
175 48
69 95
89 197
209 192
77 45
13 102
105 172
137 170
42 150
141 139
3 47
10 105
21 157
69 53
33 61
60 9
141 209
198 146
5 14
60 199
95 116
64 28
47 63
148 183
157 75
106 42
71 115
88 186
2 134
200 34
180 164
180 203
195 153
70 197
192 192
31 104
152 29
174 75
180 36
99 179
33 101
144 58
100 134
129 66
92 12
184 132
141 164
195 26
33 18
189 103
49 38
146 167
12 132
64 134
124 165
127 130
135 121
170 164
167 38
12 187
178 147
35 207
28 15
0 34
172 67
142 12
39 141
78 15
15 99
140 147
118 168
8 9
198 167
202 136
17 94
65 24
172 141
195 207
170 41
81 178
176 68
204 162
154 70
78 109
133 76
77 149
90 54
28 70
183 43
149 167
158 27
164 22
180 89
121 86
77 33
32 159
160 185
165 92
45 200
171 189
58 162
116 145
135 38
89 14
59 77
74 117
147 182
92 71
190 161
122 44
200 166
163 129
121 115
53 94
46 90
0 165
146 186
151 6
57 62
87 205
77 91
172 149
65 88
133 132
188 26
136 14
191 145
146 86
74 16
79 103
115 88
56 159
178 109
191 15
27 47
47 49
90 91
50 60
24 176
209 93
1 56
63 33
22 205
166 57
125 12
163 191
32 149
76 97
97 197
39 53
208 165
1 6
49 77
86 4
205 64
42 97
195 65
204 164
118 149
51 192
54 117
133 146
66 90
105 21
117 111
194 11
207 136
202 15
165 182
43 115
22 204
130 1
182 167
113 27
15 77
98 135
195 144
151 125
150 23
112 184
109 74
110 92
17 0
122 50
85 83
141 198
58 44
48 109
51 117
18 146
95 72
103 175
45 92
110 35
171 23
114 209
52 200
155 108
60 115
49 107
133 50
48 4
104 202
57 139
115 63
58 120
109 52
182 185
146 120
162 200
42 117
119 45
153 76
83 182
186 45
59 142
118 86
98 3
120 1
92 107
95 11
27 135
48 98
56 118
110 132
17 206
80 70
169 201
120 94
141 47
110 204
2 184
174 202
62 122
23 47
120 16
75 199
155 79
173 83
71 201
80 145
80 42
83 191
109 193
197 145
171 91
139 79
136 150
20 93
104 179
142 161
18 21
36 173
73 170
10 147
35 22
32 109
14 49
39 134
32 89
110 98
13 142
189 44
40 168
182 155
27 188
19 134
143 115
184 26
159 18
93 27
77 46
125 50
151 171
61 125
128 106
81 140
102 81
52 21
206 190
73 101
96 52
66 75
153 130
185 102
201 36
137 45
111 75
135 195
24 190
74 116
21 179
63 111
153 179
60 124
69 199
86 97
170 107
118 27
127 123
46 30
88 4
179 143
194 197
88 172
111 170
115 182
148 47
19 198
193 65
145 37
99 166
23 153
181 70
25 147
176 185
67 88
50 59
117 23
102 149
68 9
163 125
160 113
56 164
125 192
115 55
19 159
198 205
108 111
31 118
62 160
0 51
130 206
118 20
20 181
45 34
170 177
156 147
80 209
190 154
148 184
10 120
133 32
131 13
121 88
35 114
152 57
132 106
202 168
138 138
187 64
12 75
90 157
201 96
0 197
67 61
203 27
122 4
203 74
208 68
196 94
30 168
23 42
178 180
171 67
127 26
88 149
8 27
149 162
159 51
123 174
26 30
180 185
81 115
80 103
123 122
127 158
47 172
61 33
83 130
162 117
185 39
58 27
189 19
75 103
28 49
126 15
69 58
53 49
9 17
178 7
203 36
187 3
38 198
26 141
134 68
185 198
18 140
104 132
8 116
126 181
134 119
152 153
85 35
53 131
193 185
7 25
140 140
165 179
145 51
0 31
198 173
63 125
37 167
78 55
0 144
37 153
114 119
98 125
162 33
73 137
157 207
152 199
85 61
31 180
148 1
101 47
34 128
187 142
39 121
135 129
75 39
85 84
28 14
102 11
17 200
73 149
42 157
83 126
37 28
95 106
4 32
127 167
81 166
151 50
203 23
142 143
15 169
38 147
69 69
60 10
205 184
99 70
172 164
44 56
175 138
89 138
108 91
98 168
115 75
66 194
129 127
88 89
41 31
33 143
117 179
178 171
203 105
53 206
86 99
123 209
194 126
166 59
118 138
118 156
3 5
16 131
7 204
94 129
101 10
39 3
41 195
166 20
56 29
147 131
196 17
14 172
67 186
70 62
19 177
185 133
100 47
150 168
170 25
89 156
175 133
184 121
28 195
183 90
152 128
157 84
173 196
92 177
4 18
1 148
182 114
96 166
24 119
53 58
192 29
121 109
175 33
71 24
201 139
103 97
148 98
193 12
28 68
202 17
158 175
169 0
133 157
117 196
209 167
138 106
205 14
177 107
67 102
33 1
137 150
202 79
145 132
44 101
160 33
133 44
47 168
193 154
125 156
14 113
197 151
56 8
44 91
1 179
8 138
23 52
30 94
139 57
198 74
133 208
159 111
131 182
134 146
51 44
61 66
109 104
162 70
82 71
30 156
2 48
52 6
152 155
124 197
125 171
20 141
36 114
37 70
198 150
205 145
88 5
24 113
179 152
190 150
14 112
64 100
132 89
28 22
87 22
146 161
162 66
154 121
112 127
150 171
110 181
145 160
108 132
82 156
103 79
156 205
189 5
191 0
135 35
6 146
11 169
207 23
4 192
81 156
57 131
56 85
196 83
50 124
108 174
166 3
38 23
186 156
105 181
102 46
94 140
187 122
185 45
112 88
209 33
81 155
149 99
108 165
102 82
53 98
133 70
154 194
172 8
86 75
108 61
167 207
132 149
90 135
123 81
25 82
27 202
16 109
113 41
172 198
121 125
84 155
90 137
153 147
184 58
27 67
14 70
34 76
184 50
137 1
100 208
171 197
203 13
138 134
52 183
127 113
152 197
70 67
30 171
62 130
53 19
199 164
189 78
143 39
42 93
143 120
71 152
102 54
190 46
126 133
56 84
40 108
16 121
102 185
40 199
176 47
49 23
206 167
135 136
80 117
102 204
127 38
8 143
16 206
107 186
121 203
168 135
8 62
3 1
122 162
72 188
53 146
149 89
33 72
173 100
182 11
94 41
116 86
15 122
193 76
16 186
197 110
82 9
103 4
57 195
105 200
198 190
101 81
187 114
209 151
139 14
98 48
205 124
81 108
114 207
163 148
23 203
14 56
129 78
117 145
26 180
179 166
115 37
2 156
123 0
163 93
171 184
14 181
196 189
50 148
201 149
85 28
65 58
176 134
131 0
163 150
104 156
182 145
173 122
81 22
14 14
162 30
126 156
92 149
86 152
10 196
153 16
18 99
10 143
152 102
50 8
17 96
163 68
196 5
129 58
68 92
103 57
199 183
76 73
184 147
95 99
73 9
43 106
123 123
0 88
97 132
106 105
76 44
6 77
54 134
195 108
174 138
44 199
13 105
33 148
142 67
58 70
27 155
175 86
62 46
117 175
100 137
114 67
4 153
7 186
165 170
206 163
197 32
72 44
165 108
9 82
156 97
144 75
26 181
86 69
79 70
83 51
208 191
20 68
127 190
101 73
149 83
130 36
207 32
156 64
11 133
126 184
10 21
76 145
154 186
199 195
97 75
0 25
22 91
12 117
124 35
122 129
4 8
168 142
82 114
82 83
34 180
186 2
173 146
39 55
61 138
200 49
79 30
200 86
143 71
162 186
73 95
86 84
170 183
93 190
50 188
169 1
138 53
32 192
77 30
24 203
75 150
46 41
28 66
161 39
119 58
197 54
42 98
58 203
40 75
123 181
205 18
6 28
167 137
175 164
124 110
46 29
136 43
80 23
75 5
112 78
69 197
136 69
80 128
23 90
8 123
164 93
197 147
195 163
204 173
50 159
69 99
200 116
65 93
194 57
105 5
90 44
47 16
165 3
143 169
140 55
125 81
80 71
57 145
114 158
133 59
142 121
35 33
98 37
61 192
191 47
48 123
8 125
48 144
62 17
158 37
95 201
129 144
9 119
198 32
120 126
161 38
139 132
26 27
44 20
127 17
159 117
18 101
209 62
69 169
151 4
59 40
37 75
55 132
49 71
111 18
18 94
154 117
102 90
141 48
72 65
79 159
188 42
102 67
85 27
163 131
66 128
205 143
111 117
3 185
51 22
138 37
140 25
11 94
175 90
77 83
206 202
68 189
166 148
1 160
82 56
6 38
138 5
203 120
111 130
151 24
20 185
113 84
188 164
26 24
126 203
168 40
112 35
170 36
122 67
164 47
149 93
9 205
38 135
124 23
181 179
136 118
75 65
119 203
67 54
168 197
98 138
105 80
96 131
194 82
75 124
180 199
35 152
164 48
123 96
31 32
125 54
174 10
191 173
37 171
89 147
168 131
88 187
166 87
195 179
175 95
196 90
172 101
47 27
1 135
102 98
172 128
110 79
167 121
17 188
14 18
188 16
1 92
8 85
201 55
107 194
17 16
53 57
76 102
116 78
31 109
28 93
117 187
135 168
192 207
42 5
163 112
53 36
141 113
97 10
88 128
208 207
158 205
78 138
147 209
140 106
99 9
147 42
7 142
91 198
94 201
172 126
37 102
196 196
123 158
62 37
139 138
165 127
8 139
11 93
195 177
157 114
107 25
72 132
52 181
175 47
22 21
73 3
189 51
106 146
35 43
119 86
173 55
8 14
164 8
96 200
126 37
105 144
177 151
103 64
193 160
170 49
209 66
17 192
90 194
125 10
137 72
31 36
102 61
115 122
123 59
23 49
98 133
78 189
187 154
3 145
53 174
138 38
143 81
148 137
184 123
44 180
62 184
129 115
204 153
25 182
75 79
57 38
75 130
38 93
106 76
170 34
85 96
23 33
159 54
100 132
130 125
1 27
185 182
82 49
150 89
9 103
203 142
171 171
11 187
81 11
71 126
41 177
173 19
77 65
28 162
79 195
121 25
5 17
193 92
47 180
88 59
1 193
130 51
158 176
1 157
158 119
66 41
41 142
165 9
189 126
127 100
6 108
25 2
82 120
128 11
70 26
80 194
129 108
117 125
7 33
84 65
189 49
130 121
165 16
128 61
63 157
30 120
100 154
59 190
184 78
74 133
67 128
132 142
174 37
206 127
132 176
61 164
116 121
8 195
0 156
207 91
51 120
183 157
96 44
146 126
80 80
130 199
170 84
105 40
154 103
161 79
26 8
8 40
175 80
185 181
78 164
109 127
39 65
197 66
143 24
159 44
76 95
193 39
196 169
8 119
0 199
40 114
173 39
80 76
1 93
160 45
73 145
89 130
109 70
36 99
75 73
22 125
20 129
202 32
126 63
63 72
32 203
146 109
86 77
157 31
25 184
19 73
175 52
21 41
29 55
158 1
43 124
124 100
11 75
96 65
21 110
117 29
11 113
141 107
129 137
95 56
116 2
141 80
22 66
175 187
22 139
118 15
83 50
127 185
102 111
177 69
41 66
130 171
17 160
148 68
28 84
48 16
62 51
81 34
132 98
82 41
22 130
20 105
182 192
8 202
155 60
124 175
165 193
101 192
74 207
98 153
204 93
154 158
35 151
65 178
33 35
95 161
77 3
183 170
89 78
6 190
198 185
27 163
20 135
169 147
96 123
35 67
86 85
48 135
101 1
160 102
58 145
19 28
102 30
193 17
79 165
199 77
106 0
163 88
153 10
58 167
98 8
148 126
157 7
38 21
165 67
166 41
83 90
59 71
196 155
49 148
29 132
166 196
203 137
40 6
155 195
37 86
18 114
20 178
7 65
45 43
98 112
67 29
178 55
118 53
201 81
103 83
152 61
190 121
207 58
56 179
93 122
69 174
92 209
164 84
56 67
174 117
204 163
122 126
71 108
42 24
17 129
128 110
93 4
80 89
31 16
201 59
20 192
16 45
39 83
185 101
108 37
49 83
101 158
56 39
117 87
101 137
177 187
102 21
57 70
47 68
49 15
162 102
111 83
4 49
134 137
182 46
130 55
118 190
69 188
169 113
202 60
199 13
190 110
110 46
153 144
6 157
57 123
100 207
84 69
11 160
205 101
198 176
98 200
18 168
45 72
149 202
168 156
145 78
133 135
179 65
7 11
10 133
68 72
175 93
48 169
198 69
104 206
107 119
159 135
29 27
96 171
7 119
174 49
53 195
170 105
100 96
25 157
173 200
137 41
86 53
58 118
73 188
85 102
2 35
25 172
166 208
83 22
37 184
131 8
149 54
127 127
11 57
14 61
22 94
76 76
18 41
102 163
199 7
96 180
186 97
104 37
114 175
133 72
46 207
172 88
137 43
68 142
35 161
160 180
40 95
57 31
63 13
144 145
135 163
131 107
134 50
54 116
15 113
116 108
18 113
30 1
13 19
121 132
70 55
161 31
81 152
108 159
21 112
134 65
138 124
189 62
209 187
35 143
204 6
36 75
140 178
18 116
8 88
117 76
67 199
26 110
79 150
208 114
160 57
185 171
23 36
95 57
36 120
14 114
202 180
200 198
12 57
208 159
52 8
30 172
99 189
96 37
88 176
128 208
203 180
55 117
24 53
124 164
93 107
61 199
130 24
26 98
78 141
9 183
166 94
58 149
27 207
206 119
30 150
37 129
92 148
144 9
22 16
148 162
202 39
67 124
56 126
27 54
28 145
25 98
19 170
125 178
32 148
166 40
10 160
46 178
178 134
44 164
74 100
201 74
130 60
164 24
53 50
201 145
161 159
35 48
151 166
201 148
47 21
162 94
4 0
29 185
8 93
79 20
135 134
128 201
153 136
174 128
206 73
46 156
129 6
3 134
14 168
47 190
44 202
61 105
172 181
172 105
82 38
178 148
47 126
81 189
176 86
144 165
186 66
31 117
108 181
166 206
71 32
10 193
119 23
122 167
169 206
92 97
70 34
175 125
88 120
45 105
90 32
100 146
124 194
99 197
61 63
167 182
75 40
124 73
165 155
25 75
92 76
62 116
170 71
2 0
95 69
136 199
43 175
175 104
202 21
135 22
128 119
99 198
181 69
3 88
2 102
173 72
205 89
59 187
32 117
200 169
156 122
159 2
155 106
37 198
27 136
200 115
156 117
143 86
163 86
161 204
185 59
11 64
117 127
167 160
179 79
5 21
94 60
16 188
115 156
72 194
125 120
114 145
198 59
94 146
4 122
121 61
6 12
11 111
64 173
186 14
114 71
101 17
181 100
30 76
172 50
14 129
1 7
102 31
158 160
103 10
159 133
133 191
181 14
142 48
11 162
182 171
181 126
204 60
74 205
200 54
109 87
127 170
106 75
180 81
153 132
93 145
89 192
179 11
161 190
203 121
201 207
121 30
79 122
136 200
73 45
206 194
133 85
59 75
147 19
47 70
44 198
191 114
173 9
16 187
32 16
129 9
193 74
89 141
182 150
80 75
193 179
176 159
159 89
154 100
39 181
146 199
115 23
138 6
32 142
196 160
73 108
180 132
196 31
143 116
98 202
69 204
61 9
118 76
128 23
123 76
109 62
139 87
109 179
113 161
25 148
127 102
45 32
94 21
73 175
24 202
135 85
50 100
98 46
25 46
58 191
29 93
123 87
85 43
9 157
22 88
157 148
146 31
72 160
91 72
82 200
108 68
10 91
123 58
143 35
22 5
89 139
16 12
112 92
160 81
174 112
114 171
183 207
167 86
82 158
153 7
56 12
187 110
116 69
159 19
179 201
58 114
157 32
143 202
122 190
172 193
171 5
73 124
137 87
132 125
114 10
83 42
40 111
132 22
73 7
104 114
179 87
48 142
49 158
190 144
80 142
61 0
33 159
170 45
176 63
98 73
88 165
23 10
21 76
175 128
171 190
35 136
3 91
131 68
106 2
72 125
135 76
28 1
206 208
73 190
146 79
172 146
47 206
48 154
15 148
180 51
168 154
133 118
77 47
202 189
169 205
109 208
91 55
33 145
185 132
101 67
102 103
119 129
103 23
110 19
101 63
199 40
102 105
167 181
173 99
170 40
124 184
8 89
110 26
81 194
122 196
188 123
111 142
194 166
152 192
14 187
72 88
139 98
174 206
62 59
4 184
107 120
107 153
56 186
106 88
102 47
83 196
156 21
204 110
64 190
97 184
95 91
92 0
61 75
92 184
152 59
203 108
191 20
8 12
108 147
208 97
183 108
47 173
159 0
41 102
183 13
135 11
102 202
85 141
77 196
125 146
197 60
45 112
76 202
119 113
209 31
46 101
67 205
85 185
139 209
78 195
120 123
128 202
173 170
37 62
163 92
204 53
21 137
57 9
149 6
89 143
39 198
197 204
39 16
150 139
168 181
62 79
203 5
165 192
57 71
116 102
2 151
130 35
97 108
178 141
209 143
67 83
36 102
108 92
1 149
9 18
184 110
121 133
198 206
183 193
173 7
191 182
189 155
82 112
130 137
186 194
98 55
163 59
118 96
174 102
94 97
190 137
8 23
104 207
73 99
161 60
34 187
117 184
2 90
96 35
2 34
35 150
55 159
203 71
206 48
12 46
201 135
149 19
114 3
100 186
37 44
147 84
162 121
134 187
123 56
7 109
54 155
196 132
137 191
13 187
119 131
22 118
76 160
153 30
17 130
119 200
111 200
16 57
102 153
48 53
61 128
10 179
63 203
125 47
99 176
117 123
201 158
155 40
180 4
144 206
110 90
102 126
32 18
107 66
194 191
45 80
136 147
196 175
136 45
136 89
150 126
12 41
201 7
205 128
154 135
187 55
1 161
73 66
28 183
18 68
166 49
80 49
79 35
201 77
168 24
60 5
81 55
11 68
39 158
132 73
94 4
198 191
2 188
26 189
125 64
71 82
108 182
186 88
57 200
174 93
79 179
196 209
10 116
21 138
49 48
81 116
8 11
159 163
207 146
16 175
79 47
72 7
86 81
129 164
122 203
62 195
20 175
99 18
204 52
22 208
93 195
143 121
181 119
117 190
180 144
33 23
164 136
116 190
84 157
141 26
154 198
24 65
118 184
47 125
91 168
15 161
126 45
43 100
59 41
22 127
158 203
24 168
22 156
11 31
122 5
52 198
110 207
170 44
58 207
34 101
94 70
86 126
116 38
197 59
199 120
182 22
164 100
48 99
193 129
113 114
131 76
89 94
100 176
1 72
162 49
100 85
84 158
207 195
125 60
65 32
120 133
184 2
172 45
200 110
52 127
44 189
117 53
70 171
1 83
101 60
30 91
44 83
193 142
101 152
55 207
39 143
121 103
58 36
121 190
167 116
116 57
56 173
66 132
65 42
194 3
63 84
91 22
160 27
150 154
68 204
206 74
64 48
106 203
163 193
167 65
135 119
106 57
79 28
55 112
13 99
99 75
17 109
96 132
165 137
106 82
200 106
117 171
189 178
9 155
203 81
115 11
0 98
119 29
201 123
20 182
122 169
131 200
177 184
116 111
110 107
62 115
115 180
84 7
32 24
207 25
172 140
197 132
184 122
161 89
30 48
194 122
123 120
133 125
113 185
195 154
71 141
191 187
181 147
43 184
183 58
143 96
109 40
207 205
49 98
129 130
144 84
159 203
183 124
152 191
118 95
39 111
66 144
97 207
81 171
15 124
120 17
49 67
152 118
12 160
194 194
103 34
172 108
136 180
134 155
189 43
149 37
126 35
101 156
130 168
113 195
182 190
75 23
94 131
114 35
195 84
53 83
67 105
148 106
23 200
88 33
105 64
167 117
11 59
174 177
1 196
77 72
78 104
183 38
149 63
70 80
136 130
58 124
157 111
35 137
145 158
209 60
163 172
7 134
162 72
201 205
6 141
109 21
22 185
99 62
151 162
89 7
179 44
148 94
156 74
164 29
116 100
182 193
98 109
162 90
70 202
144 35
47 62
154 23
156 185
33 87
191 31
98 63
143 208
156 42
136 84
115 96
10 151
78 161
48 177
164 197
55 129
144 197
159 43
121 40
171 34
115 0
149 71
203 73
6 173
144 5
182 130
143 110
157 146
197 104
110 198
117 37
47 64
114 22
206 31
138 130
88 141
124 58
124 22
33 173
127 80
192 183
121 16
64 93
109 32
185 8
166 51
186 22
45 128
173 198
116 5
90 79
62 201
21 191
35 128
80 29
98 205
140 196
128 188
147 91
111 133
67 40
25 177
63 135
148 73
80 47
69 9
164 169
19 15
156 76
164 155
113 23
168 194
40 9
145 76
124 113
158 35
14 50
174 78
110 141
104 96
181 95
87 150
58 50
193 8
138 93
11 128
195 162
60 13
81 94
81 165
4 181
141 115
68 84
160 54
74 179
136 131
17 49
47 52
156 71
30 122
99 187
159 36
108 47
146 66
2 78
25 203
108 156
128 124
138 133
175 4
36 15
169 168
34 111
15 144
102 200
113 96
112 95
13 8
4 27
203 98
4 121
3 20
4 149
33 6
38 58
75 36
145 98
36 136
102 94
61 111
164 201
180 97
27 180
58 154
21 78
116 162
101 155
26 115
121 17
81 86
63 197
106 110
93 199
109 26
47 42
174 165
56 160
163 161
207 109
12 28
1 80
207 184
206 158
38 115
71 103
200 40
11 98
144 131
111 195
29 98
199 0
71 107
77 181
145 32
173 144
102 97
187 140
67 73
167 75
191 209
191 22
49 134
100 91
164 104
99 10
75 51
134 14
119 127
64 180
53 130
145 113
197 209
52 138
101 16
77 178
83 110
46 76
167 82
195 82
156 23
16 160
198 164
153 73
185 193
66 195
160 47
80 74
192 71
9 163
185 48
205 66
166 15
66 17
187 89
139 144
118 82
93 30
161 162
139 38
162 75
186 76
84 117
73 110
84 86
146 193
143 4
155 69
130 207
87 147
207 173
77 160
128 156
161 7
136 32
23 158
144 42
169 77
73 140
95 93
192 187
131 126
14 148
175 134
121 77
37 19
71 112
119 145
200 149
37 121
12 207
109 164
157 52
123 101
72 187
122 147
60 92
45 89
61 27
110 81
102 109
133 170
112 18
176 190
11 161
78 127
6 150
167 128
62 127
111 76
95 88
61 141
133 27
99 92
117 168
65 138
63 162
71 25
208 83
194 5
133 109
180 72
81 162
172 58
146 103
174 42
50 121
193 124
52 112
21 135
172 191
209 141
153 29
39 190
131 32
185 86
74 119
41 163
26 167
110 154
4 95
199 141
77 87
121 10
13 192
103 166
16 191
44 82
163 121
184 101
8 54
198 3
185 156
13 103
114 199
27 161
64 87
70 204
30 50
4 83
208 119
147 97
184 126
130 169
91 23
120 51
123 147
64 113
133 30
10 55
85 150
126 117
140 61
137 74
92 127
133 152
136 201
16 96
91 87
58 110
86 94
194 124
8 201
165 61
5 162
204 143
129 206
158 57
142 118
48 129
189 91
191 73
45 159
35 190
34 186
153 57
51 151
0 208
94 132
102 115
174 107
60 113
34 189
173 194
54 99
3 17
54 105
132 119
170 106
58 35
72 73
167 61
129 105
21 128
106 81
143 109
94 2
135 189
79 126
131 78
178 77
38 19
79 54
168 123
102 73
73 201
16 43
75 174
172 109
48 143
10 113
79 64
59 48
22 200
128 145
205 139
25 160
21 94
65 19
93 50
180 30
193 121
83 115
42 65
198 148
197 141
69 24
161 131
131 85
21 24
128 200
41 143
37 53
101 189
203 185
110 1
72 140
82 89
63 127
32 165
63 39
168 192
120 12
132 121
67 156
48 117
92 53
129 189
89 9
173 97
31 135
73 166
18 174
187 162
69 207
204 47
1 17
66 22
153 77
132 90
147 175
129 90
169 110
171 38
12 190
178 31
89 195
24 145
13 185
103 63
108 48
146 140
89 75
156 148
18 150
159 90
135 190
144 72
166 131
10 13
30 2
24 146
20 85
189 197
132 164
189 207
123 34
118 91
7 18
188 108
44 89
3 149
125 190
58 179
90 40
30 177
186 54
15 202
15 117
200 191
180 12
12 34
68 141
151 198
9 177
52 201
203 130
22 112
96 90
180 162
11 202
86 45
82 182
174 91
151 190
121 154
62 40
198 181
42 119
100 168
52 108
97 179
202 0
28 46
39 50
136 122
89 59
184 179
119 48
31 67
24 172
16 17
60 112
198 22
31 197
165 156
66 188
39 162
75 154
171 59
36 57
180 143
112 168
87 5
47 171
164 51
175 42
29 178
204 116
17 32
38 129
94 194
120 6
191 169
92 129
86 193
140 74
34 66
189 72
76 208
27 23
107 45
163 160
199 101
102 68
205 3
174 94
114 13
61 155
23 82
81 16
147 159
5 191
127 174
49 139
150 28
8 38
197 206
113 206
16 180
71 207
30 24
32 92
23 119
157 4
174 44
87 135
189 32
97 12
20 36
171 177
169 154
15 80
74 76
77 96
26 196
207 107
2 2
166 198
73 61
41 136
14 105
105 115
187 95
103 163
60 177
192 185
10 64
188 147
64 90
138 3
184 19
46 123
103 58
85 10
3 187
188 177
123 148
161 189
98 18
105 104
108 57
13 42
198 11
30 62
184 135
107 68
199 127
82 65
193 199
51 16
116 147
40 119
180 40
3 126
168 199
148 115
182 146
36 12
151 110
25 140
38 116
54 119
64 179
24 51
196 1
180 206
186 9
59 100
27 4
198 73
111 208
112 177
91 134
205 47
197 142
208 98
24 153
7 44
128 161
9 178
75 111
205 125
125 114
189 121
112 125
59 196
104 150
83 190
64 96
121 168
177 57
197 128
181 81
202 102
41 171
68 102
112 39
133 178
94 22
39 106
25 179
101 123
163 78
163 58
58 196
54 18
125 112
199 198
155 54
62 150
5 200
200 124
185 16
193 184
206 109
163 60
174 183
135 5
54 49
81 12
182 40
100 51
176 99
97 196
63 201
5 188
110 36
124 33
151 148
47 20
19 189
122 198
114 14
191 9
172 25
5 48
44 140
62 0
10 6
194 149
41 203
157 57
0 122
113 17
18 16
117 89
38 35
170 179
139 10
61 55
74 25
184 149
83 168
0 148
165 45
22 0
191 97
186 55
132 18
59 178
194 206
30 108
150 179
18 22
35 25
112 201
24 38
169 9
202 65
176 40
120 103
131 79
110 62
1 121
98 108
45 102
183 65
134 194
157 27
196 48
2 72
33 204
90 52
5 29
102 125
90 111
6 208
81 151
115 119
170 55
101 85
194 100
55 90
70 184
190 3
13 131
15 207
25 87
24 144
174 201
189 38
5 175
39 119
112 189
32 9
100 148
140 187
64 24
77 49
63 156
200 38
158 46
6 205
73 30
131 166
162 76
204 121
65 41
71 21
10 20
60 7
111 168
159 69
15 115
46 133
208 72
61 106
155 202
101 57
204 200
130 118
161 202
131 123
20 90
101 130
126 44
33 124
130 158
106 182
154 147
43 92
174 152
197 139
62 114
58 7
52 52
170 155
163 206
58 8
126 14
180 155
30 26
143 89
147 166
59 84
128 176
8 190
107 85
16 50
44 39
108 187
2 65
73 42
195 103
173 184
162 110
109 187
162 26
2 164
139 68
71 101
74 77
207 190
2 1
116 22
116 163
21 161
96 87
190 35
47 147
107 77
6 156
124 28
95 128
132 182
72 99
76 114
44 150
39 4
123 112
151 115
0 53
134 167
56 87
135 60
82 31
141 63
67 93
44 73
75 176
167 101
5 208
85 98
21 123
149 80
139 113
91 126
175 32
143 132
104 186
20 96
102 77
8 150
27 33
142 175
148 198
93 157
208 113
181 47
181 1
194 73
113 46
208 9
19 65
127 182
22 162
40 88
124 137
177 138
80 98
162 59
87 91
123 136
47 153
131 169
33 39
131 53
182 170
201 147
126 38
193 177
87 15
138 163
149 107
12 44
184 41
209 34
176 85
64 56
8 102
122 142
52 43
125 106
19 202
63 60
137 113
64 108
140 72
27 91
154 118
137 86
151 201
57 13
92 34
189 39
167 120
126 74
71 204
65 89
74 84
189 196
45 7
74 87
41 125
23 77
70 1
70 92
167 169
78 16
88 181
127 134
161 43
140 174
157 127
188 84
148 51
41 63
83 177
170 48
174 147
139 26
20 56
206 123
3 19
143 152
9 138
103 81
17 122
133 126
121 167
16 74
111 104
122 135
194 148
178 156
23 91
178 6
150 54
131 133
179 146
208 135
195 107
66 3
57 114
63 25
194 68
108 208
185 21
62 153
89 63
40 72
38 104
48 140
164 10
82 1
74 54
204 205
16 64
24 79
43 49
81 5
55 153
44 38
78 178
94 144
84 102
26 83
78 64
195 139
150 90
40 73
124 176
145 6
202 139
52 74
192 45
26 89
110 15
208 48
102 9
16 106
62 193
1 152
194 129
59 138
41 196
127 97
88 112
168 144
191 4
83 160
158 109
75 157
129 14
142 107
12 22
69 208
165 64
117 189
141 4
69 161
204 50
55 33
208 184
136 133
191 198
141 159
72 5
144 130
79 206
114 180
150 19
66 67
56 10
195 166
95 20
87 31
180 48
54 35
23 26
113 166
195 49
36 45
67 39
121 100
10 60
57 72
34 165
208 55
142 51
106 209
121 45
174 82
27 103
92 133
97 111
140 173
35 179
159 180
130 187
76 183
87 53
26 170
44 98
128 37
75 105
203 69
48 93
115 109
45 143
82 72
191 85
37 138
77 69
70 164
131 22
144 66
74 129
50 198
58 96
208 49
43 152
139 82
101 39
167 171
11 61
14 22
165 188
42 17
29 7
12 189
197 189
189 144
112 17
156 167
58 129
35 27
33 4
10 23
163 138
53 132
103 55
68 6
131 69
57 81
204 170
132 43
172 110
26 119
160 149
42 57
203 144
186 74
181 76
152 168
78 80
192 42
79 77
161 209
44 186
196 30
30 201
89 193
35 121
187 119
101 200
155 87
59 33
33 188
125 32
83 100
140 42
149 110
13 109
184 96
178 41
41 74
48 7
93 198
54 4
108 44
119 181
139 155
39 92
0 69
148 200
193 40
138 33
72 50
108 85
71 184
121 107
192 164
187 37
17 136
208 189
84 53
188 104
112 8
7 144
112 31
181 26
203 151
107 114
59 18
60 83
65 99
125 105
88 42
160 2
181 107
104 120
175 88
147 4
26 126
165 2
164 111
5 88
117 198
156 83
88 140
205 60
186 44
180 43
12 144
178 14
192 80
144 153
99 134
35 20
12 120
201 166
79 124
49 5
95 30
193 164
72 158
136 27
147 195
45 130
185 62
204 10
168 89
184 183
186 198
56 206
0 135
41 199
130 116
104 86
177 209
191 48
92 19
200 94
11 90
190 157
196 8
161 147
128 154
153 71
142 82
109 59
0 22
186 142
201 79
6 152
29 163
94 191
113 175
123 169
89 158
3 170
0 11
166 144
33 94
26 4
178 5
7 58
36 171
109 183
5 78
67 57
137 117
8 100
123 69
82 193
177 101
186 40
65 149
54 95
119 140
5 60
4 26
54 102
170 93
16 19
110 208
154 181
110 187
58 25
16 53
18 145
134 207
184 172
110 151
38 142
58 21
66 35
194 72
171 36
165 5
63 155
131 203
82 13
185 105
56 172
5 135
110 61
174 81
191 147
63 88
143 33
131 71
14 163
28 187
127 133
55 116
170 195
81 75
177 36
186 102
195 62
57 91
10 127
90 154
209 153
141 61
61 13
134 28
143 6
192 158
29 8
14 55
77 132
64 185
98 117
110 68
7 188
103 26
110 166
53 200
185 72
175 27
80 187
43 123
42 48
49 46
32 5
43 113
178 181
74 86
190 140
41 114
51 18
36 142
181 160
134 138
199 124
208 150
193 174
172 176
100 173
198 43
91 15
0 133
113 131
128 63
119 4
139 2
88 173
192 194
155 173
9 150
119 198
7 38
24 54
191 86
84 140
197 2
73 51
172 166
32 187
60 59
204 7
10 178
70 32
177 157
83 72
7 112
201 13
66 207
96 170
37 92
115 72
21 158
19 68
130 209
45 38
80 107
166 136
39 80
187 75
196 12
106 91
158 185
5 150
177 159
107 51
166 103
180 190
86 148
53 197
154 145
134 109
73 34
103 162
209 2
76 110
97 155
180 94
61 51
200 185
93 177
174 195
163 115
176 175
73 126
153 12
99 190
132 91
103 112
139 152
175 100
199 135
183 75
109 113
15 43
124 55
208 187
52 97
94 19
181 73
98 51
9 106
180 148
191 83
175 174
40 74
3 79
154 115
99 196
172 24
106 41
141 0
49 53
54 73
50 193
76 33
31 75
31 165
151 38
109 27
181 83
190 81
42 105
39 208
41 23
73 206
177 20
102 49
81 25
26 176
184 91
35 155
88 108
23 173
150 194
104 100
14 161
161 169
10 95
61 136
59 193
189 102
5 178
208 94
102 6
34 194
3 81
121 23
205 102
75 81
163 187
36 122
27 30
181 123
39 46
86 181
186 80
94 14
21 193
168 87
56 96
128 41
40 62
191 113
85 54
126 5
145 74
125 75
122 124
157 76
14 101
147 117
16 8
103 67
66 108
77 116
169 126
109 165
100 128
178 191
177 192
97 35
80 126
54 67
200 137
92 205
37 3
22 4
130 54
91 79
56 203
159 29
161 82
153 82
64 81
151 43
161 178
82 153
27 173
161 24
152 81
138 157
152 68
145 79
56 168
65 6
125 87
179 76
198 23
27 122
61 72
127 178
76 181
63 97
40 126
155 158
197 69
108 35
184 115
137 160
145 175
105 46
130 112
10 16
2 11
37 185
156 126
0 85
114 41
177 0
102 92
77 186
197 129
36 196
92 89
51 78
168 195
75 158
143 29
125 138
41 117
32 83
117 81
202 204
204 206
52 157
8 86
46 147
19 36
204 109
156 91
114 33
58 64
0 175
203 96
45 132
35 55
146 34
69 78
68 203
202 192
45 49
202 111
11 122
74 165
91 165
129 46
120 41
46 181
90 49
184 17
180 16
127 8
143 153
22 3
141 13
133 36
39 62
72 11
118 159
50 46
208 18
169 164
79 87
160 59
32 43
160 128
191 23
204 181
83 99
104 128
73 184
169 195
145 99
61 61
30 32
99 145
25 135
70 137
200 132
190 92
100 80
135 207
113 132
92 182
42 26
87 206
35 28
14 98
2 95
157 122
194 145
157 91
153 129
1 16
166 95
81 92
132 35
24 25
109 131
98 58
172 152
158 194
28 138
123 196
161 129
108 172
51 209
204 22
126 92
177 145
151 175
196 58
55 171
39 39
58 20
103 60
140 102
40 23
110 38
8 209
168 29
4 113
92 13
147 132
172 142
37 112
109 167
158 138
161 207
157 78
170 24
31 173
5 102
118 163
180 2
136 72
206 19
4 46
59 14
78 33
197 199
129 147
37 159
129 198
1 198
131 116
199 118
197 82
23 189
27 2
48 131
192 132
192 6
78 11
49 118
95 19
94 163
66 206
152 101
54 198
147 71
26 46
181 154
120 143
96 1
5 92
143 203
78 88
99 48
34 149
209 5
91 179
59 50
165 87
102 69
70 60
197 52
163 192
10 66
153 122
138 152
179 50
166 159
174 43
185 79
19 204
161 55
97 102
71 155
185 191
36 104
68 26
150 61
4 70
176 12
94 33
15 126
185 110
189 153
104 198
142 108
13 138
70 191
135 131
182 98
202 43
37 45
194 182
74 51
78 119
7 78
62 175
119 166
39 69
26 122
209 164
130 38
161 102
85 5
95 176
197 93
151 122
68 153
112 100
17 196
204 147
24 52
124 154
70 24
90 152
134 148
199 46
175 123
69 162
68 111
154 151
76 128
200 67
9 188
10 14
110 55
145 12
31 200
21 61
63 206
66 81
85 192
58 102
120 77
79 205
79 3
104 119
171 170
10 107
72 51
156 207
137 12
177 125
75 208
183 102
23 110
92 103
63 170
29 22
7 175
29 19
61 67
8 59
21 38
62 90
174 84
105 71
97 177
4 2
85 146
196 89
147 50
97 154
7 200
150 190
67 172
38 68
182 124
52 118
110 24
188 178
28 101
138 150
138 65
21 72
45 16
25 84
116 81
93 182
132 126
11 132
106 144
10 56
2 40
91 139
105 20
117 206
122 143
129 13
115 132
83 174
26 41
114 43
169 45
193 110
87 1
105 84
159 34
144 65
27 178
93 102
102 96
74 26
190 32
168 34
144 140
75 90
53 17
138 141
169 170
196 122
0 142
30 181
25 9
44 206
183 208
15 131
32 102
203 26
79 79
178 201
34 166
132 207
10 99
17 128
153 75
4 133
151 160
120 195
146 132
113 40
84 78
171 50
65 188
91 39
186 49
198 34
75 2
195 183
155 127
188 51
200 23
49 49
191 61
135 26
139 176
76 107
134 61
198 31
92 199
136 115
178 127
206 25
85 206
95 187
148 140
60 39
169 185
117 49
176 41
111 182
117 200
5 18
27 159
184 67
38 96
66 36
103 141
40 170
208 112
90 202
108 62
120 68
167 64
170 97
33 189
188 133
154 53
144 22
34 140
109 105
132 52
80 151
107 187
7 9
86 92
22 181
204 91
41 55
169 19
147 165
85 184
143 103
14 32
24 4
163 80
82 125
7 68
49 204
206 58
152 120
37 78
15 147
78 190
7 115
64 0
150 73
70 99
119 63
16 27
140 50
51 104
179 197
148 159
36 185
74 171
204 23
7 208
61 209
58 194
145 148
35 30
126 191
137 121
191 121
201 56
159 114
105 0
98 186
165 83
74 73
121 146
198 0
20 116
112 21
11 138
176 193
97 165
115 21
172 129
106 178
158 169
149 126
157 48
174 171
193 133
184 3
41 96
4 168
164 9
137 200
6 201
207 0
188 63
39 21
57 107
22 133
80 77
126 123
157 209
141 71
67 120
85 147
41 201
136 175
115 62
54 161
199 9
168 157
195 146
160 16
12 138
170 120
202 77
159 172
198 208
113 58
187 151
180 75
143 55
24 14
1 52
208 108
69 184
33 71
180 49
25 197
193 205
102 84
73 142
24 15
99 37
102 43
171 83
138 153
33 65
15 160
195 51
158 158
162 206
77 8
150 48
164 152
63 199
119 43
165 53
34 26
183 44
200 207
70 42
13 134
140 129
147 143
132 11
122 7
153 78
53 162
68 89
119 173
184 146
143 142
11 65
188 159
74 28
125 31
164 178
74 63
3 121
42 169
168 55
143 27
41 72
108 80
104 147
141 93
111 135
16 139
78 30
25 122
203 12
37 12
136 194
176 88
111 7
8 104
166 114
145 18
53 179
178 105
30 135
160 114
126 132
164 66
177 139
198 84
32 58
131 157
166 180
57 88
44 14
100 133
189 189
97 16
150 18
162 19
57 42
202 197
76 199
73 154
111 64
98 49
187 24
89 10
62 151
8 99
169 157
50 16
1 184
172 33
167 208
24 161
17 204
75 184
82 14
179 101
83 137
194 65
17 92
206 203
67 104
81 118
55 55
24 158
128 24
30 93
204 185
26 144
205 75
160 127
47 6
47 152
70 85
72 207
31 155
81 117
177 37
62 5
65 59
140 120
78 58
192 193
18 105
96 3
191 108
175 186
50 37
57 190
168 0
20 187
181 22
127 125
154 168
83 43
69 148
59 180
24 175
141 27
138 127
180 27
115 20
63 185
136 176
134 203
38 84
83 38
61 191
12 154
127 59
43 70
111 147
24 199
176 69
124 131
99 113
35 24
43 108
20 66
97 120
68 156
108 73
95 15
116 188
68 73
11 15
49 89
15 87
119 79
182 154
76 80
52 58
85 101
34 153
59 207
128 196
171 42
111 164
98 106
149 24
16 174
157 65
198 36
132 108
143 184
144 91
209 120
11 145
33 8
128 184
94 61
63 204
30 200
187 153
196 63
132 159
31 133
6 147
208 8
176 158
127 53
143 59
84 171
176 174
36 7
146 38
26 36
203 1
38 130
134 197
165 100
52 81
90 139
134 130
84 76
22 55
4 182
150 184
103 140
17 180
22 48
93 73
4 116
48 114
183 135
139 143
59 30
17 46
41 204
36 117
45 84
121 174
136 155
0 106
97 100
39 126
34 164
101 108
208 163
151 27
28 73
130 91
103 42
208 146
58 100
11 47
26 64
35 40
162 24
4 171
170 58
132 169
63 171
42 205
101 51
72 157
162 37
137 131
201 18
46 14
110 9
109 45
11 80
123 175
44 69
123 17
92 197
47 113
209 94
44 48
28 134
181 41
154 134
2 154
29 64
8 96
2 67
191 26
112 182
207 27
7 145
123 103
69 173
141 9
3 163
64 196
93 17
200 42
141 156
136 12
197 197
116 185
144 111
148 81
84 152
133 62
66 53
154 35
80 87
61 187
74 190
201 138
142 56
206 81
103 192
159 179
96 119
179 125
106 208
134 34
48 102
179 134
17 78
175 190
81 122
34 148
177 24
25 80
184 63
128 3
127 147
91 93
179 29
8 46
72 46
199 148
25 155
159 148
13 129
190 29
94 142
165 146
92 207
188 187
92 101
125 84
28 54
83 149
41 62
67 122
77 76
202 178
138 2
82 52
190 170
89 188
134 85
156 5
127 88
126 173
166 129
171 56
202 186
191 66
175 40
72 86
194 152
113 178
209 50
73 80
72 27
32 14
142 153
62 72
144 44
83 29
170 128
86 16
202 10
0 77
147 15
46 189
10 63
135 198
120 76
91 138
16 126
28 155
63 24
14 135
62 35
136 51
192 99
154 183
76 61
178 157
116 61
128 45
192 110
174 98
41 87
171 76
91 17
189 82
59 27
178 66
53 2
38 72
62 170
147 199
190 70
5 32
113 97
197 136
50 208
82 58
128 136
168 207
177 86
182 194
32 113
0 36
81 47
58 158
144 3
77 208
197 24
14 23
125 38
76 91
19 83
130 37
185 114
76 148
202 47
193 115
179 4
58 19
93 28
20 43
105 131
160 40
90 11
123 11
198 76
2 54
54 195
126 115
91 123
83 26
196 118
143 157
53 182
75 66
120 207
198 27
161 54
122 145
45 120
12 129
164 195
71 92
94 114
137 75
170 31
148 181
172 51
128 192
161 26
58 83
112 36
67 59
19 116
172 53
140 96
180 56
19 131
105 186
56 147
25 3
168 159
65 71
61 147
65 136
207 104
5 82
58 42
67 22
31 98
43 206
3 107
37 15
146 111
136 11
42 174
67 76
202 169
120 176
109 118
29 181
117 69
61 69
63 10
160 72
113 196
14 26
80 43
2 166
121 127
163 77
180 113
46 145
195 38
16 200
53 72
124 46
135 81
78 181
16 83
51 171
19 154
81 39
22 143
40 91
177 18
132 156
73 119
119 195
91 90
17 179
93 13
57 24
95 132
195 189
32 84
89 113
160 65
198 202
183 84
150 175
16 47
39 60
97 41
45 41
106 107
174 155
113 99
0 178
39 172
106 62
129 3
40 166
130 176
156 58
186 56
206 57
124 5
196 127
138 182
122 115
182 156
59 179
54 175
131 136
21 13
202 162
56 58
45 23
158 163
174 133
86 38
10 106
143 209
94 108
102 18
200 175
59 199
83 111
95 149
132 28
172 60
204 157
57 108
26 162
174 4
203 118
134 103
36 40
143 43
154 60
112 73
83 80
201 167
76 27
209 208
152 6
119 164
189 173
66 103
47 75
148 202
200 127
140 70
193 13
197 193
170 96
179 93
163 21
32 162
100 34
23 31
172 178
2 155
198 139
134 86
52 164
6 51
208 89
34 143
12 86
172 89
102 191
157 63
133 9
176 188
111 109
112 6
24 128
6 109
93 161
11 126
191 95
178 48
104 95
41 0
133 97
78 29
46 157
182 70
131 117
34 12
141 163
110 150
135 182
137 197
171 152
130 16
110 42
70 48
173 81
30 145
29 95
198 204
57 60
121 31
164 95
64 127
190 135
74 71
137 59
182 195
69 114
119 201
58 66
52 32
3 122
158 48
13 21
43 79
4 66
189 187
164 39
13 159
44 77
2 175
22 36
178 44
56 207
68 50
34 175
81 120
41 110
108 1
33 153
189 92
138 46
120 175
95 86
22 171
58 3
1 127
33 161
121 104
91 42
94 171
79 21
200 109
22 186
171 187
62 61
83 1
50 87
127 175
75 78
53 158
52 82
62 123
190 206
8 155
18 203
167 93
134 29
96 14
171 117
73 141
147 59
184 156
143 42
105 150
163 73
149 97
125 98
110 94
202 146
7 23
91 89
68 175
170 51
82 159
140 17
62 2
68 161
1 116
122 23
139 124
43 4
144 190
179 154
154 18
96 105
185 23
140 122
193 80
170 153
71 110
101 26
112 198
39 77
105 160
122 134
77 193
129 183
23 83
72 43
112 90
112 59
178 124
125 170
146 93
30 100
109 163
50 112
96 128
48 203
195 10
2 192
163 173
139 170
167 131
9 27
121 158
15 19
161 105
41 3
127 135
10 36
148 194
163 90
33 74
