7798
72 88
5 12
102 19
14 110
75 110
48 93
59 114
45 118
12 90
94 54
52 18
32 71
113 53
119 27
18 125
105 35
71 84
62 93
4 36
95 101
43 71
113 77
14 113
105 38
115 127
31 99
34 39
102 38
99 91
34 75
45 4
35 83
13 99
69 91
64 46
122 18
28 13
37 28
89 87
13 57
38 124
100 17
51 17
90 111
16 6
112 89
25 87
52 61
73 100
97 39
80 7
50 116
58 75
13 114
70 83
89 68
22 47
97 34
109 54
57 30
127 66
116 52
82 116
4 93
102 42
117 80
30 120
124 82
84 103
10 92
102 77
26 113
31 30
95 15
126 118
34 102
80 82
128 117
127 101
117 29
80 121
69 41
41 23
116 6
65 29
90 70
49 28
16 75
13 40
65 82
123 35
21 88
93 89
46 91
111 10
85 13
76 113
85 5
1 100
61 32
40 114
72 84
121 52
44 110
69 36
9 8
2 69
32 22
69 63
80 23
42 32
84 32
129 26
87 94
28 116
88 10
23 63
34 98
82 37
6 51
129 2
10 113
26 61
100 41
29 2
105 110
37 26
35 16
91 106
14 4
109 57
89 96
128 6
104 23
23 23
79 90
81 33
5 30
15 103
67 72
63 15
119 80
109 18
87 101
90 90
67 118
26 79
104 117
21 122
22 90
8 29
16 70
89 45
0 121
114 92
118 51
88 15
116 63
124 115
111 110
54 45
63 36
60 62
9 78
35 102
128 80
101 88
33 90
36 77
1 96
18 25
7 39
92 120
25 108
103 126
100 63
59 25
72 32
53 3
109 82
1 65
37 122
127 94
83 74
44 109
69 101
100 5
43 105
98 3
53 9
101 46
40 44
16 27
89 62
54 66
56 44
93 114
5 125
14 65
98 6
116 85
35 93
64 96
101 4
65 40
102 1
88 81
42 74
80 32
63 111
1 122
87 49
129 72
104 82
66 70
94 63
7 17
113 24
46 104
58 5
97 69
47 57
114 121
93 62
53 53
41 4
31 89
17 38
59 108
50 97
26 128
2 34
95 19
71 56
12 52
70 82
104 49
112 33
20 119
67 0
123 54
17 21
22 120
125 62
40 10
90 71
116 97
64 38
22 45
37 59
56 49
47 117
75 28
75 123
55 96
55 11
54 40
71 74
56 34
107 41
89 57
36 0
81 13
105 14
120 122
108 22
105 105
71 114
88 88
16 89
0 28
41 14
45 93
54 22
31 123
43 86
66 86
45 83
117 11
83 3
108 104
75 36
16 98
43 9
121 92
25 83
117 107
95 27
34 107
129 90
69 35
115 50
128 36
4 65
89 116
47 95
73 87
120 19
13 14
79 67
9 13
54 36
71 105
97 78
28 96
108 84
17 33
0 102
74 86
14 108
11 71
56 20
47 32
13 35
37 52
85 40
44 34
80 119
105 61
121 53
126 119
50 98
93 98
72 14
43 85
80 103
72 97
1 80
15 4
70 127
89 93
52 113
12 84
30 7
0 98
19 116
84 45
54 120
28 121
62 10
22 81
54 47
8 38
57 17
112 61
30 103
33 108
32 104
64 13
83 69
36 57
9 125
98 113
95 2
80 47
33 6
119 25
31 8
36 95
67 97
14 100
13 50
1 30
12 128
24 19
88 127
13 86
17 56
106 42
48 40
118 21
67 52
24 115
103 16
49 109
101 42
8 86
32 68
83 126
59 55
124 47
55 31
100 68
114 125
120 75
24 13
11 13
121 83
66 93
21 81
71 15
45 2
114 84
39 80
18 123
43 118
38 73
92 35
125 25
29 6
40 99
1 35
122 121
52 84
123 53
54 1
1 66
35 127
128 83
64 27
88 67
118 68
32 78
45 97
77 106
91 33
36 111
87 93
35 10
65 102
28 66
19 85
73 47
67 17
74 106
118 58
65 92
4 94
61 115
73 15
128 59
123 109
76 95
71 112
19 2
113 45
7 100
78 29
59 97
95 40
6 91
84 49
106 3
54 42
51 116
65 124
20 87
108 100
78 79
79 102
37 73
8 120
62 39
100 65
85 50
93 37
44 68
73 113
76 65
95 1
59 68
120 78
34 112
123 121
57 31
96 77
99 75
90 127
80 59
26 127
96 15
101 101
84 89
113 6
75 107
51 39
14 55
48 0
49 17
2 77
104 43
30 94
87 22
85 47
61 97
7 5
32 8
59 118
32 83
50 46
7 122
42 29
61 90
97 0
111 40
93 75
64 63
1 82
83 113
45 9
125 93
97 3
12 103
78 62
72 63
43 10
16 4
104 71
82 126
126 68
31 0
74 39
110 124
54 125
30 86
47 79
59 51
119 22
60 48
0 65
75 129
100 103
98 88
56 50
99 18
84 106
56 73
48 121
108 121
91 124
96 50
25 66
96 127
110 111
60 17
64 98
1 48
46 87
81 121
59 117
82 111
34 65
105 84
121 48
64 14
76 106
70 60
98 45
49 31
8 61
2 8
113 104
22 73
28 70
44 62
128 106
0 33
96 32
96 65
89 11
15 122
54 23
118 102
0 49
10 124
24 70
25 18
76 84
83 37
45 113
42 67
129 67
45 52
128 127
69 76
3 50
46 44
128 67
104 123
13 69
56 57
29 18
129 14
42 103
129 105
99 73
101 8
6 45
64 34
112 114
85 106
33 7
52 75
125 84
120 55
76 41
66 92
54 5
46 18
16 44
6 40
5 62
35 85
48 75
68 51
120 64
53 42
9 35
43 36
49 86
69 19
95 117
38 43
34 95
50 76
80 2
106 24
80 100
39 90
83 20
10 31
104 70
72 72
72 119
63 72
67 61
3 106
66 6
86 112
40 33
32 75
24 102
22 39
113 56
100 42
107 18
9 87
65 58
92 64
79 37
38 54
49 71
35 101
54 64
104 83
67 56
12 10
70 126
80 93
16 73
121 16
71 68
126 1
28 87
57 112
33 51
106 51
42 69
68 106
58 20
41 103
74 42
1 12
118 49
61 76
65 89
73 93
9 21
20 29
118 74
114 58
52 64
1 61
121 76
112 128
68 76
53 14
62 107
29 49
28 119
42 31
128 115
40 98
128 20
66 127
74 61
22 29
107 7
80 112
127 39
72 60
40 29
102 43
1 129
79 96
13 16
50 42
49 19
98 76
106 73
46 56
113 107
53 29
59 42
111 93
78 67
93 128
70 100
68 25
71 54
115 27
67 23
70 13
49 127
2 74
24 31
20 46
1 44
26 29
91 15
54 87
93 103
80 34
11 12
58 14
104 126
4 6
60 98
42 97
69 126
63 93
83 42
48 98
58 80
90 101
114 39
76 37
78 26
9 89
71 36
83 0
124 38
46 23
88 97
113 110
86 117
24 127
9 45
125 90
73 117
57 45
77 75
51 23
116 47
60 112
23 79
34 37
99 81
25 36
102 127
5 67
43 82
105 22
19 127
94 8
71 17
38 9
55 37
34 78
72 5
52 102
28 123
106 6
127 49
63 127
59 62
112 124
104 81
30 106
33 57
116 26
84 7
105 64
5 94
77 89
124 98
15 47
0 83
67 122
72 39
2 66
11 88
68 67
84 59
62 91
29 32
73 69
120 73
93 7
51 121
44 89
1 13
43 58
129 53
119 44
58 23
124 36
38 117
96 87
74 41
30 107
62 12
93 74
39 120
0 60
40 42
0 88
37 25
21 43
0 99
92 82
101 122
94 115
21 93
102 30
110 16
43 27
102 66
74 103
46 45
37 80
123 111
108 97
94 70
127 109
52 70
117 50
66 59
54 73
76 5
65 122
59 66
66 53
23 40
55 63
86 12
17 79
82 14
11 126
62 129
38 52
35 55
94 82
72 95
2 50
20 63
20 128
85 97
80 79
106 79
61 111
28 23
93 5
1 29
69 43
48 20
12 63
83 112
39 67
129 95
122 66
101 53
94 125
87 99
116 109
96 49
10 121
121 63
104 118
106 98
96 99
106 22
82 96
68 104
64 85
56 51
49 47
124 128
0 36
57 21
31 126
105 92
100 125
9 15
15 7
28 95
23 121
26 32
88 4
46 111
71 39
7 105
4 88
44 84
75 63
14 111
6 128
122 8
24 33
58 19
115 1
75 111
126 23
121 117
106 87
30 29
129 49
56 52
57 71
5 74
0 3
30 40
1 4
70 10
100 3
77 82
6 22
28 40
117 103
114 43
23 29
67 103
121 38
3 65
84 95
72 103
30 38
61 31
92 50
89 85
38 95
90 80
35 56
16 112
98 8
8 97
1 94
29 110
91 37
112 125
102 47
4 78
84 70
42 22
122 44
14 17
44 39
63 56
103 12
15 61
13 79
62 26
4 92
12 45
47 2
26 118
56 84
126 77
77 83
43 55
11 100
81 90
70 101
9 73
12 6
68 18
95 90
25 39
24 21
58 122
115 85
115 70
115 57
77 29
84 16
62 66
112 4
117 65
105 49
121 35
113 76
123 103
115 66
52 115
74 83
67 50
25 93
125 16
127 3
86 11
5 14
81 8
38 119
104 113
26 99
92 51
102 8
95 54
19 35
123 63
0 110
70 105
83 61
0 16
8 90
103 93
69 72
80 116
28 21
72 74
76 28
33 21
11 23
103 3
45 6
92 118
37 111
36 69
44 26
56 83
110 91
22 23
26 74
125 39
15 74
15 44
47 85
64 2
83 92
87 75
65 117
9 65
14 106
8 104
43 117
101 75
118 34
95 69
52 87
3 103
70 56
89 112
29 55
55 46
116 125
58 24
16 61
41 101
13 47
22 65
46 57
86 16
38 64
49 24
21 37
91 69
72 38
62 56
78 36
7 18
21 98
46 73
102 49
110 4
74 67
122 104
16 103
79 26
98 96
37 49
53 57
110 102
49 92
71 3
80 98
86 48
1 124
9 27
14 94
28 2
71 92
92 121
55 4
129 121
82 79
70 7
7 77
25 56
72 40
64 60
123 128
51 5
72 116
81 3
51 104
73 90
82 29
4 71
42 15
15 53
28 106
113 63
31 56
84 57
27 1
123 69
1 60
89 129
42 128
77 87
117 53
19 77
48 8
117 6
78 97
51 50
69 98
75 30
40 9
119 75
67 32
103 89
61 43
119 11
79 105
87 126
31 4
20 4
17 6
14 70
50 10
10 72
54 20
18 3
99 44
15 46
100 98
117 23
75 125
127 28
97 96
25 88
95 57
106 86
77 44
76 10
98 21
6 89
107 43
84 71
105 20
32 91
117 127
34 40
84 122
16 25
11 2
17 72
8 13
49 107
82 19
6 31
40 25
32 9
84 6
21 59
70 39
16 15
103 57
104 13
56 104
83 36
31 19
41 61
127 108
39 63
34 108
75 14
41 67
108 15
78 37
103 115
5 21
57 88
45 98
66 71
105 48
27 115
39 72
113 103
108 113
10 3
48 78
41 30
58 81
52 76
92 70
0 24
94 13
10 111
23 20
88 128
94 48
96 106
24 45
88 112
82 58
2 6
31 113
111 19
18 74
102 129
122 28
109 104
46 13
3 112
63 31
17 127
22 7
33 49
80 83
127 21
81 82
14 0
62 77
79 99
27 27
38 128
77 121
28 80
69 22
61 28
92 114
43 107
69 54
15 43
18 98
98 68
16 120
45 117
38 110
110 28
62 61
78 77
52 105
64 76
16 71
121 22
104 91
36 5
70 43
101 86
67 3
110 65
95 82
103 80
99 96
61 78
100 34
5 57
21 49
77 0
52 68
48 80
21 36
87 69
85 61
95 9
70 42
104 44
98 61
48 29
101 1
54 67
15 106
22 59
55 115
119 26
107 99
38 68
61 103
104 124
52 1
123 24
28 25
39 44
88 114
66 113
111 1
88 72
96 116
29 68
41 21
70 49
47 92
99 37
50 4
53 129
124 126
2 47
25 25
15 62
82 93
103 58
33 111
108 74
72 69
91 34
51 71
76 32
28 128
124 114
82 114
33 118
81 80
31 69
33 45
87 128
51 100
60 65
117 47
29 3
57 37
72 83
75 118
125 129
96 109
16 9
8 91
50 19
103 91
8 18
79 124
16 100
80 0
129 42
55 86
16 34
18 69
30 11
90 59
46 93
45 71
18 49
87 30
106 50
125 35
113 38
0 63
103 65
100 94
64 28
72 122
7 59
17 17
29 69
34 25
71 122
42 119
56 66
78 24
25 58
102 26
36 55
37 63
25 60
4 31
59 94
66 67
11 16
8 6
114 57
0 95
41 117
2 45
22 102
21 53
3 97
62 62
8 17
64 21
74 4
47 116
122 68
34 28
76 115
84 65
2 71
63 89
82 57
77 15
19 125
60 29
121 129
75 121
13 52
92 18
20 26
29 98
102 31
40 97
125 20
39 109
55 17
48 22
103 74
104 11
25 14
72 71
0 111
61 40
107 60
16 29
29 25
82 45
58 108
31 73
89 24
38 8
36 119
122 12
7 82
59 129
27 59
109 61
10 35
77 9
21 47
35 79
110 34
127 46
94 46
51 15
104 78
88 50
66 7
1 42
37 101
60 114
117 16
95 48
103 79
28 6
124 57
56 77
113 37
102 103
19 9
95 106
128 42
94 127
21 116
64 83
72 110
86 24
53 88
126 63
27 49
25 50
75 55
65 50
77 11
101 72
30 8
123 117
83 129
107 24
114 102
107 34
51 127
84 42
71 10
24 83
15 117
98 60
32 50
116 46
103 39
62 8
124 121
71 52
118 26
121 7
50 23
105 53
76 22
8 36
84 38
39 59
127 80
21 115
18 92
39 78
100 48
32 54
8 68
81 115
83 29
9 34
4 67
106 76
33 126
74 95
94 90
9 106
120 15
13 21
126 70
78 30
31 70
2 60
11 54
37 99
86 69
21 119
31 1
61 117
112 20
17 19
14 105
61 25
111 30
108 90
16 0
10 37
26 19
39 13
9 69
121 69
58 117
40 121
44 99
68 98
12 1
88 7
115 122
110 81
15 11
123 78
125 124
127 71
126 103
79 20
86 87
98 122
108 52
40 119
97 86
94 105
34 124
58 64
5 34
26 23
87 51
18 56
33 74
78 35
15 26
64 112
62 55
15 116
76 34
28 37
17 55
120 109
122 39
44 74
31 53
21 6
55 104
8 124
41 17
118 119
26 109
64 128
104 60
33 23
7 90
14 8
73 112
102 97
127 40
84 0
107 93
70 84
121 23
68 128
30 24
117 49
19 75
1 59
123 30
77 7
56 119
48 24
87 117
91 56
127 15
95 25
25 29
0 19
21 26
123 49
51 105
14 14
105 25
45 14
1 103
50 55
16 66
59 58
17 122
67 11
14 73
103 19
115 63
31 120
62 127
56 43
49 98
17 8
32 86
34 0
102 6
50 45
30 100
83 16
31 97
122 70
124 1
129 129
123 34
29 19
56 62
118 106
64 77
52 53
66 14
16 124
54 76
34 59
78 19
42 55
51 6
57 46
110 10
82 4
31 58
32 37
66 116
28 84
120 70
111 53
119 93
109 75
49 94
56 103
91 90
23 14
94 10
127 4
102 100
41 18
53 0
32 61
76 108
82 32
46 36
20 127
127 93
83 57
74 27
36 45
44 20
113 71
6 61
80 8
6 13
123 4
84 83
71 124
90 53
10 5
9 9
20 53
117 44
118 31
21 35
79 78
88 124
42 84
71 106
16 114
55 49
71 64
15 84
112 98
6 56
85 11
82 68
57 6
96 8
67 101
129 21
126 24
119 109
18 79
25 78
16 101
17 113
57 75
18 122
41 79
57 43
76 42
101 98
34 16
76 1
20 43
61 125
35 21
30 19
5 3
11 112
42 81
13 37
40 87
102 117
45 119
107 51
38 18
39 31
104 3
21 27
51 65
34 13
123 72
37 3
9 12
52 44
71 110
82 109
55 23
65 42
4 107
75 76
24 128
119 73
98 53
126 106
8 110
17 114
128 60
14 5
30 110
33 15
38 75
114 24
21 83
48 71
41 60
9 10
127 68
41 86
81 10
84 111
29 51
24 94
123 56
99 100
42 33
38 59
66 13
8 23
58 13
120 89
49 70
82 50
15 54
110 8
19 42
112 59
68 26
30 14
16 36
2 53
5 95
65 30
97 51
99 6
105 96
48 76
113 80
102 44
42 4
46 70
90 102
81 64
32 66
90 95
127 35
84 91
63 126
19 83
44 128
0 119
81 4
121 103
15 67
0 62
81 111
48 113
77 129
84 15
33 120
74 55
80 41
64 118
75 58
82 40
7 107
14 79
108 62
56 116
120 69
8 123
79 53
35 42
108 102
48 54
87 97
122 92
120 25
33 27
128 72
44 46
67 7
53 80
106 37
43 119
54 85
2 105
50 58
39 98
115 84
122 84
83 44
51 51
89 56
33 9
64 99
12 41
11 103
116 0
86 119
113 124
52 62
11 118
53 19
20 47
105 59
112 95
116 84
4 89
3 62
45 121
59 84
114 15
115 124
45 5
98 44
105 44
12 53
107 82
49 52
36 19
83 105
19 61
107 63
22 44
70 112
73 18
18 86
89 12
70 113
64 24
124 93
124 75
33 71
114 98
69 85
59 95
28 19
82 78
81 1
83 45
89 7
77 85
124 23
0 41
25 52
96 92
87 71
12 26
16 78
70 30
43 116
16 113
44 116
63 52
38 14
38 62
99 112
129 1
64 86
92 42
126 128
105 115
116 18
56 75
13 26
104 25
38 115
111 23
30 128
127 112
113 108
50 48
5 16
25 112
127 83
108 110
95 46
107 109
11 82
26 83
67 88
65 93
55 109
122 22
59 123
121 124
99 105
72 120
54 14
20 81
89 48
121 80
97 92
9 33
11 63
81 73
72 1
82 129
93 27
18 83
35 97
99 5
111 57
63 4
125 38
109 94
67 51
37 114
76 45
29 115
25 62
16 97
22 97
98 89
122 85
13 39
60 47
85 32
83 56
92 25
22 124
81 42
7 129
26 112
5 6
20 5
21 4
116 106
82 49
52 114
62 115
122 42
83 115
78 101
117 51
58 119
87 3
37 35
29 27
71 63
54 39
55 14
95 13
19 86
52 40
26 39
114 87
97 80
0 59
18 105
108 73
21 57
23 126
128 3
98 43
70 53
111 44
42 19
36 102
30 50
15 9
48 85
77 67
2 110
100 66
21 101
116 33
39 51
122 80
15 93
8 98
42 109
11 66
32 39
70 117
123 125
7 56
5 78
103 96
65 118
29 87
64 116
31 60
58 44
102 65
52 16
10 6
77 24
31 114
47 105
40 113
28 69
71 13
7 76
98 85
100 90
92 72
106 5
67 30
123 75
77 71
17 43
114 10
126 110
81 122
87 6
69 8
28 55
102 34
90 63
33 102
107 72
85 3
12 59
31 44
109 123
9 58
113 10
86 42
79 11
31 61
97 29
101 108
35 50
13 7
2 124
17 115
6 124
48 117
127 12
5 102
16 12
14 66
94 76
79 108
7 37
48 116
51 112
88 2
121 122
119 33
20 109
10 108
54 112
112 27
114 54
94 16
64 123
39 85
109 91
113 7
118 77
122 6
82 11
39 100
73 48
93 33
113 115
11 40
91 89
120 36
74 66
19 44
44 117
99 127
99 118
39 102
22 117
14 24
48 50
20 21
75 38
90 128
24 10
31 76
12 7
106 40
90 38
11 99
15 5
80 124
126 67
51 110
97 93
64 68
52 129
16 72
12 104
82 91
101 114
113 49
96 126
43 40
108 71
122 116
90 62
98 77
16 32
82 85
20 108
100 120
81 16
38 97
26 22
36 24
81 129
53 69
125 0
35 78
100 122
99 124
9 110
29 97
23 30
29 81
45 101
53 75
14 103
90 15
75 39
23 84
4 4
59 125
46 53
119 81
84 58
96 58
35 91
25 124
73 91
81 107
117 112
50 18
96 3
117 43
65 98
55 15
55 40
77 57
77 122
120 2
14 29
119 13
28 51
32 94
102 50
9 20
95 72
48 34
11 7
13 61
5 101
63 103
52 27
95 78
75 122
108 8
21 95
14 128
43 70
55 10
101 55
57 118
26 84
111 51
34 126
1 119
128 5
38 80
104 64
45 78
26 88
90 73
70 104
32 96
109 48
123 99
91 54
46 40
86 59
103 98
88 3
126 17
113 50
126 41
51 115
109 107
105 8
44 1
61 50
120 94
123 59
48 109
128 128
21 72
105 89
72 19
43 21
112 70
48 100
70 108
32 49
110 48
59 43
42 47
127 8
43 35
2 120
21 45
26 87
119 89
34 26
63 43
35 67
77 105
91 129
59 5
47 96
89 46
10 36
102 25
74 90
46 35
20 52
118 126
86 104
99 103
88 37
70 61
114 93
35 38
34 12
67 49
94 15
124 89
69 118
11 48
93 30
121 111
80 24
82 41
9 83
51 69
67 71
10 33
110 87
43 25
91 128
102 46
102 28
105 62
99 99
115 91
106 36
5 86
73 50
111 38
84 24
31 6
94 100
36 30
123 108
106 12
72 115
31 38
15 82
85 0
116 9
82 9
71 107
42 85
3 55
70 67
117 1
67 67
57 51
99 62
91 62
40 111
90 31
35 39
14 118
80 114
87 114
128 120
8 129
122 128
40 122
24 49
128 118
104 4
95 80
112 1
65 85
8 15
70 23
106 116
74 34
3 30
116 36
114 59
90 17
58 90
7 67
15 91
65 32
50 125
28 42
94 81
47 72
87 2
66 52
79 68
45 95
61 21
9 77
116 67
129 120
40 51
32 44
34 3
73 3
26 56
34 7
88 12
57 35
30 44
120 123
61 110
3 87
17 65
115 42
115 88
84 92
38 23
21 113
100 80
95 52
44 27
39 8
42 61
102 110
62 49
23 89
17 4
105 65
87 32
33 52
111 11
127 47
119 53
110 30
94 0
14 9
76 56
43 6
100 78
35 108
79 38
92 23
72 86
60 71
59 18
78 108
88 33
123 104
126 54
29 119
65 121
118 16
68 75
78 105
91 98
69 81
112 77
1 114
99 54
35 66
18 29
83 21
101 12
91 63
27 95
120 29
72 104
70 32
85 66
71 58
128 74
54 52
69 57
106 122
29 95
106 77
46 7
57 10
29 20
81 20
56 16
129 101
84 29
94 3
64 125
121 78
31 34
79 76
67 119
18 67
0 37
25 15
7 9
119 120
116 34
31 124
75 124
50 118
93 97
27 32
86 60
124 33
57 44
86 28
24 124
77 34
119 83
69 24
28 108
129 77
76 23
7 128
10 69
23 17
38 96
8 125
128 53
55 59
58 8
24 85
120 128
11 67
55 60
91 76
55 30
117 27
123 73
68 41
52 106
34 111
42 104
4 114
97 75
12 47
45 8
76 78
100 87
71 7
126 72
80 49
52 58
109 70
41 44
125 89
33 104
11 58
66 115
115 7
83 119
106 81
70 102
64 16
101 49
90 78
34 20
66 98
80 68
17 111
38 4
5 54
69 51
120 80
115 118
119 62
127 61
108 45
70 66
48 47
15 128
92 125
118 112
87 73
55 0
95 87
57 80
4 126
51 55
39 58
28 22
76 55
41 124
92 91
101 11
51 125
12 75
112 25
49 105
71 48
7 35
110 32
43 99
118 7
128 104
84 77
75 96
114 73
77 26
13 97
74 69
128 61
120 115
27 104
115 22
17 88
64 115
15 24
110 95
88 14
16 92
23 128
27 14
14 44
62 69
118 8
127 20
75 34
112 2
8 112
108 119
108 27
90 18
67 107
0 96
74 115
49 89
75 35
89 51
38 88
5 61
105 0
99 39
12 113
28 36
0 4
52 15
9 41
13 41
127 128
129 48
126 6
119 111
82 82
80 30
68 52
128 76
82 104
116 119
78 129
23 42
88 59
102 20
116 78
123 32
83 41
13 112
105 18
75 128
128 122
53 123
74 52
36 46
102 74
37 81
53 39
125 117
32 93
21 94
20 36
100 19
65 71
15 25
80 126
60 9
20 82
105 31
68 61
59 11
56 80
123 102
86 122
39 24
65 67
100 43
119 87
76 76
17 71
119 49
13 51
35 99
83 35
30 72
42 57
33 61
68 40
100 0
87 106
94 84
14 67
6 59
1 24
95 63
14 60
100 79
121 109
101 18
29 114
85 1
59 14
115 123
47 36
7 28
59 69
66 89
30 36
16 121
90 65
38 83
38 63
63 102
9 84
47 99
80 25
104 96
76 33
4 10
18 50
129 37
27 94
125 108
129 47
63 113
107 9
114 82
45 58
40 56
2 122
16 91
46 20
120 57
111 95
58 127
52 128
56 25
44 78
28 14
71 71
46 99
21 128
32 24
22 1
4 44
54 95
5 77
107 97
70 85
105 72
37 113
94 124
35 3
110 41
65 14
50 29
1 104
59 40
2 103
60 93
123 36
18 48
30 87
56 14
58 41
42 102
86 86
76 79
17 39
35 23
54 35
104 41
31 13
24 91
117 37
51 76
81 118
6 5
116 20
104 35
7 121
100 51
34 27
45 44
72 20
68 56
124 102
65 68
64 84
121 86
79 57
23 86
82 54
9 74
82 75
128 124
103 62
30 112
15 75
109 34
81 12
37 120
110 45
71 49
29 37
70 45
67 111
124 127
10 25
48 35
28 50
93 76
3 99
21 66
93 17
46 60
66 22
87 127
17 77
98 1
55 103
121 2
19 46
82 87
19 70
65 96
100 82
98 125
86 105
26 92
55 52
54 71
114 27
17 25
115 2
85 84
88 25
18 121
60 39
95 70
22 106
33 109
61 61
111 102
96 57
60 56
100 53
89 86
106 126
62 2
60 68
122 93
57 41
26 11
120 6
97 17
77 118
104 129
27 129
67 121
13 64
100 8
42 25
102 72
94 113
55 58
81 100
46 48
68 91
44 120
115 96
22 6
0 80
22 119
88 62
54 26
21 71
72 76
51 43
62 105
3 53
99 40
49 22
10 88
9 72
126 96
22 111
106 119
112 48
21 103
97 33
120 104
129 43
48 2
4 43
108 23
55 2
96 25
8 76
79 120
115 52
78 12
2 104
75 0
71 33
53 112
112 64
123 74
83 66
26 13
29 112
43 8
61 95
19 0
102 52
63 50
84 11
63 119
98 75
30 102
34 35
6 8
78 114
73 86
122 62
65 66
93 60
50 24
23 62
44 16
36 10
48 128
37 17
112 31
21 29
26 69
12 13
26 15
110 56
106 115
93 22
57 47
41 12
45 90
5 43
84 3
28 24
49 121
6 32
89 32
126 83
44 105
94 47
38 12
75 20
108 59
56 35
112 84
71 26
116 16
32 41
62 73
102 58
72 102
120 24
0 64
24 37
115 6
53 5
109 62
114 64
108 93
47 65
112 37
47 27
103 78
32 14
127 118
110 17
101 24
30 63
111 3
74 46
108 96
64 48
10 52
84 102
84 128
50 2
42 16
53 104
118 61
124 6
84 73
57 60
36 31
16 3
31 47
5 92
87 90
2 43
40 89
53 32
45 28
102 16
61 100
54 108
44 41
20 20
49 21
29 73
3 119
13 20
94 86
113 55
48 97
93 47
19 117
45 125
39 123
83 32
12 35
67 18
66 75
96 61
78 5
88 48
94 93
22 60
41 123
22 19
115 113
85 45
28 88
28 38
103 63
12 65
35 22
77 4
73 0
101 48
102 81
37 71
110 52
19 21
110 36
99 93
75 74
74 76
51 108
123 3
81 92
85 10
26 51
50 62
65 113
78 59
87 78
98 74
110 117
81 49
113 9
81 2
43 43
6 4
112 43
79 55
76 48
29 102
57 42
113 123
28 56
42 20
56 78
118 87
106 60
108 9
63 97
58 113
63 107
105 100
87 110
4 101
37 13
99 107
110 35
50 94
57 129
103 45
118 100
10 51
108 50
96 26
58 46
50 80
88 91
40 57
57 66
61 4
47 115
30 34
62 82
69 80
114 22
12 16
127 107
33 86
89 28
21 41
50 103
92 99
48 55
113 3
49 117
17 123
77 102
75 102
10 55
62 90
33 73
115 69
30 16
101 71
129 112
105 55
54 98
12 49
60 13
71 25
111 24
65 86
10 115
54 72
48 111
129 91
42 75
6 43
26 2
66 124
69 113
34 71
12 82
85 104
77 59
74 117
41 90
3 118
88 35
83 120
27 28
19 39
76 87
2 78
84 115
79 71
60 85
122 64
93 12
107 70
109 98
19 104
40 88
68 117
118 59
47 33
4 129
129 52
28 65
16 106
49 88
31 32
115 94
5 13
75 31
87 102
55 32
104 59
117 10
40 31
124 119
120 113
120 48
35 109
66 45
129 110
18 126
61 87
124 40
14 6
114 49
98 104
86 100
13 15
97 47
99 125
38 48
46 22
114 127
74 21
65 84
41 35
104 16
73 43
49 129
124 45
78 13
56 85
28 101
14 37
44 42
88 125
25 128
78 127
68 53
3 8
65 110
126 108
66 129
121 91
89 104
22 92
37 51
92 110
102 68
127 65
128 75
28 43
42 5
112 85
105 70
10 49
17 9
12 94
32 128
18 24
16 31
21 70
71 75
59 87
110 70
101 93
31 128
3 7
9 42
58 38
123 29
29 23
39 55
108 80
109 24
65 74
69 88
61 30
6 96
82 103
94 11
119 94
115 37
50 5
124 69
10 57
20 13
59 70
74 17
57 29
17 14
126 29
71 116
122 9
111 123
36 90
75 104
128 2
39 42
124 12
62 100
92 119
16 52
59 85
28 113
66 56
30 58
112 110
71 77
63 13
101 85
11 92
1 17
117 110
61 105
2 106
46 79
89 22
85 59
2 117
25 94
24 101
25 1
59 75
48 45
126 3
6 84
117 93
7 80
43 115
127 6
30 74
12 44
49 108
79 129
73 49
80 99
91 70
30 70
129 54
71 108
122 13
5 88
102 87
82 98
50 92
22 21
127 76
15 119
32 100
45 26
3 120
44 10
101 0
51 122
18 2
69 58
112 6
77 113
2 35
60 69
51 12
16 10
42 122
91 14
103 113
9 37
89 64
114 6
62 16
81 113
1 63
55 118
101 113
28 99
81 60
65 112
54 105
105 4
26 117
31 117
116 25
16 69
9 7
106 18
33 66
1 11
44 70
70 111
48 68
32 13
105 45
29 94
6 99
93 6
52 117
4 58
105 120
117 4
102 75
13 54
117 88
117 67
117 19
5 53
23 113
103 102
1 81
59 78
15 23
78 38
63 27
112 62
44 118
71 76
22 110
55 19
6 113
88 71
3 54
29 52
72 12
81 77
24 48
125 2
35 88
95 93
9 28
29 92
81 95
53 122
21 15
129 81
109 17
36 34
60 11
31 100
86 92
126 18
26 103
52 33
109 31
109 119
111 106
116 76
79 81
90 26
49 68
58 68
74 14
80 69
12 110
16 125
93 35
52 65
125 34
13 32
99 85
127 67
51 111
22 118
49 85
71 80
3 84
107 25
68 14
1 20
42 93
6 28
29 0
108 17
20 38
124 71
80 37
47 48
19 28
100 40
28 124
44 40
97 23
120 10
86 110
122 105
104 56
129 122
57 67
22 33
82 117
26 77
55 110
0 10
34 42
32 42
33 22
80 113
23 47
108 51
5 55
52 120
101 78
35 57
82 122
112 54
115 47
10 18
68 35
126 35
106 54
110 107
126 52
1 40
10 73
49 33
118 76
128 94
75 52
107 127
100 64
103 30
39 9
112 32
117 96
80 95
29 22
60 35
42 111
91 57
38 30
127 31
98 105
38 49
88 34
66 77
123 20
78 82
85 39
36 37
53 115
55 101
33 105
115 121
95 127
36 4
120 56
47 45
95 109
71 93
49 119
34 57
94 55
21 69
75 103
29 31
23 49
13 125
30 61
20 92
114 13
77 50
60 117
120 97
48 14
58 79
14 25
107 120
37 98
78 120
48 129
99 34
74 8
87 9
44 63
37 104
104 119
107 117
51 90
62 33
45 0
45 47
6 0
61 74
89 106
72 53
43 92
68 103
89 43
93 61
15 78
37 37
122 67
35 28
45 128
129 78
32 80
15 0
15 2
56 122
74 100
33 8
19 115
97 62
102 104
23 35
54 69
70 1
109 65
129 30
35 98
17 74
64 122
99 98
91 120
77 79
30 30
125 75
53 35
71 126
68 107
114 96
105 126
69 15
75 90
96 4
113 83
41 98
74 101
119 55
119 61
19 99
7 102
114 25
117 62
16 7
86 76
124 64
104 110
125 21
86 41
119 97
32 69
15 118
21 12
61 38
30 85
47 76
74 63
10 16
101 20
16 1
46 67
9 88
50 106
21 120
76 11
61 69
82 0
73 101
42 56
88 56
92 54
104 114
39 107
39 126
17 0
24 114
1 112
83 83
65 10
12 85
8 78
4 86
88 85
34 50
53 92
54 50
9 4
72 77
68 36
11 107
79 73
71 86
73 26
11 120
100 59
55 18
83 118
75 71
4 87
78 102
50 81
63 20
44 11
59 112
91 20
99 83
94 7
51 34
75 16
128 49
26 59
97 77
4 56
91 117
98 32
61 81
2 100
19 4
120 33
77 58
9 25
68 17
27 87
12 76
61 107
123 11
117 81
91 79
116 17
92 24
15 42
49 93
122 58
87 63
92 37
55 108
103 59
47 6
43 1
99 116
17 58
32 10
16 129
27 24
105 95
44 88
56 90
0 5
102 106
9 111
48 94
84 50
71 66
29 10
120 72
48 101
26 1
53 98
112 17
76 91
118 113
4 111
13 117
69 16
96 5
27 7
48 90
119 63
53 85
11 6
52 110
20 106
87 120
77 108
106 117
112 19
57 52
100 73
18 35
98 13
8 46
106 30
117 115
84 90
76 92
83 65
12 87
111 32
22 63
14 23
61 86
36 103
122 15
98 123
59 16
60 109
30 21
55 27
28 103
26 48
101 57
39 11
61 9
45 35
2 119
76 12
118 83
84 48
27 41
54 17
128 107
108 118
107 61
65 72
98 99
3 18
40 106
120 71
125 107
12 122
48 11
81 105
34 123
56 87
77 56
55 87
111 63
121 11
91 86
20 17
5 114
87 115
75 120
85 68
10 30
30 97
95 23
105 10
30 22
122 10
46 21
91 7
8 42
59 17
53 101
109 11
27 90
125 7
115 125
36 89
14 11
71 95
105 90
67 80
112 42
92 115
78 113
99 77
61 120
53 6
23 117
93 52
58 103
64 107
31 59
40 34
37 93
45 122
20 40
126 22
7 23
63 3
104 9
127 5
109 50
71 87
110 29
120 8
49 95
81 108
5 97
67 59
106 59
109 56
1 68
0 14
62 103
122 4
101 99
25 17
119 79
124 21
39 118
22 126
111 121
7 81
114 53
5 80
121 0
107 122
52 8
34 99
58 22
17 10
100 62
17 49
107 106
16 86
96 14
27 70
9 30
45 22
2 64
30 54
23 114
43 75
128 85
52 83
36 52
85 113
45 106
38 16
67 1
4 61
122 111
8 96
34 10
83 10
66 61
36 39
57 124
13 84
91 99
65 39
16 127
46 122
75 17
100 117
129 62
79 110
98 35
68 33
3 14
64 120
63 48
75 126
106 49
57 12
69 33
44 31
50 8
64 30
26 90
41 125
28 32
95 33
99 106
109 33
73 116
127 75
119 91
44 19
100 91
125 126
58 87
14 58
46 46
9 22
83 78
88 17
31 17
58 53
21 23
66 36
35 30
111 96
83 59
95 37
97 4
90 120
119 128
21 56
25 102
54 110
57 76
13 88
3 110
2 70
87 85
61 39
11 11
29 109
63 28
67 48
87 105
7 25
93 111
10 63
23 53
114 78
15 115
116 51
86 22
84 118
12 102
80 71
117 108
92 76
64 64
6 19
90 76
20 75
65 33
101 35
85 38
76 99
43 108
45 75
67 96
5 63
90 99
115 89
26 62
9 2
127 17
121 120
1 110
115 36
108 48
83 12
6 106
44 86
117 45
9 16
8 27
38 22
7 94
63 67
124 49
12 5
128 82
38 2
45 37
116 107
65 3
66 85
125 18
23 28
99 17
53 7
92 43
63 116
64 114
20 56
14 95
103 112
20 48
40 8
55 43
105 94
61 42
26 18
97 109
62 46
31 118
70 81
73 82
96 51
83 22
77 110
61 1
35 105
85 100
59 99
79 18
117 128
85 43
25 44
116 74
19 55
86 26
118 36
51 13
82 59
69 62
104 92
15 34
60 74
103 33
12 66
86 83
31 7
66 76
3 122
119 70
85 108
40 116
103 124
96 107
5 19
42 90
86 36
20 104
10 107
14 102
40 2
11 105
30 64
78 104
70 114
68 114
121 50
126 82
53 17
64 22
11 19
13 128
44 32
53 118
108 25
10 2
91 115
2 79
109 12
87 23
29 33
121 79
9 108
110 64
26 110
15 81
118 121
107 76
40 54
98 98
12 106
27 13
46 5
112 82
45 49
105 51
42 80
30 15
0 118
85 54
84 96
6 66
86 113
34 115
35 41
118 69
43 61
85 74
129 116
42 83
118 92
129 87
49 87
56 121
59 30
68 111
7 123
120 105
6 35
96 10
92 29
18 81
54 128
68 9
8 35
42 41
109 120
12 38
65 108
107 59
9 1
71 35
77 40
110 33
22 62
71 6
40 110
8 56
20 94
127 111
123 61
39 125
11 64
5 52
121 46
104 34
63 11
51 117
31 54
123 62
80 84
27 34
93 71
73 59
44 111
76 30
50 96
73 66
82 118
27 51
18 11
19 94
124 111
26 71
34 60
85 21
26 8
69 67
106 109
90 114
121 112
34 47
14 41
90 39
37 61
46 107
18 58
52 29
112 121
69 107
47 102
48 42
119 125
107 85
63 42
54 10
110 11
8 58
49 82
51 26
70 128
76 0
79 122
34 67
49 44
111 12
11 65
115 92
56 129
104 53
120 30
119 123
20 118
124 112
113 25
77 27
128 21
105 66
120 88
42 45
121 12
95 85
124 77
126 81
69 48
0 58
123 83
44 124
64 53
67 69
97 120
98 22
69 42
127 22
20 25
53 72
109 116
111 18
9 68
8 33
19 93
8 60
105 13
74 36
121 96
75 8
96 101
40 109
62 5
100 111
33 42
25 106
122 124
19 26
92 47
127 117
27 86
56 47
30 113
27 40
36 88
126 2
43 84
82 3
30 101
102 5
108 99
129 107
84 5
115 116
90 97
92 67
74 85
41 68
46 41
3 95
96 64
54 8
68 69
85 125
108 58
26 91
63 86
7 103
29 76
39 18
17 34
126 28
102 105
23 33
31 86
69 124
100 23
115 34
49 65
15 20
13 71
97 111
75 115
127 37
119 66
41 97
56 98
40 22
82 128
79 77
30 68
61 47
32 110
6 12
32 74
84 22
48 122
21 91
57 63
80 88
88 98
19 54
62 86
67 102
102 69
129 71
5 129
52 88
6 16
24 57
17 95
0 103
48 4
7 36
31 129
64 103
115 86
22 40
109 36
12 39
74 81
63 70
89 3
127 92
102 124
31 91
113 31
56 64
101 26
51 31
70 44
29 122
14 7
122 46
72 81
50 41
17 45
53 100
16 95
115 103
58 88
0 42
33 91
117 94
89 122
74 124
38 122
65 46
48 46
49 0
19 10
112 0
10 67
18 87
9 62
4 127
122 55
60 36
52 47
128 101
32 127
84 61
17 128
77 81
28 26
56 8
84 37
77 86
35 36
111 58
120 27
72 34
58 62
4 42
116 126
111 82
114 83
8 7
63 77
55 45
120 108
101 92
5 104
24 66
125 71
34 23
91 46
2 94
121 44
52 48
125 41
20 71
14 32
102 60
78 3
28 15
5 42
59 109
118 63
77 76
105 54
84 81
94 53
69 53
74 12
41 110
52 109
116 123
115 120
12 112
77 103
101 22
16 74
72 47
55 41
6 71
121 77
77 20
24 129
87 54
128 14
8 25
27 84
36 43
40 92
48 57
22 41
111 94
52 90
4 90
53 49
71 55
26 27
71 82
97 9
90 34
117 109
35 37
93 117
1 28
46 89
74 40
37 129
120 66
14 10
47 37
63 1
17 3
87 45
121 29
102 96
10 100
116 40
16 80
36 116
76 128
68 105
125 26
123 106
70 55
22 112
113 48
81 69
80 16
30 48
3 9
123 92
4 22
70 118
100 129
35 121
17 32
118 127
110 53
10 91
90 58
35 86
65 12
48 10
63 87
100 31
22 66
113 90
41 93
21 39
102 37
4 26
23 116
51 4
52 56
74 94
14 31
70 18
70 58
94 65
59 22
119 5
16 49
61 77
99 52
101 56
61 89
9 47
77 117
59 96
26 41
6 105
92 56
21 65
59 56
35 48
75 33
85 34
39 65
58 63
103 82
112 23
120 20
30 39
27 79
6 101
2 38
8 74
34 34
46 61
128 27
49 1
12 54
79 13
18 127
108 63
22 52
9 5
19 32
96 115
76 105
57 128
79 121
45 80
126 58
36 84
2 76
25 70
92 49
88 78
110 123
45 66
13 89
116 5
74 31
67 37
78 25
44 85
111 60
55 28
58 124
4 74
45 16
2 72
32 125
18 37
86 70
96 7
10 19
45 25
66 19
53 73
78 78
42 99
77 1
78 68
6 27
8 84
120 111
19 12
27 47
32 120
93 46
47 13
12 68
24 75
117 121
68 123
72 112
56 53
10 118
96 120
83 101
101 39
69 123
75 41
90 126
11 39
63 57
47 97
12 37
16 104
61 17
113 8
86 39
9 24
96 89
87 39
32 126
122 69
124 109
126 43
45 32
104 95
12 3
58 7
66 97
26 4
127 114
98 16
87 91
17 48
49 38
5 105
35 129
3 67
79 31
114 34
76 49
39 32
94 111
129 10
89 5
112 30
23 37
110 12
10 53
15 89
36 26
6 75
37 105
7 65
69 106
114 88
97 53
111 109
61 124
111 129
50 6
77 48
45 87
30 10
59 24
34 82
108 46
51 38
54 63
97 18
119 113
31 87
62 19
101 2
83 86
63 45
86 72
119 69
109 103
7 64
42 9
52 35
92 39
100 115
15 73
122 35
15 45
5 9
37 2
36 113
60 105
99 104
86 15
24 76
49 74
57 109
22 121
119 20
125 111
123 43
81 127
52 31
67 40
72 13
30 67
84 123
9 96
14 92
84 85
31 109
43 24
95 118
89 50
118 98
20 113
87 40
110 98
75 81
50 117
70 125
56 61
99 45
17 12
32 32
5 108
53 79
6 87
1 16
128 65
47 120
83 127
26 45
112 74
6 74
76 71
66 101
88 101
85 57
21 52
71 69
39 53
115 13
110 88
61 66
60 25
108 16
65 52
39 62
66 107
99 84
69 17
98 62
112 68
79 36
18 28
81 30
129 70
60 14
47 128
41 127
86 33
20 110
49 128
2 101
43 91
121 26
106 71
26 119
17 86
62 22
76 27
73 64
29 67
91 10
38 118
22 84
26 104
21 5
2 65
3 6
106 95
120 117
69 129
23 109
88 100
19 34
13 85
31 9
122 108
115 68
57 13
3 13
111 36
119 12
95 115
106 27
56 17
112 122
73 96
102 90
100 55
100 97
34 86
118 97
34 97
1 71
107 87
10 119
55 35
21 31
56 118
19 82
53 68
1 75
61 122
72 118
105 9
88 86
45 19
36 71
109 39
29 8
56 91
115 31
21 38
39 74
21 7
116 37
13 31
62 15
11 44
54 84
21 117
68 42
97 45
14 43
76 13
69 70
50 31
62 60
60 55
64 40
77 101
14 42
116 41
86 124
103 125
35 64
55 55
88 55
72 117
56 63
19 30
49 64
94 114
60 99
93 110
24 125
64 41
20 66
49 113
48 43
58 109
95 28
78 22
65 125
15 33
81 35
20 129
83 17
126 48
41 48
98 111
22 67
55 8
105 67
6 6
72 49
86 18
121 119
42 73
114 85
71 67
125 33
22 94
81 76
111 107
79 10
45 51
114 66
64 1
3 85
94 102
7 54
110 23
45 33
120 95
121 107
17 36
93 129
125 42
36 21
5 58
37 40
104 54
23 83
0 1
88 94
31 96
61 128
118 29
12 43
14 109
0 101
63 106
38 21
36 62
38 94
4 39
19 18
63 34
42 37
5 47
13 108
51 68
12 101
0 61
55 88
97 74
1 97
15 66
78 32
64 32
105 19
16 126
13 119
56 13
23 46
67 65
44 103
13 53
80 125
7 72
24 0
42 87
116 23
105 32
115 16
82 10
74 74
98 48
117 31
60 126
8 45
40 37
93 88
33 12
32 36
56 33
111 89
36 42
126 79
6 108
102 85
116 32
69 39
5 2
18 19
70 73
35 111
85 77
70 98
105 88
55 66
108 41
74 99
40 35
30 45
82 35
42 43
25 40
127 99
106 21
84 28
0 81
91 87
97 56
37 118
6 121
126 60
60 6
123 110
97 11
78 87
23 25
24 56
9 3
73 89
71 50
117 24
13 77
114 11
67 83
54 58
19 3
78 45
127 78
70 0
87 47
21 102
75 79
11 114
65 87
40 123
73 41
83 7
14 12
105 41
27 4
82 102
32 117
105 26
11 117
29 53
4 3
119 0
52 50
67 13
74 80
119 51
12 23
110 129
84 54
57 99
44 95
80 22
41 36
28 4
98 65
6 98
13 120
122 34
46 3
72 27
48 59
95 112
29 14
120 38
29 70
83 110
40 118
24 87
123 31
116 59
28 3
9 6
28 129
41 76
89 90
81 46
3 38
17 53
115 81
65 106
58 15
129 35
95 88
52 91
64 75
44 2
70 14
19 63
79 40
90 68
58 21
58 107
49 104
81 44
43 101
45 94
97 60
71 62
10 1
26 16
68 79
4 62
2 89
56 42
94 34
35 103
60 58
54 118
106 14
100 18
33 34
69 3
19 41
88 52
25 34
69 116
2 75
102 10
114 67
122 21
10 68
54 16
113 127
39 21
32 57
45 111
98 17
89 98
8 63
120 74
31 101
40 55
11 96
36 60
128 109
114 62
87 28
117 98
5 60
85 48
33 26
38 15
18 0
69 114
29 64
27 126
108 12
54 12
64 55
74 89
104 62
85 7
5 87
47 101
124 19
113 40
102 3
107 22
15 60
121 87
19 79
127 129
129 61
7 8
41 32
92 122
124 27
63 39
116 101
4 23
26 121
125 23
39 84
8 37
7 110
102 111
122 91
28 27
105 109
113 68
19 6
107 118
2 20
63 10
15 35
65 97
87 16
8 111
74 58
21 100
119 115
11 125
101 68
14 101
62 124
101 82
47 43
66 65
87 26
45 57
80 118
18 6
127 60
65 105
44 92
18 82
92 44
53 60
40 11
129 65
63 118
2 115
17 92
17 1
123 76
109 128
11 25
126 84
115 128
47 25
96 72
126 19
79 109
119 29
47 1
104 28
43 52
62 106
8 31
103 1
105 85
120 3
54 111
81 50
7 113
10 27
10 46
0 27
76 88
10 96
46 8
37 64
75 62
40 49
112 63
45 39
58 78
91 123
11 101
69 11
113 72
107 115
30 71
80 44
109 38
6 82
96 84
63 120
60 106
113 47
121 125
29 45
109 111
126 61
89 99
63 51
32 103
44 43
41 3
40 77
10 87
97 31
111 126
61 70
47 114
65 78
61 71
7 49
65 5
35 17
13 83
111 92
109 51
127 7
119 15
19 100
65 16
24 86
57 34
16 83
82 84
95 61
98 63
101 111
81 88
101 10
49 124
81 124
115 54
56 112
39 115
75 54
91 85
72 52
56 94
55 112
122 99
59 72
53 93
122 65
59 91
22 14
63 25
116 95
36 11
54 114
11 1
86 118
2 63
96 1
10 84
110 96
85 89
7 32
14 13
20 64
51 25
8 121
95 92
54 99
40 27
110 75
65 21
40 0
27 22
71 31
7 27
14 28
62 111
27 77
91 112
90 48
13 102
100 102
110 85
55 20
116 2
45 48
61 0
75 43
4 40
71 120
29 121
21 86
33 80
125 102
31 62
24 34
18 54
84 101
68 112
64 90
11 70
20 93
90 89
59 39
95 120
18 1
82 108
54 100
79 14
75 84
13 19
24 59
9 44
60 16
121 123
5 127
90 19
86 74
30 83
15 32
2 22
51 82
128 39
79 34
0 78
2 116
97 118
54 129
58 59
46 103
40 43
35 1
16 11
103 90
10 82
3 89
61 57
4 34
80 85
72 6
94 2
30 55
4 64
105 69
84 23
54 127
119 34
92 106
85 44
60 90
54 29
90 56
126 109
89 29
18 38
90 116
35 35
109 121
69 89
114 60
102 94
128 79
74 0
30 57
114 129
113 128
85 51
101 77
93 4
2 7
105 78
9 17
88 32
9 113
125 87
36 7
126 89
101 34
5 115
24 4
48 37
111 28
43 124
101 58
6 49
11 80
114 52
57 33
40 90
121 115
120 52
126 38
39 2
12 93
111 86
94 98
51 35
0 115
3 41
113 65
62 17
63 64
48 60
72 105
99 38
27 30
27 73
117 20
60 80
125 120
110 84
7 10
125 6
63 101
106 102
62 64
127 91
17 103
43 65
32 89
8 94
124 106
27 15
127 23
115 24
123 55
66 12
127 36
56 96
3 26
77 62
84 68
103 100
96 95
115 115
3 70
57 49
78 55
26 17
56 124
1 90
102 17
60 113
93 123
111 16
45 81
62 1
79 66
33 18
113 81
78 28
21 112
83 80
51 42
50 129
35 9
119 96
68 47
89 97
75 37
46 15
10 89
47 78
83 125
27 58
10 74
83 91
101 118
32 113
125 118
67 57
36 66
103 47
38 106
75 66
59 1
79 104
66 105
79 114
129 102
79 15
48 92
33 28
63 123
86 103
122 118
85 36
57 61
122 60
40 74
96 41
23 16
5 31
87 57
70 89
80 58
59 57
18 118
49 78
98 20
8 79
103 64
95 65
91 58
24 47
5 59
22 36
117 102
113 13
37 56
36 53
44 125
61 96
111 119
63 100
97 49
13 8
94 52
23 111
51 32
82 77
66 40
92 126
65 128
59 10
1 53
86 63
64 93
68 129
126 120
80 5
45 64
14 40
60 1
46 4
23 76
72 7
25 9
36 14
36 118
43 111
66 72
57 117
54 70
5 69
1 121
129 50
102 59
62 14
32 99
85 105
59 104
24 63
110 99
114 111
55 68
63 73
66 34
32 112
90 2
116 24
76 80
66 11
120 4
47 10
85 99
10 122
25 118
68 125
93 90
36 125
122 87
96 31
78 70
99 97
13 67
119 126
84 27
111 85
90 29
92 107
39 1
60 86
78 119
89 9
83 108
80 67
16 76
22 38
10 26
88 57
44 38
43 37
59 45
11 50
26 42
113 78
124 96
31 36
4 80
72 57
96 104
56 12
36 85
7 50
103 32
97 66
38 99
114 23
67 68
81 47
90 123
6 80
1 5
3 116
37 33
110 115
49 59
110 122
2 54
0 94
44 91
49 5
1 55
19 25
78 81
27 39
117 89
30 66
10 10
127 85
46 54
23 67
83 95
106 43
96 103
109 115
14 47
128 70
60 5
12 118
29 13
84 82
104 0
44 60
20 89
15 36
123 38
28 94
47 67
104 61
92 36
32 11
95 45
88 74
21 99
90 85
58 71
43 127
41 11
11 76
129 124
99 11
70 93
122 24
21 0
11 90
20 11
9 104
115 109
24 6
40 41
42 86
121 99
78 125
124 2
70 21
19 20
114 16
10 66
35 18
33 65
113 26
109 9
50 115
71 45
27 96
18 84
79 115
37 15
78 34
32 108
117 95
50 119
74 75
97 123
114 55
28 127
33 70
111 116
41 82
124 32
98 52
113 61
0 8
85 101
112 18
125 78
1 46
23 70
66 121
24 36
27 71
106 7
111 52
45 20
32 109
121 37
46 6
64 42
100 121
83 1
88 118
42 3
20 54
32 60
22 53
29 4
26 70
106 118
77 22
122 88
7 55
60 77
1 43
48 58
89 34
109 59
83 11
7 79
95 41
77 61
69 92
39 93
83 121
47 49
72 36
51 94
64 91
73 14
19 14
68 108
125 52
100 99
61 51
106 47
62 88
46 90
118 39
13 36
50 57
22 125
42 8
120 31
52 95
52 94
112 97
4 102
40 62
20 107
74 104
29 96
124 70
123 47
124 79
34 30
72 111
14 2
122 30
107 17
91 111
106 112
28 111
14 96
80 11
116 94
114 77
116 53
69 94
89 94
69 37
120 81
103 105
4 113
17 120
98 73
18 40
25 109
94 121
22 79
107 52
109 44
110 19
20 105
38 86
30 78
16 116
97 25
12 48
72 50
95 126
27 23
78 47
21 61
52 23
126 47
10 83
42 14
93 91
23 122
43 33
36 18
129 56
60 7
57 126
11 51
50 91
102 33
117 100
37 115
12 71
100 1
102 45
11 69
21 127
110 43
32 35
60 73
103 35
55 22
12 31
40 3
41 108
109 64
106 39
96 63
19 17
16 102
0 35
9 114
29 66
78 88
36 70
100 123
76 3
81 51
49 122
9 100
29 127
31 39
83 23
105 2
60 28
0 57
4 76
22 109
22 68
84 108
75 95
61 7
62 78
15 56
86 129
35 119
95 84
76 110
80 70
105 99
42 124
44 28
86 0
9 102
87 11
37 92
126 16
86 65
16 57
64 5
107 12
10 78
9 105
0 9
100 12
5 111
59 88
100 101
47 124
59 59
37 116
32 33
95 10
120 116
98 80
63 32
23 82
103 66
45 62
4 83
73 32
29 43
42 2
92 30
115 4
105 34
58 33
42 60
8 72
50 66
47 47
69 73
28 61
89 81
87 52
84 110
50 64
29 108
89 114
95 51
22 57
61 2
22 127
82 63
73 17
81 78
88 30
30 124
110 105
61 112
77 47
100 116
75 12
27 76
76 112
94 69
42 52
70 54
32 107
119 72
5 117
53 21
90 87
124 34
21 24
44 67
111 122
106 1
57 106
101 3
0 112
35 47
23 94
6 93
91 83
8 41
101 121
44 53
76 101
107 39
23 129
92 102
15 76
84 72
75 116
91 102
90 100
52 5
60 122
49 15
123 18
59 98
125 122
71 2
53 70
36 15
33 96
118 73
98 91
83 114
128 87
100 33
43 44
44 49
40 60
2 28
54 41
34 68
75 32
87 65
127 29
57 62
81 14
21 114
3 17
52 59
30 118
118 104
44 3
70 6
73 104
14 85
4 1
47 46
128 105
62 113
54 86
73 21
48 105
110 74
64 129
84 56
115 71
28 64
15 90
21 77
25 122
54 68
101 51
37 60
92 113
67 54
61 44
109 77
99 114
92 69
6 11
41 74
15 57
45 18
98 87
22 78
31 42
19 1
20 115
32 85
47 29
42 77
89 73
35 46
68 60
104 93
113 54
41 20
125 77
124 8
36 16
3 79
28 34
104 80
69 34
39 7
25 32
53 66
9 36
39 4
55 80
117 126
27 108
87 43
64 70
4 100
78 71
66 62
3 73
11 4
40 39
75 5
55 113
62 97
22 12
27 106
78 44
112 26
77 6
83 47
128 64
122 38
101 31
79 17
122 102
109 47
31 45
52 78
2 107
24 60
20 79
70 50
129 22
0 84
87 68
38 13
11 41
102 84
27 91
54 30
39 76
51 54
96 45
102 7
95 34
70 52
60 87
122 27
117 82
117 69
11 33
126 31
5 73
124 116
112 107
103 122
112 93
82 64
85 28
56 71
20 34
22 5
23 0
117 97
113 70
98 66
61 20
107 16
53 41
106 29
88 113
53 97
51 44
23 11
54 123
40 65
81 103
9 19
52 4
92 100
99 113
31 5
23 31
42 6
99 51
102 55
69 21
22 16
7 11
62 117
76 61
29 38
10 104
50 33
109 0
70 109
27 42
121 81
82 16
58 34
91 36
82 22
35 5
76 77
77 115
23 97
38 39
74 29
92 89
87 34
73 94
84 80
26 100
39 128
75 15
74 10
57 16
20 91
104 104
109 23
98 110
117 42
94 12
16 85
103 17
21 44
39 82
86 81
5 56
11 45
89 118
71 99
126 12
79 79
37 83
22 87
122 127
35 122
41 26
70 65
79 29
100 16
28 83
78 2
46 92
92 123
28 92
109 124
71 23
115 19
11 46
3 2
81 99
116 8
50 73
20 32
13 81
93 78
67 63
9 32
55 13
38 58
116 7
73 19
74 23
126 37
70 3
55 99
76 21
94 97
1 18
100 56
24 41
118 122
47 14
84 51
89 103
30 43
95 129
79 83
56 58
93 54
122 53
126 34
53 43
79 119
41 88
66 55
95 121
85 71
45 56
100 60
127 45
31 29
80 35
12 29
96 118
53 125
38 28
44 72
127 105
97 13
104 31
41 50
75 23
22 28
104 127
67 28
118 47
107 116
50 30
32 31
16 19
103 117
112 75
49 25
34 6
4 122
5 83
68 32
4 69
32 79
105 40
91 26
104 40
97 89
9 38
66 103
67 106
43 69
118 38
0 11
29 120
4 49
48 56
21 80
127 74
128 119
53 110
125 113
89 55
19 72
60 57
111 113
110 125
13 126
26 80
2 5
22 51
84 17
112 7
121 56
20 111
63 83
8 100
6 34
11 24
110 1
124 68
17 44
121 100
108 5
36 58
40 23
117 72
42 96
85 92
56 82
92 9
23 91
9 43
33 59
48 106
102 35
19 110
65 43
81 59
59 13
60 49
120 16
15 80
107 84
83 122
66 60
29 28
63 0
100 49
6 41
124 87
39 12
78 122
14 1
56 114
65 36
102 123
110 9
120 1
50 123
118 30
116 15
5 50
50 74
30 46
66 111
108 55
80 36
99 1
48 91
127 13
44 69
2 73
2 16
74 127
59 60
20 12
36 74
72 80
74 64
32 129
27 75
116 91
84 41
40 126
79 49
77 94
47 0
44 30
17 57
23 74
65 69
60 72
56 48
104 27
56 106
83 123
49 90
23 51
15 37
2 42
65 127
94 96
15 10
51 58
105 79
16 21
28 120
57 125
8 108
91 22
40 69
72 51
23 107
39 86
75 119
86 102
126 26
66 23
43 32
88 18
118 109
86 46
29 46
120 61
68 27
8 49
63 74
120 14
118 20
86 10
116 49
87 58
117 3
3 105
83 72
57 68
1 22
79 116
46 11
128 7
95 116
114 44
61 65
75 68
98 34
111 91
3 80
46 113
112 92
84 129
92 4
37 74
93 42
65 79
45 29
10 43
56 27
95 123
93 3
46 112
20 78
60 31
23 13
26 107
107 66
55 1
0 114
122 75
0 13
98 18
79 0
35 84
59 47
77 90
13 90
81 85
35 33
64 74
108 86
37 90
93 101
109 35
36 112
8 75
127 14
1 111
24 16
61 37
81 120
51 19
26 43
117 71
35 8
99 128
42 23
99 8
53 18
23 93
58 102
46 32
41 2
102 98
92 86
21 28
78 93
33 128
56 100
112 21
129 9
79 85
77 91
76 46
64 19
71 14
103 101
36 48
56 67
59 31
67 99
40 102
111 55
71 115
117 2
15 69
90 81
41 39
24 51
2 27
118 118
48 53
87 36
57 48
2 13
94 44
101 27
34 15
93 45
7 120
54 122
129 79
21 110
106 8
77 99
98 100
22 10
20 83
42 105
124 0
97 116
43 15
4 27
125 19
80 127
120 59
57 69
22 13
112 60
14 86
127 33
83 60
25 7
93 109
20 49
28 75
125 12
121 58
8 64
44 73
85 111
64 124
111 127
51 73
72 73
33 113
87 122
106 32
78 126
41 56
44 57
55 76
94 71
43 45
88 54
110 83
80 51
104 65
36 2
127 32
32 15
86 68
49 126
32 102
4 51
119 105
18 114
22 58
73 10
127 44
53 46
63 112
77 124
89 110
50 15
23 115
24 71
93 18
58 42
8 119
1 67
21 22
99 71
91 3
109 80
53 82
77 46
112 55
11 37
7 83
71 22
97 52
101 109
37 48
14 27
118 28
88 63
49 72
59 110
111 79
45 89
87 79
11 78
47 18
5 66
102 22
90 41
39 113
51 87
8 101
59 3
114 90
118 95
74 125
61 73
89 38
2 82
15 99
120 103
85 55
47 44
27 121
14 74
60 4
102 86
26 35
71 27
93 26
66 114
61 35
120 126
1 50
117 129
34 62
29 126
122 61
31 67
25 79
75 57
28 126
74 93
82 101
99 126
2 15
32 55
129 109
18 70
68 49
18 16
56 81
15 8
112 81
103 38
49 8
7 45
71 44
82 33
54 96
126 55
99 42
122 83
93 94
0 38
109 27
68 121
127 70
49 66
89 4
67 93
33 125
105 87
81 37
97 26
78 106
12 42
45 17
84 114
60 129
23 36
3 58
115 17
84 67
87 37
57 110
35 76
45 72
35 34
95 11
34 89
31 107
74 107
80 38
62 68
101 67
112 123
0 25
4 121
122 54
53 44
117 92
16 41
114 71
42 112
33 4
19 45
111 59
121 73
79 12
63 41
7 117
82 15
45 115
108 88
22 56
121 59
114 68
41 122
48 126
108 7
30 27
41 16
94 14
116 21
72 21
66 57
104 111
59 26
57 36
58 3
41 53
15 86
120 34
18 10
91 78
76 26
97 122
69 47
35 73
11 22
126 21
11 42
0 125
38 108
104 14
52 121
75 24
39 49
82 42
105 91
114 108
83 18
56 109
116 121
118 37
24 118
72 107
59 33
45 70
24 73
108 65
10 59
97 16
78 31
101 23
26 94
37 50
25 119
124 9
98 5
76 31
34 113
124 105
12 18
12 97
80 20
34 14
74 16
99 66
81 23
121 113
84 43
30 59
90 14
5 123
106 58
128 26
101 16
14 35
107 19
36 97
25 92
3 83
45 82
113 79
121 102
48 72
87 44
116 110
85 114
43 42
123 17
70 57
80 109
119 46
51 86
50 67
54 107
2 96
15 88
15 100
109 4
95 107
33 19
81 56
111 27
118 12
125 50
21 78
95 12
124 13
126 36
107 96
90 67
0 73
63 115
69 120
124 28
3 125
89 83
102 126
0 47
2 62
113 97
91 73
39 19
110 37
43 46
122 101
119 17
77 64
27 83
66 122
92 52
98 15
38 29
63 54
60 123
66 42
67 125
59 83
43 26
124 66
22 72
25 123
23 19
114 122
82 83
0 32
110 21
19 103
11 14
65 91
91 49
15 22
30 28
90 20
2 109
102 93
123 71
83 104
97 108
6 15
22 76
71 40
14 52
24 7
47 55
7 40
108 123
7 62
77 5
60 43
88 68
124 91
57 77
65 8
56 101
4 16
12 62
12 120
60 41
4 2
85 127
3 49
80 90
100 11
111 105
109 90
75 70
103 106
24 5
91 105
12 12
124 55
19 65
104 21
75 105
40 17
64 111
27 122
124 73
99 36
129 96
84 107
62 45
83 71
18 14
29 124
80 81
5 29
51 10
3 36
107 13
76 29
28 82
9 46
67 129
84 121
52 57
105 6
122 109
50 111
38 17
88 103
73 126
91 18
87 82
105 68
65 116
24 1
47 30
52 11
8 70
109 21
117 17
19 88
104 116
64 67
38 123
35 13
126 4
35 11
125 69
73 40
113 42
122 33
5 11
110 66
114 56
68 101
64 121
101 65
118 60
127 16
43 16
37 68
14 53
61 85
76 67
101 83
85 37
112 115
53 27
123 28
78 52
62 18
21 1
96 102
104 32
36 33
107 10
19 123
81 36
99 29
4 38
99 41
47 75
67 105
11 38
77 10
97 12
18 94
37 45
30 129
85 46
14 125
37 23
91 5
60 95
48 104
103 118
16 122
24 44
1 106
101 13
13 104
10 48
6 62
22 75
52 37
32 0
20 69
54 43
67 120
4 110
19 47
6 2
46 117
77 17
61 118
9 61
77 19
2 11
97 88
74 120
11 122
1 31
11 104
9 94
46 2
20 74
46 105
93 24
19 95
50 51
30 93
24 74
3 45
68 72
116 58
103 92
80 31
61 18
118 10
51 96
73 71
68 100
4 0
117 64
40 73
85 73
89 25
98 10
99 63
22 74
111 2
76 90
48 77
118 129
98 39
52 77
124 42
101 45
35 107
27 8
115 20
48 23
88 104
30 35
116 13
41 96
1 6
125 106
111 22
25 26
85 75
42 106
77 127
103 23
8 26
86 85
63 108
112 34
79 127
92 45
77 28
67 98
26 38
76 63
67 29
3 64
87 116
17 87
114 117
4 104
11 15
86 67
64 81
46 98
96 71
114 19
44 18
58 93
88 79
21 17
129 57
124 117
52 20
68 44
8 21
90 40
45 42
32 6
16 58
23 43
66 21
13 91
7 106
85 85
128 44
126 88
3 24
13 22
96 62
18 71
50 77
86 13
27 118
89 123
73 46
83 68
31 27
80 117
36 92
108 34
35 51
10 120
64 51
95 99
82 53
5 45
28 39
10 123
31 72
90 129
98 101
8 3
26 111
116 3
92 77
71 70
9 60
47 122
110 93
53 113
36 79
34 128
48 65
37 65
22 95
52 99
1 117
3 40
123 84
97 63
34 55
55 122
93 73
128 33
3 21
5 109
40 53
102 57
52 12
67 113
53 64
58 120
114 74
56 10
91 109
38 0
105 39
91 119
100 85
17 22
38 11
41 9
84 94
100 6
123 129
55 84
83 27
58 72
3 28
33 114
112 126
91 80
3 128
83 97
10 109
7 16
106 92
38 114
5 23
55 7
7 51
125 94
27 88
51 109
7 52
56 29
108 70
103 24
19 84
94 99
123 26
62 57
87 100
125 54
46 101
117 118
63 17
45 100
68 54
113 46
122 77
61 123
58 50
100 127
108 109
51 24
60 67
89 41
102 102
68 58
31 25
35 45
24 80
5 119
126 71
124 85
42 94
87 119
47 59
6 88
70 129
67 108
49 112
1 115
17 64
37 55
33 123
30 104
106 128
44 59
116 128
87 18
39 116
77 33
43 100
112 112
71 127
63 23
22 37
31 57
99 64
123 114
14 56
58 128
9 86
104 86
73 44
72 55
124 67
48 125
28 29
46 102
25 43
19 126
6 77
121 19
60 30
64 100
95 43
84 74
87 38
63 98
8 82
118 128
66 0
95 22
117 7
96 80
28 20
122 71
11 111
0 66
4 128
114 47
4 45
87 8
57 19
32 123
7 22
94 94
55 117
91 32
80 55
74 96
39 33
21 3
54 116
102 73
40 129
15 14
7 41
103 28
40 59
23 80
78 95
27 33
66 94
123 14
93 55
78 117
19 49
64 23
24 92
51 101
63 21
73 81
6 129
128 58
41 7
106 107
34 51
45 88
68 6
43 129
63 26
25 82
33 33
67 9
125 30
91 28
65 64
103 25
13 95
34 88
46 37
57 95
27 67
88 31
61 67
0 53
86 101
96 82
127 95
8 5
10 117
102 32
37 30
120 17
99 57
4 97
68 120
72 114
51 7
87 72
56 69
91 24
70 17
112 36
1 56
95 29
14 129
119 116
86 25
37 16
124 31
75 29
15 63
100 46
70 71
1 19
100 105
56 24
37 39
1 91
64 11
23 127
81 81
73 37
25 12
92 53
58 58
121 13
21 68
49 29
15 95
98 41
125 128
1 88
118 13
111 88
111 112
107 58
56 70
121 42
39 95
5 10
105 104
74 121
84 44
35 104
38 1
89 80
104 112
116 54
74 43
0 71
43 87
39 27
27 10
91 48
47 104
4 52
100 47
30 20
83 107
99 89
69 90
72 93
92 46
112 96
106 55
26 114
97 30
58 2
94 123
92 63
37 20
5 38
74 88
108 126
58 82
129 127
58 31
62 84
5 113
112 58
98 4
35 4
49 37
76 58
0 31
55 9
25 54
60 26
67 76
78 4
29 35
28 100
43 59
106 25
119 100
20 117
6 3
1 27
88 64
80 102
58 126
46 34
45 53
17 129
22 25
74 32
39 47
44 122
122 59
129 104
30 126
50 104
106 23
30 51
104 94
91 64
121 33
40 79
93 49
98 83
11 108
80 53
66 91
94 92
2 128
37 103
76 122
56 110
64 127
101 87
127 54
125 104
32 114
38 121
70 115
90 10
38 5
112 76
116 108
45 68
124 80
112 117
2 25
24 113
39 40
122 48
74 59
76 44
96 36
10 116
85 93
115 107
111 45
90 91
42 68
108 40
13 30
101 15
111 83
117 30
27 105
95 95
98 67
20 39
85 41
19 114
44 4
69 110
116 99
119 24
97 95
113 86
37 112
47 22
85 120
61 92
73 73
107 1
37 29
42 82
109 78
39 129
78 63
125 73
27 2
34 114
61 93
45 102
99 101
67 34
55 114
39 112
64 79
17 82
84 8
85 42
36 44
108 81
11 61
62 31
10 93
34 58
115 9
68 116
13 80
129 28
59 64
48 99
40 78
17 13
120 106
14 45
41 24
117 52
88 99
124 7
40 103
60 60
65 19
87 124
105 16
21 123
97 119
107 78
56 88
31 22
25 117
91 35
123 21
36 36
84 87
22 96
84 113
49 115
88 106
102 114
91 12
33 56
35 116
119 54
71 24
44 44
58 104
115 73
5 107
60 79
83 26
111 72
13 115
116 129
36 64
75 3
29 47
48 118
120 60
0 126
36 78
75 92
88 11
61 53
74 105
123 19
62 11
81 29
2 40
103 8
1 8
48 28
88 22
70 24
100 39
10 81
106 46
121 128
100 124
35 128
86 77
80 50
58 49
97 2
87 50
63 65
87 129
24 40
14 90
83 76
87 87
120 82
91 51
99 16
113 52
54 93
41 75
110 104
48 38
55 127
8 122
71 8
4 41
53 16
125 82
86 21
60 52
74 98
52 0
54 46
13 118
129 125
8 93
105 128
121 110
114 95
104 6
29 71
85 2
86 43
75 101
97 100
92 28
116 90
67 116
80 61
125 5
99 120
21 64
108 53
125 95
105 127
40 15
100 95
14 39
56 30
129 111
91 91
2 0
121 85
128 57
26 24
55 16
39 89
77 112
30 23
129 85
23 73
67 112
4 5
110 49
79 74
67 47
41 47
5 106
94 101
41 37
73 85
100 45
79 2
44 119
35 90
3 20
97 99
99 50
6 9
