787
12 14
26 1
13 31
30 21
38 28
14 35
35 14
39 9
7 45
3 44
21 44
29 0
34 32
21 43
38 16
18 31
28 48
37 13
49 30
18 5
16 27
29 26
4 0
46 18
4 37
49 46
44 9
46 12
16 20
44 34
28 46
44 23
27 3
39 29
37 32
39 21
48 17
34 35
40 38
8 31
4 31
35 45
26 31
13 46
15 12
5 33
22 31
29 41
9 49
37 49
19 39
40 18
15 27
48 23
8 35
19 5
21 4
12 23
37 8
49 28
44 1
7 0
6 25
43 12
47 35
5 23
41 42
24 43
20 15
11 32
32 7
9 21
31 30
11 19
41 15
2 14
10 32
29 48
7 28
12 16
5 10
5 7
39 46
48 6
30 30
44 48
43 48
47 23
44 0
27 40
49 7
17 14
24 10
18 44
32 2
40 4
2 26
34 37
28 10
36 35
39 33
27 31
40 15
3 12
16 47
11 45
38 22
35 28
37 3
36 21
15 45
32 5
31 37
5 22
20 32
10 47
25 9
37 36
1 33
24 6
24 3
37 5
36 5
11 23
9 14
43 39
33 29
35 44
39 48
0 31
28 44
39 2
30 41
25 23
28 40
5 48
16 6
12 38
41 30
33 25
34 36
30 33
3 25
3 6
6 2
21 35
43 13
17 31
36 8
0 40
2 37
48 36
11 47
39 11
13 29
1 22
43 31
5 49
0 18
28 19
44 11
27 4
9 25
13 48
29 28
46 8
28 8
40 14
15 42
35 15
6 44
49 41
12 5
18 6
33 42
49 23
7 20
12 45
22 49
44 43
44 24
33 17
24 2
6 42
24 12
30 7
21 17
40 28
38 19
29 47
19 21
33 43
7 40
23 33
37 27
30 39
7 21
5 32
44 6
40 31
28 11
26 8
15 7
7 24
21 5
4 19
20 47
13 25
11 35
43 11
9 5
5 2
35 47
8 5
30 6
43 18
40 29
6 17
5 27
14 47
14 44
27 16
46 11
33 0
26 16
3 14
4 29
2 31
10 42
32 35
13 5
2 45
46 7
41 12
41 49
32 27
30 2
47 34
30 22
32 17
15 23
33 26
40 25
9 7
39 31
21 40
6 9
23 47
24 18
1 15
12 32
19 20
37 34
17 47
43 23
40 43
32 44
36 45
16 2
13 42
31 36
10 15
5 16
47 37
1 21
40 1
40 39
23 11
24 29
0 28
40 21
33 37
22 30
39 19
28 32
12 9
33 10
41 38
4 47
27 14
23 20
42 10
14 22
47 45
5 6
33 18
39 14
35 30
27 17
41 26
29 25
10 16
34 33
4 14
44 16
18 30
29 49
31 49
22 45
1 6
42 31
46 29
40 47
21 22
26 21
1 37
47 20
34 43
29 38
43 15
38 43
0 2
30 20
0 47
36 36
42 18
8 43
35 11
47 25
41 39
29 15
49 5
9 48
29 12
0 8
13 1
10 41
44 38
45 30
29 19
2 46
13 27
25 29
11 13
29 5
40 6
15 21
17 40
23 1
29 2
29 35
21 2
46 40
18 14
15 39
12 1
12 37
5 1
0 46
38 5
23 35
45 0
10 36
28 31
32 16
2 24
33 47
49 29
17 29
47 30
1 41
45 28
30 43
7 26
47 40
37 30
8 7
1 8
20 49
42 19
25 22
46 45
21 0
4 7
31 25
37 6
3 16
9 26
22 43
13 6
49 0
16 13
2 21
14 32
28 37
7 30
28 35
44 30
15 31
39 4
16 22
39 12
45 43
11 44
17 22
38 0
34 30
1 19
28 49
47 21
44 18
44 10
26 12
31 33
1 32
16 41
4 21
34 13
35 10
40 27
11 22
23 46
38 27
16 0
47 14
46 41
27 33
22 21
18 46
22 12
23 2
23 22
34 49
1 36
20 41
3 30
29 36
20 9
42 35
7 17
5 0
21 33
38 26
42 42
40 9
19 29
27 35
10 29
20 44
30 14
24 48
13 7
7 11
42 12
31 35
37 45
41 1
26 39
16 37
24 19
23 7
13 23
0 25
12 22
13 10
33 22
31 31
44 5
6 4
25 46
26 2
33 30
23 17
20 27
33 32
11 9
10 11
29 20
29 23
32 3
42 15
16 44
48 1
6 34
14 21
41 41
38 12
44 49
19 26
7 39
26 19
17 42
45 15
27 10
7 32
9 27
42 47
38 7
3 1
31 10
30 25
49 45
19 32
23 6
34 5
43 34
26 38
14 45
40 19
14 20
37 38
15 17
26 23
13 2
29 18
18 45
34 3
4 8
6 18
28 27
43 2
27 2
1 48
1 28
6 35
25 18
17 10
17 30
25 43
5 17
31 38
23 10
47 26
9 47
26 46
4 35
43 4
21 29
35 49
25 47
34 12
47 47
7 9
15 5
38 30
45 19
26 27
12 42
12 25
10 33
38 4
14 19
2 17
33 4
28 38
9 22
37 31
45 25
26 10
19 41
23 25
40 12
0 29
10 35
31 34
16 15
32 34
15 35
13 49
24 49
29 8
12 46
36 18
43 32
10 18
24 44
38 8
21 42
29 7
31 4
47 32
21 28
41 14
44 40
37 18
38 32
41 29
24 11
43 7
24 25
12 40
1 1
22 11
35 27
5 19
3 5
46 23
19 37
11 18
34 19
26 14
43 10
19 17
1 38
47 48
1 12
39 6
15 19
37 21
39 38
25 4
5 34
7 36
16 30
12 2
0 32
30 38
6 13
2 18
42 41
44 41
7 49
31 11
39 18
45 31
10 39
18 7
8 44
28 29
32 22
30 0
28 24
41 2
20 5
22 20
0 17
21 8
46 42
11 6
21 24
0 9
16 43
15 2
25 31
6 24
26 45
27 42
3 24
2 8
18 15
34 46
30 1
11 42
49 18
27 39
10 44
22 38
6 1
26 37
3 11
12 26
15 28
2 1
3 17
25 49
23 36
47 7
32 32
40 17
17 9
19 22
25 21
6 48
14 9
34 16
40 46
45 42
5 29
13 32
13 24
41 43
44 36
12 44
25 8
31 21
30 32
2 15
22 42
48 35
37 40
40 10
38 1
30 15
4 38
27 45
24 42
12 17
5 35
41 3
26 35
13 33
8 40
47 6
44 26
5 40
9 16
4 24
29 45
21 49
39 17
27 5
39 20
18 35
5 3
30 37
39 43
41 36
35 26
4 2
3 38
28 41
37 47
2 0
29 3
21 6
17 2
35 24
11 39
41 37
33 36
2 35
9 20
18 42
30 23
29 9
20 2
9 40
31 8
39 3
27 7
32 10
39 44
26 26
33 5
8 14
0 5
7 3
23 5
10 27
0 15
34 1
25 44
22 35
16 10
43 28
16 11
19 23
35 3
7 27
3 3
31 47
35 12
36 49
19 31
35 25
2 27
7 18
0 12
33 19
16 32
5 30
40 34
44 29
46 1
23 4
2 12
19 34
40 23
33 16
8 4
4 20
13 11
25 24
17 37
17 6
3 28
41 48
8 29
3 26
36 16
3 33
45 39
29 21
45 2
16 19
12 20
25 36
