8769
14 30
45 59
115 96
42 29
78 15
74 8
60 121
8 59
120 24
6 100
100 127
63 89
7 57
48 17
21 25
96 87
93 72
20 72
40 89
48 56
23 27
62 34
96 8
122 92
102 77
52 69
9 67
4 20
35 64
74 19
89 8
65 70
92 121
23 59
70 117
47 64
69 34
30 18
23 6
40 71
16 113
127 108
24 3
122 24
57 96
94 115
119 34
20 11
125 73
102 83
32 121
60 70
85 10
107 121
123 29
16 52
80 72
72 84
19 72
35 115
113 54
41 93
100 67
100 55
69 22
56 75
58 104
51 109
81 15
55 56
39 45
8 13
59 51
26 116
75 88
86 105
75 56
121 40
31 69
72 66
125 87
95 59
73 71
56 33
17 65
18 67
15 86
90 66
93 12
47 93
51 24
28 40
27 28
9 78
91 12
2 59
3 17
59 5
57 74
89 97
127 43
98 9
33 40
41 40
66 77
7 70
88 73
25 117
62 127
98 23
61 31
122 32
110 49
51 60
11 27
44 23
38 109
52 114
59 115
122 36
124 121
4 102
64 11
32 34
14 5
76 7
4 95
22 87
66 4
44 68
107 64
18 63
97 5
42 106
0 25
17 112
23 83
78 9
64 88
88 36
86 98
36 57
14 6
7 23
61 101
44 117
106 86
73 49
70 112
40 16
7 20
9 3
107 51
122 57
41 96
33 13
2 87
68 40
75 58
55 58
126 22
10 54
77 50
24 92
11 60
4 98
128 71
41 91
28 19
21 75
51 17
9 104
49 5
50 13
13 6
107 110
122 25
62 94
27 21
100 76
120 28
16 102
19 102
80 45
67 29
21 54
73 56
66 109
127 91
35 116
23 122
97 11
91 55
46 13
42 78
125 85
32 6
93 100
51 29
79 87
111 73
13 39
110 29
46 49
53 70
123 50
95 48
129 52
100 11
91 80
26 21
81 108
98 35
91 13
58 26
114 96
106 9
0 24
66 65
61 10
119 57
72 102
29 14
107 120
68 123
20 92
33 97
7 66
82 55
23 15
16 51
17 97
47 67
64 79
99 6
92 119
48 5
113 129
52 120
22 57
101 95
110 113
58 109
18 21
46 92
125 16
78 50
126 121
101 12
122 12
56 84
118 85
49 6
40 8
109 35
79 78
45 67
33 79
91 98
117 123
23 35
75 106
93 125
128 26
5 43
38 94
11 5
120 23
92 58
58 40
92 38
2 76
16 39
12 102
46 31
117 125
92 34
119 6
96 11
53 43
13 11
8 27
60 23
28 25
8 17
112 85
77 79
18 45
22 66
71 39
124 31
117 68
98 61
103 112
121 30
28 119
107 37
41 66
118 77
116 49
82 20
31 77
24 22
13 18
83 21
37 41
96 51
29 2
116 36
89 39
88 92
15 59
3 56
123 33
113 68
94 65
72 0
22 28
14 127
1 33
72 68
49 3
6 12
52 87
113 127
126 124
21 21
61 54
57 51
62 119
91 53
124 63
32 30
92 37
57 36
100 16
68 43
53 26
19 91
64 68
104 2
59 26
12 88
1 67
25 53
61 127
43 17
27 69
86 96
24 84
105 0
66 91
43 114
50 47
69 70
125 82
98 75
12 14
5 6
117 19
76 81
28 86
52 24
96 10
27 20
23 19
78 100
10 60
24 58
20 59
59 8
100 69
100 31
2 3
86 83
79 77
52 39
67 79
16 8
0 38
19 51
65 56
115 104
88 38
127 101
23 52
65 46
28 2
2 50
12 127
95 52
70 29
31 4
27 15
90 72
124 46
116 13
5 8
58 108
84 34
42 118
74 93
99 112
125 60
32 61
3 120
22 52
103 94
93 91
66 69
67 108
46 128
107 45
36 52
65 9
46 26
14 79
108 21
72 24
35 2
16 74
1 88
90 90
48 71
29 125
89 77
13 79
123 97
23 106
2 4
127 23
72 120
25 10
70 119
65 117
113 100
117 16
56 100
77 73
86 66
84 94
78 31
8 124
47 87
22 51
84 16
10 40
85 61
128 25
11 69
42 35
66 56
71 9
6 103
41 45
69 4
107 10
31 83
65 83
53 19
9 5
3 0
37 92
10 72
26 72
11 64
3 27
74 33
67 14
63 59
86 127
31 10
22 60
1 121
15 129
34 92
4 41
98 113
108 8
99 47
31 19
102 5
127 73
96 24
35 12
10 95
20 32
64 50
45 123
104 23
73 32
34 33
13 108
24 114
27 24
126 11
95 13
80 101
111 102
56 123
73 5
100 84
11 86
113 122
2 6
95 51
101 94
20 8
114 79
16 77
97 109
55 88
38 39
12 8
95 97
60 2
85 16
53 58
26 96
13 122
71 63
9 75
77 67
34 124
118 98
43 1
63 47
113 93
118 22
16 128
36 37
72 30
10 111
53 75
34 4
27 121
82 30
71 82
29 58
124 41
100 71
68 81
39 24
22 124
24 82
13 96
74 92
40 42
71 45
43 58
10 75
27 86
11 108
49 102
8 87
78 56
62 5
53 11
103 69
23 47
17 32
18 100
83 34
84 106
38 46
120 78
16 78
9 73
49 126
87 19
2 0
64 89
27 108
58 87
5 61
54 124
127 102
60 14
81 118
44 74
9 61
56 113
25 59
44 6
113 1
123 36
19 94
104 126
117 128
48 127
67 13
1 39
78 114
122 94
116 78
128 74
20 78
89 45
46 120
76 70
4 39
39 126
91 30
1 78
90 119
95 27
75 13
45 16
10 18
30 129
4 46
10 67
37 22
6 26
55 76
44 32
15 111
38 54
28 65
2 2
122 85
104 117
107 31
37 71
113 21
11 106
107 12
32 128
69 126
122 69
100 77
30 69
30 6
10 41
88 107
59 106
14 102
28 72
29 124
54 101
92 29
77 19
99 128
121 0
54 80
1 86
112 79
16 127
75 91
119 11
39 67
33 43
60 117
108 129
87 102
78 124
111 107
9 74
0 49
111 38
22 68
25 0
37 1
56 118
30 119
34 81
4 51
100 10
84 3
82 111
21 56
0 96
82 76
109 99
92 40
99 8
55 26
34 111
29 112
44 124
59 13
85 14
69 10
54 6
44 73
76 74
24 95
52 55
28 6
48 122
53 67
12 86
16 100
117 58
79 5
110 43
123 14
26 92
120 108
82 13
74 72
100 49
6 48
102 125
81 50
43 27
94 16
89 75
22 49
97 7
43 79
110 54
32 104
15 94
2 71
70 62
65 109
96 17
89 36
75 74
84 110
86 25
116 119
83 6
68 19
65 21
37 93
117 127
49 112
109 123
97 119
20 76
90 19
60 116
106 67
90 0
124 60
14 3
125 69
26 112
61 75
96 123
25 75
57 49
129 53
83 88
95 38
73 106
74 3
84 61
19 92
4 22
41 80
37 28
48 106
14 61
31 27
82 41
65 17
87 53
90 67
21 102
124 76
9 92
95 49
113 11
105 15
41 74
72 56
76 16
0 10
19 126
58 56
114 76
63 20
62 122
120 7
126 92
0 53
53 110
16 88
88 125
6 8
27 6
1 73
51 2
129 85
39 54
91 37
13 72
44 85
30 88
9 128
109 122
41 76
68 36
35 60
41 105
77 77
24 19
25 120
70 6
47 110
94 79
101 121
99 22
90 51
117 50
43 4
90 10
89 120
12 93
6 72
117 3
118 24
65 124
125 8
36 20
21 129
53 86
117 118
110 6
128 45
108 91
113 91
45 116
47 128
32 69
22 103
125 26
13 125
18 127
42 91
1 9
101 13
52 45
92 25
64 18
37 65
17 110
24 113
117 77
85 60
108 114
62 51
3 14
124 8
28 81
105 65
88 2
127 9
16 58
92 10
97 42
123 19
2 53
106 34
63 69
32 27
81 91
107 125
112 100
92 14
19 89
83 86
121 71
117 120
38 59
58 4
125 72
51 43
22 54
31 75
39 106
79 57
105 41
113 48
96 52
105 116
43 39
35 10
118 6
6 2
118 38
86 71
18 95
101 116
104 33
21 11
95 87
7 102
19 45
117 39
73 74
39 29
105 115
61 51
15 33
92 87
82 37
106 124
77 116
71 3
124 126
15 103
40 121
116 79
125 121
90 15
21 43
127 94
86 26
21 71
117 111
20 24
18 11
82 6
84 41
43 113
21 26
80 6
103 42
34 19
29 36
89 26
83 111
111 103
20 113
48 77
47 41
112 45
66 25
120 113
102 3
50 9
50 108
114 21
27 99
28 51
36 32
27 95
54 33
57 108
16 29
2 51
44 37
44 52
118 67
91 127
6 18
62 86
16 123
96 42
109 20
127 97
94 87
7 101
118 125
79 44
122 106
17 58
123 96
14 112
104 59
4 61
109 124
80 19
38 49
108 66
23 79
57 57
79 99
126 57
121 126
67 119
61 87
63 107
95 125
99 49
104 7
86 84
119 7
47 50
13 55
84 38
104 72
116 15
89 57
95 25
69 90
59 124
85 63
103 56
50 65
39 74
11 88
92 35
21 76
14 36
40 76
110 36
18 51
88 44
61 99
125 55
93 36
53 2
42 108
65 19
8 39
68 64
50 59
49 123
57 35
85 17
76 24
113 41
55 37
89 22
67 127
35 67
30 102
118 122
8 58
51 114
56 55
26 35
5 69
123 40
36 15
83 57
43 7
0 66
11 93
122 47
9 113
4 84
57 70
66 22
101 10
38 57
127 86
34 52
79 88
12 61
7 53
62 88
126 103
40 36
18 97
57 3
40 25
24 43
63 104
97 105
82 18
58 33
78 68
68 92
34 39
85 28
100 27
6 99
43 45
119 64
122 22
102 54
58 80
36 87
68 97
41 21
83 20
105 11
69 19
42 81
81 10
54 62
8 26
116 117
49 120
3 92
61 83
85 35
116 62
61 36
17 45
98 54
14 121
110 120
1 83
74 15
77 122
5 53
126 68
58 37
6 93
110 23
4 17
105 96
57 2
51 105
91 83
9 27
74 66
12 103
93 96
81 25
25 72
103 66
87 112
56 24
129 124
37 123
111 80
8 7
40 50
26 87
34 38
73 50
123 119
116 57
90 23
31 98
111 39
22 41
65 1
117 9
93 128
42 37
93 38
67 34
18 80
41 106
81 97
118 45
94 67
45 0
0 90
115 58
121 10
25 3
4 91
58 112
44 104
1 76
80 3
11 109
73 67
41 75
28 23
51 94
79 47
28 35
45 38
18 92
92 129
64 30
88 112
20 41
121 44
75 120
72 18
26 86
99 123
111 13
68 114
5 23
77 90
74 67
7 44
103 98
102 47
15 89
48 85
89 103
50 90
35 20
94 5
32 117
101 14
90 125
57 82
93 11
14 80
65 86
21 1
0 37
34 40
46 86
19 115
41 79
23 26
63 26
57 65
82 87
21 120
97 82
6 25
31 50
34 93
109 26
52 2
29 54
128 4
18 30
40 49
79 35
115 105
4 59
103 124
104 38
85 121
18 60
107 50
121 61
44 0
56 83
67 111
33 98
84 40
21 74
82 45
103 102
11 33
124 114
26 124
119 109
23 91
114 14
94 96
24 30
97 41
123 60
17 39
50 46
29 93
70 37
90 8
37 75
86 33
110 47
3 36
117 42
49 32
129 46
119 107
35 104
113 29
35 58
31 84
6 85
72 47
62 11
70 10
69 46
88 86
18 90
105 88
104 31
29 100
93 23
90 7
12 75
7 115
73 44
116 7
79 106
128 62
46 97
55 53
84 58
121 34
71 102
105 69
68 122
22 31
64 87
62 90
0 83
95 47
34 90
74 86
84 105
56 72
73 3
102 100
57 33
58 31
129 11
4 40
74 126
115 65
68 118
111 27
54 63
98 24
82 79
16 75
114 10
6 112
43 32
102 90
15 109
26 20
33 11
50 51
59 66
55 108
55 25
50 20
0 1
75 17
54 41
4 11
111 84
86 6
57 68
83 12
110 67
107 13
86 67
97 33
10 123
66 7
121 3
127 36
88 65
103 74
88 66
93 64
35 49
123 77
63 15
13 60
21 66
114 46
107 73
23 28
26 64
56 62
39 68
98 119
58 126
45 88
3 47
19 129
101 59
98 95
4 122
103 67
90 91
61 26
22 74
74 80
47 26
24 65
80 15
123 9
18 85
45 77
100 91
53 94
98 79
81 16
101 15
129 7
39 92
21 55
30 31
19 1
65 85
23 36
0 28
129 126
68 70
19 7
14 66
71 30
5 18
48 67
58 57
98 93
104 44
40 86
95 128
120 46
35 102
35 61
47 74
51 59
34 56
112 83
27 36
45 100
9 42
41 129
90 32
111 113
107 74
71 42
58 125
73 66
64 34
3 101
36 126
33 57
21 73
62 71
83 30
67 114
63 24
0 120
56 73
94 120
116 0
108 69
96 119
36 71
53 61
121 89
39 27
5 122
15 117
112 56
104 84
6 129
80 71
1 23
106 62
76 11
89 11
97 114
9 28
7 51
26 13
31 57
72 25
111 71
33 14
71 43
34 107
61 17
14 38
64 14
124 24
110 61
29 39
56 20
103 18
67 12
105 17
120 0
46 50
37 114
91 102
92 78
80 97
10 29
99 12
43 68
53 28
109 81
68 3
40 108
8 85
97 91
91 21
25 23
108 33
5 91
23 77
91 56
90 25
39 62
38 84
24 59
23 84
115 13
96 12
2 113
107 119
44 40
103 72
62 6
77 96
14 11
53 24
50 80
70 118
28 96
80 2
90 109
103 90
11 89
50 97
38 91
85 29
67 90
34 69
39 75
44 26
83 41
92 111
47 75
39 119
16 48
82 29
100 4
77 62
6 37
62 123
13 102
0 100
110 105
29 44
63 31
52 86
101 72
63 95
30 100
57 54
77 15
89 6
51 119
56 89
30 0
32 96
125 89
73 108
68 16
108 36
51 67
79 43
90 122
107 62
125 53
124 0
102 116
85 103
27 124
41 68
35 98
77 84
24 68
111 72
12 65
116 74
38 123
122 26
122 68
90 81
72 124
100 5
104 100
29 46
111 125
40 112
63 110
81 5
73 109
56 9
127 72
82 70
74 45
127 51
99 97
40 119
6 124
105 29
83 99
49 40
17 46
93 51
70 123
94 10
24 2
112 101
81 61
34 104
124 11
12 64
63 115
76 49
121 122
106 3
94 39
52 122
30 44
77 110
95 109
48 9
79 83
129 34
115 7
128 96
58 5
27 51
120 70
42 32
125 118
91 86
108 18
41 7
36 1
98 4
68 56
106 92
12 112
49 47
52 56
96 80
83 47
48 12
42 97
65 47
124 2
103 8
13 33
111 1
51 75
39 59
3 94
124 43
48 28
112 109
96 36
57 6
29 4
13 1
17 12
43 106
49 114
95 61
78 43
92 56
11 95
38 17
40 41
102 124
100 121
59 28
38 20
6 65
1 112
113 42
82 75
6 108
6 84
68 117
16 63
0 52
34 54
33 35
17 91
81 17
84 111
39 38
89 43
66 41
55 50
126 29
42 31
48 26
36 97
59 79
71 1
123 105
24 128
46 110
102 101
89 69
90 57
93 15
19 55
126 19
112 20
61 55
109 113
49 34
70 79
59 109
76 89
55 92
55 85
30 79
43 44
79 63
127 25
49 12
11 9
104 122
121 15
31 51
125 19
39 25
114 89
39 118
21 101
44 69
12 119
18 116
69 38
88 91
48 114
125 71
15 121
77 52
43 78
65 101
97 0
48 102
3 79
70 111
36 86
56 48
67 23
110 13
46 1
3 31
60 6
51 88
123 48
63 10
60 65
79 67
38 56
49 0
56 45
70 27
127 35
13 87
14 8
107 19
36 103
56 54
59 45
106 129
109 121
74 122
100 8
88 114
17 106
6 49
65 100
106 68
6 19
17 21
103 41
110 5
125 3
12 47
82 109
1 96
86 35
51 25
8 129
104 114
19 46
0 3
122 53
90 3
3 34
77 112
42 24
53 62
3 128
8 110
15 40
114 108
52 29
120 123
20 28
108 113
126 16
97 123
102 114
69 85
9 105
96 13
35 37
73 117
119 69
3 6
101 45
91 7
8 60
51 6
92 13
116 121
67 102
103 75
27 89
73 73
91 115
38 27
32 64
21 39
106 42
87 35
129 30
121 23
17 90
112 15
75 27
33 91
28 7
100 96
62 104
36 122
96 92
45 75
115 12
115 44
77 78
116 67
24 21
29 82
90 70
63 23
51 58
13 24
15 81
2 97
127 106
13 94
80 121
12 117
60 0
100 2
95 42
108 88
36 70
23 109
98 128
102 44
50 83
56 49
88 59
76 44
65 95
56 124
115 24
54 110
38 50
126 12
24 17
44 64
120 52
110 110
17 100
1 14
125 54
90 92
52 94
65 116
18 8
102 66
17 79
54 66
45 34
88 29
14 116
85 113
64 94
21 32
113 77
86 97
128 112
54 45
3 75
20 124
103 104
115 40
41 18
4 68
37 74
65 35
84 118
67 16
125 116
30 23
125 47
92 49
2 56
121 129
66 44
103 101
79 45
5 1
41 101
9 118
96 44
97 36
36 35
62 7
26 65
74 12
60 56
12 51
79 105
68 32
67 118
33 22
49 79
60 96
13 66
29 20
73 37
117 14
59 32
123 99
7 99
85 45
85 99
117 13
22 48
37 109
79 53
52 78
67 38
90 2
127 109
106 109
34 100
105 107
121 94
44 86
5 38
95 14
92 115
123 85
6 7
7 40
54 122
54 117
128 55
129 43
116 64
119 106
101 93
122 76
90 111
82 112
100 52
89 115
103 83
112 16
63 112
66 104
12 27
125 96
90 115
13 80
3 57
68 33
68 124
111 2
125 79
56 99
11 120
78 79
47 106
19 79
109 9
47 119
36 94
54 34
115 78
36 36
125 27
51 118
30 96
32 9
67 66
25 65
75 102
41 53
65 14
116 23
97 115
28 128
3 102
11 124
5 99
84 48
75 72
84 119
27 120
4 100
103 81
16 35
127 90
73 4
38 77
57 7
6 53
94 128
98 122
65 93
76 98
33 104
71 122
87 125
128 78
108 48
82 33
7 120
122 42
87 127
112 51
78 38
8 56
54 127
66 106
7 121
1 106
76 90
101 4
115 43
81 57
16 40
129 33
0 40
112 50
108 117
4 97
43 3
76 124
67 43
125 106
25 63
106 49
27 75
22 23
30 70
108 118
51 50
124 73
1 93
19 96
83 121
48 58
11 51
124 87
9 62
73 21
75 111
29 13
25 1
102 51
113 63
29 70
116 98
122 43
35 113
61 93
65 48
13 69
67 26
78 64
86 41
91 106
16 19
58 46
109 120
100 117
69 118
13 126
2 88
83 66
12 116
85 11
5 77
118 52
17 101
82 80
72 42
76 79
64 36
15 53
122 99
57 59
92 11
74 101
120 35
32 116
74 16
117 121
86 34
106 127
99 101
37 8
55 74
95 10
82 61
97 17
121 36
18 125
70 93
69 66
69 57
30 125
8 118
44 50
114 51
27 50
119 41
107 65
10 24
3 54
20 122
60 94
116 81
103 68
118 7
56 65
84 77
10 84
104 80
128 21
26 9
97 66
103 37
82 125
32 32
62 84
16 55
112 30
78 128
23 116
30 64
67 35
18 111
114 124
16 46
28 109
20 14
79 69
11 68
37 81
109 78
34 49
18 19
111 30
28 28
94 22
111 31
26 31
7 110
24 42
97 128
67 9
20 64
57 18
75 76
101 81
43 123
29 76
96 121
43 14
31 40
81 95
36 101
2 104
44 63
126 65
88 8
113 126
49 48
76 83
23 75
117 57
72 118
64 83
59 35
1 61
61 115
26 7
109 54
60 110
75 101
78 107
32 14
83 112
90 34
19 47
122 66
54 14
74 107
99 120
63 3
116 17
28 124
18 38
43 49
84 45
67 50
95 7
112 80
8 70
109 101
88 9
7 125
72 8
82 16
17 114
75 78
46 41
95 113
87 89
87 94
80 5
95 98
118 35
8 18
113 25
73 82
5 56
11 19
7 96
57 85
38 10
58 117
116 27
5 111
15 67
100 34
49 109
53 33
46 43
103 14
59 111
92 123
76 68
58 90
101 35
45 28
18 115
110 121
64 100
106 85
124 45
123 116
44 62
81 71
38 22
21 40
118 18
20 35
35 46
52 31
71 76
120 92
65 80
38 43
60 40
91 6
34 117
129 49
109 89
112 28
71 69
127 111
91 97
21 24
113 111
30 5
25 91
33 45
47 71
58 52
56 52
31 127
66 75
38 8
125 99
121 46
15 65
2 33
33 92
15 23
57 1
43 94
53 118
24 13
45 3
106 46
39 93
48 69
17 75
11 26
78 35
57 121
101 43
122 0
15 42
14 96
96 25
78 80
50 27
48 113
28 45
55 39
58 66
56 122
54 25
14 90
44 31
29 83
56 37
88 3
58 98
69 39
22 75
59 10
57 106
53 117
128 23
76 46
21 63
30 1
15 61
40 47
52 65
20 29
104 16
105 79
116 127
16 72
72 58
53 16
121 4
43 74
47 11
78 67
123 123
105 12
109 55
64 51
17 9
68 84
43 65
57 24
67 129
114 125
20 54
88 119
109 65
37 97
102 74
41 24
17 80
50 15
69 103
114 122
126 34
50 56
121 38
110 35
28 22
110 77
37 57
111 91
100 60
123 128
40 109
46 103
113 35
22 13
89 66
51 124
41 92
25 19
118 33
5 17
58 114
118 124
61 9
77 16
22 82
16 114
118 83
114 41
78 76
38 7
68 77
10 32
115 86
80 119
30 72
82 100
10 45
126 89
67 109
35 100
77 31
127 34
42 10
58 75
89 18
98 97
105 18
76 96
29 32
109 64
38 45
95 64
3 60
3 96
82 73
34 58
42 39
72 100
101 127
114 36
44 77
35 91
99 68
105 61
89 73
111 117
98 45
3 97
96 53
112 41
101 71
76 18
85 4
27 9
70 16
60 111
11 46
9 50
99 35
65 62
14 27
96 27
77 125
110 98
79 7
71 67
8 16
87 47
100 99
31 32
30 95
65 28
76 120
96 112
84 117
56 114
19 127
73 57
91 72
30 80
2 117
50 84
58 20
6 36
112 31
33 65
63 46
88 55
14 87
102 22
86 14
5 4
21 52
15 14
10 3
22 15
11 6
123 112
68 115
10 71
51 30
58 99
24 61
11 82
20 69
35 75
58 16
67 10
12 25
67 32
53 41
53 72
117 36
83 78
15 38
74 62
90 4
122 38
92 76
34 51
46 22
55 90
55 105
47 46
57 9
92 101
110 26
111 86
76 112
74 20
103 19
103 115
63 54
89 93
61 52
38 125
26 10
2 77
30 120
113 128
9 34
88 87
96 5
62 114
47 125
126 60
95 20
27 115
58 123
101 8
93 56
64 25
112 129
17 113
97 67
40 57
119 63
6 40
92 125
23 41
28 39
89 46
8 41
82 25
18 70
58 15
38 114
113 123
48 100
85 39
112 21
114 33
77 81
124 32
2 75
116 12
127 103
2 13
97 38
71 127
112 63
106 38
59 121
5 57
34 73
35 68
125 103
62 103
55 28
109 79
34 11
80 94
113 2
64 26
27 116
102 92
85 25
115 34
84 73
123 31
8 73
38 117
99 52
1 122
40 115
82 117
82 123
70 56
62 38
80 110
37 79
53 14
86 58
76 43
4 80
112 65
17 29
66 21
124 115
93 53
96 33
81 105
90 60
126 106
16 2
45 37
103 63
42 26
60 129
92 94
10 88
46 8
57 118
125 44
81 123
65 3
92 39
102 105
44 57
102 109
129 65
54 28
82 12
53 68
62 40
40 1
28 67
51 74
0 117
75 65
71 7
52 36
128 69
70 107
107 71
96 21
62 95
54 108
60 102
5 3
17 126
46 29
121 45
118 99
115 68
25 40
18 88
44 2
98 87
57 5
108 70
52 62
62 125
115 109
43 52
51 11
71 64
124 19
102 60
109 127
82 50
47 89
57 101
28 82
123 87
99 4
75 126
49 9
102 27
121 48
36 115
33 76
48 49
26 51
37 110
44 46
42 61
94 108
115 81
22 6
87 22
124 83
70 48
19 112
0 18
86 123
55 7
81 104
123 21
50 70
46 9
51 102
111 110
122 124
24 50
2 122
127 41
77 33
46 79
49 100
72 13
31 6
26 30
15 110
40 5
121 125
9 9
8 82
27 92
29 29
21 34
17 55
47 0
62 41
34 123
64 1
5 121
53 50
78 69
106 8
81 24
103 32
31 71
8 105
73 28
4 104
66 115
38 63
104 40
77 38
85 24
109 15
51 113
32 108
16 105
93 89
57 8
90 58
61 8
40 81
12 122
47 28
91 125
25 31
29 1
98 48
46 55
30 71
67 86
13 28
50 19
81 115
67 7
51 21
9 81
112 26
60 76
26 117
88 113
27 40
48 4
117 29
19 22
37 64
29 116
66 73
46 75
115 115
65 34
54 19
8 22
29 6
96 30
23 2
93 76
7 6
15 32
34 66
80 31
67 103
12 108
67 87
16 122
85 41
48 24
23 110
13 30
16 64
1 114
55 16
28 36
108 104
33 30
48 89
50 43
15 37
9 98
99 103
98 25
49 43
2 32
9 4
29 49
92 80
38 102
55 55
68 126
22 76
75 10
43 63
115 85
21 8
106 72
61 125
74 79
31 58
78 1
56 127
77 39
110 3
96 61
87 5
47 82
41 42
14 43
25 34
59 61
86 100
55 119
109 108
85 22
114 48
35 19
14 54
93 37
101 42
89 53
6 88
82 57
21 48
59 89
127 6
91 59
57 128
66 93
48 32
75 28
114 84
18 122
91 1
115 113
77 127
75 12
105 80
112 118
84 95
62 15
54 68
108 22
103 106
50 76
57 28
87 78
51 1
79 94
73 41
126 97
121 75
75 33
65 50
73 46
59 128
94 90
48 101
115 21
66 97
46 25
16 92
98 39
99 31
91 25
76 101
96 6
45 81
105 117
80 27
121 52
61 67
45 109
94 36
14 84
108 76
10 62
48 27
71 98
116 69
128 114
21 100
53 91
55 20
83 72
75 112
89 102
82 97
114 94
124 82
68 86
67 17
116 110
78 120
11 25
76 10
2 8
121 11
10 14
107 82
19 58
19 3
113 108
76 99
44 96
61 59
63 124
120 126
38 68
41 49
62 92
79 0
2 5
90 124
98 42
127 2
114 86
110 8
92 113
111 126
1 84
122 44
112 6
98 112
54 89
49 50
52 10
90 113
38 113
9 32
37 17
31 42
16 111
17 99
67 25
90 93
0 65
11 41
87 6
113 82
104 108
63 48
7 75
70 88
81 124
102 30
17 18
16 43
17 88
115 128
49 55
30 55
75 63
125 58
121 42
79 19
68 54
101 118
122 1
52 101
21 115
18 76
87 25
47 8
68 7
101 98
13 127
78 52
125 34
25 8
66 36
55 3
49 26
11 123
46 63
67 37
32 129
27 7
20 95
20 25
86 94
87 50
62 21
128 5
58 94
27 70
27 16
129 0
55 89
68 26
124 53
16 67
97 59
126 107
125 10
35 108
109 12
8 40
125 92
124 68
30 62
59 114
89 29
38 53
37 34
106 6
64 98
108 103
46 108
120 27
102 20
4 76
89 94
40 93
124 20
25 29
39 6
113 110
93 22
39 13
69 16
112 95
79 95
27 43
109 77
113 86
23 64
68 99
85 34
71 104
31 22
21 72
57 48
0 81
52 121
83 113
113 88
55 1
117 84
125 33
97 108
46 19
120 127
17 104
80 129
46 76
22 113
66 26
109 40
8 47
31 49
49 70
13 129
77 76
36 128
77 82
85 55
42 28
103 11
124 118
75 19
87 18
72 9
121 76
98 66
68 52
115 95
68 87
1 99
89 116
5 31
100 43
23 112
106 1
7 76
46 96
108 54
119 46
84 46
80 55
37 84
56 8
36 19
112 94
77 72
114 68
113 17
71 114
113 118
5 63
122 118
88 52
12 40
42 43
116 4
10 129
8 45
98 59
33 107
34 9
38 110
78 55
3 4
84 43
3 116
92 20
26 34
79 40
118 19
129 106
16 126
64 63
80 41
101 92
8 12
96 29
44 105
86 80
6 122
67 6
51 5
81 54
19 80
43 128
98 50
115 119
44 48
76 65
96 31
7 95
91 5
11 84
101 111
17 125
93 25
98 73
28 56
108 28
128 91
9 80
32 76
36 9
110 46
106 76
70 30
122 91
89 5
72 2
54 126
78 19
124 94
94 69
36 16
21 106
14 109
101 85
91 52
121 58
114 61
69 21
66 62
69 93
125 36
76 126
63 17
40 30
125 35
128 2
115 60
127 117
88 109
67 63
104 120
42 84
80 92
108 52
78 34
106 60
83 107
36 27
104 116
87 115
39 4
59 126
27 127
114 103
39 63
51 49
16 42
3 115
9 96
14 32
24 80
17 64
46 4
28 27
77 37
89 58
54 121
75 80
83 114
105 21
49 113
55 97
89 27
7 97
128 66
37 100
62 20
42 55
37 44
96 49
129 1
59 113
78 22
5 9
120 13
78 28
111 64
63 61
41 102
69 63
25 94
25 76
42 103
69 99
3 28
120 22
106 75
85 124
67 8
50 91
39 46
68 23
99 94
46 27
78 8
129 40
70 18
72 32
109 30
21 97
25 123
55 116
127 22
116 5
111 26
108 3
65 55
122 5
28 9
41 54
9 77
105 87
62 70
98 21
95 31
105 75
125 45
98 89
65 24
46 71
103 122
120 83
51 104
48 42
84 116
103 15
79 129
116 103
108 53
80 93
82 53
74 100
88 41
112 110
120 51
53 35
38 104
37 19
85 71
1 15
29 17
26 103
120 117
122 73
0 42
51 44
70 32
2 52
114 9
12 28
43 76
74 36
18 13
96 57
109 71
54 15
91 29
86 68
4 72
35 76
59 37
98 65
32 12
19 6
81 44
108 46
113 39
15 43
98 6
53 31
21 19
99 82
3 49
32 4
102 119
34 91
109 22
45 17
67 100
103 114
34 82
14 48
91 105
66 86
118 95
70 15
92 22
84 101
16 108
47 126
114 60
50 103
32 57
128 48
64 9
88 6
102 72
59 31
15 98
62 54
40 23
100 12
97 129
84 70
62 98
51 3
45 69
25 20
96 102
113 101
52 124
7 61
4 0
36 55
34 14
19 65
115 15
64 81
81 117
60 73
97 45
71 103
43 31
108 125
107 112
114 28
105 34
58 119
13 62
86 59
59 54
27 97
70 36
75 86
104 77
33 61
89 7
100 24
101 33
115 127
65 68
107 86
64 61
9 18
37 72
84 69
4 71
70 77
31 120
101 63
94 78
69 127
79 27
1 0
8 5
38 16
27 62
129 55
1 81
25 106
62 47
118 112
78 116
0 95
2 37
65 12
122 110
44 78
28 17
110 119
49 119
87 10
92 59
106 70
23 61
66 101
15 85
85 126
19 118
6 30
26 71
29 61
21 27
2 65
118 66
28 21
35 90
32 33
87 84
3 78
2 112
40 3
95 4
6 91
36 22
8 80
67 52
111 93
58 113
122 50
56 79
25 37
30 75
4 116
112 117
100 106
16 37
8 25
56 95
40 123
80 103
49 82
34 102
102 14
27 117
94 105
124 125
100 85
71 117
5 64
103 38
108 128
87 4
95 77
31 8
35 6
23 14
47 83
113 106
2 27
83 27
62 10
60 112
84 15
38 44
110 18
23 129
107 53
5 48
60 60
106 83
115 45
70 73
79 125
84 17
52 79
21 45
68 101
23 24
48 78
21 51
67 78
34 60
70 24
85 108
54 120
13 53
39 109
55 22
72 83
48 81
20 13
65 128
73 112
78 57
86 22
110 81
33 25
66 55
43 99
95 72
118 56
19 33
32 63
80 32
102 23
73 75
115 89
27 67
82 34
36 74
87 8
8 102
122 11
59 16
89 10
114 71
122 67
16 15
55 2
88 104
123 4
63 16
111 46
1 68
60 120
38 89
127 54
46 65
45 60
65 30
82 124
75 42
6 31
4 1
23 42
52 63
123 41
112 4
40 17
29 104
16 117
73 51
4 33
74 14
127 57
102 89
120 65
39 115
86 64
90 73
49 39
46 61
104 46
37 36
64 43
22 10
50 10
106 54
76 63
14 83
123 117
106 84
106 4
35 105
107 2
44 108
119 114
38 5
102 55
123 62
118 86
102 73
27 49
49 94
92 75
83 15
0 87
95 83
95 3
1 64
102 65
74 38
104 111
19 122
78 84
28 29
56 92
19 12
48 109
120 118
30 97
99 116
99 1
74 90
71 8
119 42
72 93
6 6
54 46
26 111
74 29
6 86
99 29
57 30
30 103
112 59
118 29
31 56
53 60
60 52
4 82
126 24
31 70
105 16
83 48
16 73
92 15
79 52
50 98
52 95
115 114
81 37
77 114
43 12
89 71
118 61
69 73
10 100
95 26
46 12
27 100
118 70
76 115
77 94
83 81
111 109
37 80
51 86
91 18
118 115
102 84
38 103
33 85
107 68
96 82
53 47
111 37
30 85
45 90
45 107
42 95
2 9
97 116
127 89
49 75
27 30
24 78
121 7
127 26
108 25
40 40
86 87
39 116
2 108
10 65
127 93
17 44
14 98
27 81
6 70
94 81
61 35
97 117
54 11
128 104
105 23
92 12
80 17
124 88
88 115
22 34
77 91
90 123
19 97
86 12
15 29
115 2
107 54
100 56
0 94
34 7
124 97
41 29
56 96
44 103
9 16
56 125
114 56
110 14
88 48
95 37
16 62
119 2
21 84
100 26
67 57
121 128
87 60
121 96
45 36
109 7
121 109
123 0
71 108
46 44
69 105
6 1
0 32
80 95
113 109
29 38
76 114
22 62
121 24
69 65
65 105
62 118
42 109
47 19
24 25
7 47
67 30
2 55
123 71
86 121
68 44
115 103
37 3
124 62
81 74
55 77
35 69
106 51
116 65
23 102
5 74
63 45
86 70
24 56
74 68
76 36
3 9
1 41
84 26
97 127
4 73
99 102
82 0
32 98
26 5
1 118
32 109
94 107
125 50
11 34
24 121
104 90
11 29
24 10
37 87
62 82
63 122
99 40
63 62
85 86
50 112
85 6
44 58
65 67
57 60
3 53
104 98
36 78
5 26
109 57
28 89
111 97
52 115
86 102
119 47
37 14
85 102
45 94
81 32
127 38
4 112
64 0
20 102
14 78
28 118
106 57
75 38
51 126
84 120
108 115
45 13
100 81
91 71
50 74
7 43
113 33
122 78
115 26
53 125
119 93
16 17
8 15
33 44
77 17
53 4
78 44
85 27
47 24
9 21
90 53
79 54
10 86
21 5
61 27
81 89
12 16
53 12
19 54
33 82
53 45
80 113
32 41
82 129
94 80
34 16
77 117
18 59
32 122
101 32
41 52
83 95
93 65
34 48
52 20
8 72
94 9
5 68
91 77
71 58
50 105
111 92
23 94
6 128
8 50
96 95
37 99
123 15
64 55
58 93
46 42
81 9
59 1
102 102
86 69
45 82
59 83
92 57
35 17
115 5
94 83
18 102
20 45
12 95
39 73
58 29
92 91
55 51
21 13
71 93
59 30
88 80
119 37
29 57
5 105
27 60
42 46
99 71
42 15
89 40
32 53
19 75
25 36
84 81
8 14
103 9
102 61
47 127
35 95
125 111
122 19
23 17
60 64
96 86
27 0
51 9
108 4
90 21
111 3
23 119
7 24
125 63
118 91
65 2
95 45
102 108
71 55
2 121
26 38
11 114
71 48
73 34
57 89
31 31
88 64
122 116
122 6
88 18
61 71
101 37
77 129
127 113
2 118
75 26
51 110
21 22
77 124
99 74
115 22
33 100
92 90
23 124
121 116
13 46
99 75
66 87
18 47
27 74
96 128
30 59
8 1
40 29
104 27
126 63
67 54
51 47
91 69
56 78
65 66
27 46
128 95
46 56
118 1
43 88
17 85
95 22
78 48
85 127
36 64
75 125
42 49
1 36
92 110
4 23
120 77
81 96
96 78
125 110
14 59
118 106
11 39
92 128
60 90
85 38
123 91
81 56
5 27
0 51
38 73
129 128
30 106
75 115
88 90
17 59
97 76
38 78
85 43
107 118
42 57
6 23
110 115
50 125
107 128
1 116
54 90
58 1
72 80
46 95
107 20
91 38
51 45
9 97
121 64
36 48
94 127
0 126
112 81
25 90
14 82
61 98
34 84
17 28
107 87
28 99
94 28
128 90
68 109
11 103
93 47
21 83
65 118
93 69
84 57
0 57
17 40
95 46
0 58
16 16
109 69
19 11
33 95
84 129
6 94
108 74
107 27
121 102
2 29
90 63
110 39
106 113
58 77
79 91
96 125
128 30
4 121
60 98
53 21
33 6
5 12
120 11
116 84
34 43
6 45
3 33
99 104
80 102
44 92
66 127
120 34
126 83
85 104
33 16
96 75
42 107
107 0
75 57
41 119
111 90
14 74
78 96
38 82
76 35
25 46
57 76
50 75
13 68
25 57
16 99
84 4
32 110
68 49
95 106
110 83
40 13
12 44
52 11
128 101
77 26
123 38
64 45
73 90
103 28
125 24
39 12
109 74
109 118
29 95
36 93
36 3
97 121
22 63
30 86
25 69
111 94
68 94
40 77
76 71
74 63
106 103
0 6
25 60
108 65
31 23
21 47
108 116
38 47
108 58
77 18
35 81
9 54
50 53
2 126
111 88
62 37
114 109
84 91
28 64
82 98
115 123
106 17
2 44
8 24
23 113
41 36
39 86
45 106
96 32
94 57
21 90
111 42
33 42
30 112
50 114
12 124
65 59
50 50
102 2
3 59
23 16
25 61
20 74
1 126
73 84
17 60
39 39
72 73
58 70
93 8
1 113
54 73
72 17
53 44
126 43
44 38
44 20
92 70
61 70
48 123
102 126
61 66
105 118
74 53
37 116
9 116
62 87
41 73
53 103
98 36
0 125
126 54
34 18
106 97
43 54
56 7
120 56
116 128
36 65
55 104
68 129
123 63
77 66
63 8
93 93
126 66
61 20
2 116
14 0
118 16
93 26
48 31
67 27
83 17
4 54
112 88
89 89
16 101
106 7
83 16
70 40
48 112
48 62
95 67
110 69
5 115
89 17
108 121
35 110
105 113
16 98
43 98
13 91
129 95
65 81
88 28
80 62
123 124
51 77
97 72
36 0
52 4
97 34
97 53
57 38
31 101
61 14
95 115
61 21
120 25
8 88
87 77
104 22
81 66
109 13
70 12
38 88
42 19
27 72
129 9
55 84
53 27
52 64
86 95
86 21
9 107
83 14
29 50
52 22
21 91
99 127
23 104
111 119
84 51
57 126
97 39
43 9
41 31
125 100
46 93
110 92
74 50
80 29
39 101
61 86
68 28
123 10
0 88
1 120
36 100
79 64
94 82
62 72
20 104
116 72
32 82
94 8
105 101
109 126
122 90
12 114
23 92
10 22
84 21
58 23
18 16
64 46
109 32
68 108
47 27
108 71
47 68
44 99
20 89
86 24
64 114
33 37
33 51
37 12
82 83
51 76
104 95
91 17
41 2
40 19
98 41
76 37
16 22
58 67
25 114
83 44
123 12
71 112
92 33
28 68
77 59
5 25
107 104
122 10
54 85
83 51
51 64
33 19
110 51
74 109
89 15
47 86
100 68
128 82
13 128
116 126
102 110
59 60
17 129
29 68
46 20
41 115
96 105
69 74
119 95
125 114
1 20
37 111
21 96
7 5
98 69
18 24
82 7
61 64
17 63
46 6
104 3
73 42
35 11
75 61
52 103
6 55
122 79
17 34
124 99
17 8
106 80
99 111
95 1
85 19
26 67
58 25
46 88
14 104
109 63
100 102
71 73
16 56
32 89
9 13
50 11
97 85
39 72
66 46
112 89
0 33
77 32
92 99
95 36
12 71
99 17
116 60
72 129
24 46
80 44
63 93
127 42
38 112
24 62
3 15
13 106
36 50
50 36
110 118
77 4
124 70
114 22
66 59
32 127
104 69
116 56
55 122
15 9
11 53
73 70
112 0
73 53
116 77
81 121
99 83
59 104
124 48
28 66
90 44
117 74
106 81
15 36
42 123
47 79
114 4
65 60
70 126
89 32
101 90
29 126
54 99
37 13
47 96
53 51
39 129
4 129
84 128
65 111
108 63
50 77
106 102
49 51
92 23
80 80
71 113
86 103
123 16
91 82
30 27
86 60
57 67
83 35
93 9
128 41
10 17
49 54
99 79
95 121
44 126
36 96
74 7
100 97
60 15
34 6
109 11
65 79
61 72
55 31
118 117
71 49
49 64
93 78
9 31
52 89
0 112
87 68
16 70
26 89
2 34
63 0
57 31
23 103
20 38
35 103
104 60
50 129
127 27
85 129
119 9
92 127
86 79
106 16
6 123
51 117
92 28
49 110
88 10
104 43
117 62
110 45
45 103
126 15
25 79
0 36
125 57
90 98
16 30
29 24
121 77
63 11
102 129
99 61
68 5
15 28
76 125
64 82
64 108
20 98
104 35
84 126
7 2
24 53
1 124
63 102
5 10
18 9
92 18
29 67
0 123
23 82
75 114
22 53
42 65
18 34
15 125
8 64
37 76
122 52
92 0
111 115
103 105
68 55
2 39
118 21
88 128
3 100
88 20
48 40
47 70
47 69
32 49
45 55
127 85
30 76
9 37
41 38
126 116
34 94
23 69
3 88
77 47
29 79
60 13
49 74
33 126
69 12
124 12
68 25
80 79
123 88
101 126
50 57
112 76
72 114
102 52
102 28
1 53
54 65
108 119
57 25
95 92
106 104
6 89
71 116
94 42
44 112
68 34
50 60
36 112
84 87
113 60
1 13
8 128
84 30
49 66
67 75
88 121
64 128
5 128
91 110
46 114
51 55
6 11
87 70
41 4
70 91
87 1
98 26
126 32
84 82
91 62
11 100
70 105
126 50
111 116
118 96
38 126
86 76
15 7
31 54
48 64
12 62
87 23
126 18
119 122
17 26
36 106
15 2
8 115
82 88
40 53
4 69
112 72
94 114
21 110
27 3
67 36
10 93
2 79
37 68
56 44
115 84
51 37
123 86
73 14
87 97
126 126
61 49
34 72
91 22
119 5
51 115
51 40
32 123
48 79
104 9
42 77
47 48
92 118
26 70
107 7
1 56
104 106
20 88
31 7
61 63
40 94
19 20
22 69
49 11
28 126
47 60
57 112
15 66
26 80
119 94
30 83
73 13
15 27
76 78
46 21
96 60
28 113
12 82
94 126
111 10
48 129
123 79
111 12
15 26
17 35
23 70
10 31
69 108
5 22
53 113
8 20
73 121
120 3
73 65
85 51
39 34
114 13
36 51
93 66
5 94
124 104
13 51
127 129
41 77
100 9
26 66
92 36
4 18
88 110
90 118
59 17
69 36
105 110
42 94
128 31
125 41
116 93
109 114
125 113
112 70
92 85
26 79
60 108
114 98
27 76
63 78
2 114
94 94
57 73
124 90
2 72
86 3
8 34
67 89
72 107
57 98
62 33
19 120
117 35
43 85
88 78
91 76
68 82
50 116
108 124
51 120
10 101
115 66
46 37
124 108
26 55
56 81
72 127
53 52
52 5
129 107
119 117
75 93
58 3
44 111
62 126
71 46
15 97
24 57
16 69
46 58
15 102
31 119
110 41
60 77
38 51
92 44
114 23
28 8
11 67
96 109
108 51
92 98
76 129
52 52
5 40
25 88
128 8
51 15
52 50
2 115
126 115
33 60
117 83
114 0
67 125
53 6
88 84
94 66
120 88
55 94
98 57
90 75
128 53
89 47
112 93
28 69
64 28
100 78
87 49
79 104
69 15
127 15
107 100
48 2
105 13
100 3
97 86
43 42
11 96
113 20
3 5
67 101
50 24
86 116
81 76
36 117
10 13
17 48
118 62
7 103
45 27
14 63
114 128
2 36
49 108
51 41
72 113
128 105
107 129
101 27
33 55
36 121
83 8
23 86
75 44
6 44
126 118
123 2
32 52
53 48
42 76
55 64
4 115
34 10
58 41
61 85
40 52
32 73
110 80
101 122
10 121
77 63
87 109
26 29
68 128
78 5
115 121
13 110
86 0
43 86
54 57
70 87
22 97
78 106
42 86
59 18
129 2
83 115
14 28
30 53
18 55
119 58
106 53
122 87
123 64
13 20
85 18
25 25
15 62
117 32
100 95
22 84
121 18
93 77
92 68
97 43
25 125
88 129
77 65
78 29
102 26
34 114
126 81
48 36
32 45
107 99
56 36
74 69
70 115
9 20
80 105
114 15
118 41
95 11
82 81
11 52
119 112
13 21
75 15
8 116
79 114
49 127
3 61
37 33
28 114
78 74
67 19
127 92
91 48
96 0
126 123
31 0
38 29
127 118
13 26
125 102
3 64
80 106
82 26
52 43
125 67
80 28
39 87
3 1
24 86
10 83
105 5
111 128
82 3
0 86
57 64
93 10
40 73
97 68
78 91
115 116
95 110
81 63
110 84
82 106
15 22
13 90
107 126
63 125
121 98
46 14
67 91
70 108
58 39
57 81
94 129
91 94
95 62
117 70
89 98
88 103
83 84
6 43
17 43
19 0
13 29
7 118
86 44
117 26
59 88
52 8
41 41
10 53
2 92
33 88
118 13
125 49
74 118
93 88
67 121
33 10
10 87
63 98
53 128
72 65
119 27
87 21
54 111
71 29
12 126
77 85
100 47
42 17
94 52
82 84
77 109
27 53
107 67
125 105
110 93
109 6
82 119
73 81
86 99
89 85
115 111
20 128
59 0
50 48
91 8
102 48
89 19
27 93
7 55
129 60
28 5
14 77
3 43
38 67
121 110
76 39
13 34
70 5
19 77
109 76
60 28
29 37
25 35
112 90
101 47
57 110
29 78
67 64
31 3
124 7
86 91
94 75
18 108
88 98
107 101
122 23
94 88
114 102
88 106
98 11
125 48
14 34
106 15
116 20
129 37
45 2
110 64
3 98
82 128
49 117
63 9
20 115
80 61
90 110
69 76
126 10
125 13
38 66
56 47
32 3
27 57
128 6
89 51
19 5
45 118
101 50
46 115
87 42
32 99
41 125
3 110
30 67
95 17
112 14
73 31
116 28
0 80
123 92
21 2
77 101
55 115
54 47
118 14
3 86
88 89
104 86
79 66
50 67
3 66
90 42
32 62
37 54
61 78
38 21
66 110
62 64
72 34
34 74
85 21
67 46
47 63
16 119
23 73
86 47
103 25
51 42
4 127
7 13
19 106
113 22
52 1
47 61
78 70
51 20
101 129
3 19
104 53
106 2
48 55
125 12
115 82
128 77
99 28
10 89
101 54
3 81
58 27
77 106
36 17
28 110
118 75
107 15
77 121
39 43
88 51
31 11
71 36
25 87
52 76
80 8
111 76
119 118
73 11
85 68
69 5
13 56
42 128
87 118
48 20
16 23
40 99
89 86
122 93
87 7
63 96
28 59
129 114
22 46
19 98
16 38
18 93
79 82
71 24
1 97
119 110
108 62
85 123
20 40
52 25
14 70
79 34
5 79
66 68
126 112
60 71
77 13
17 54
57 11
104 123
3 37
74 49
82 110
22 19
84 59
16 65
128 14
21 93
108 61
88 85
9 111
19 104
45 35
31 92
58 7
128 124
19 116
34 32
93 85
12 9
125 23
54 75
22 128
73 23
41 82
4 2
6 57
39 20
38 34
8 3
44 11
128 16
45 119
32 15
90 61
40 60
7 123
51 33
105 1
119 4
129 82
20 90
37 96
60 19
85 54
14 128
104 17
94 109
66 10
19 29
64 126
15 30
34 71
99 53
80 40
65 37
104 18
34 45
30 12
64 96
6 16
59 90
79 23
50 69
4 83
97 75
101 76
111 101
70 120
43 6
55 9
6 80
102 128
17 89
87 51
51 107
72 29
14 35
50 23
37 108
110 126
3 87
66 71
71 17
110 65
94 40
38 106
63 5
23 33
33 67
109 56
74 32
26 61
120 68
24 79
16 71
14 42
103 20
103 71
38 108
55 117
34 21
58 78
16 112
81 27
6 5
109 46
112 113
21 98
115 51
104 94
121 2
115 76
22 21
80 48
37 120
57 23
11 77
42 121
115 59
64 35
76 108
127 44
21 111
96 63
107 89
61 39
66 128
105 102
26 68
128 28
87 30
75 48
40 117
113 90
85 105
83 43
60 50
71 86
128 65
99 99
23 22
72 77
88 39
95 68
44 88
55 24
40 120
97 57
54 86
89 52
33 80
125 78
126 53
114 69
76 8
70 8
68 24
114 53
87 36
58 72
86 112
43 70
116 38
7 81
25 109
92 82
57 78
30 4
46 107
8 49
52 81
41 44
57 10
125 75
2 31
114 90
66 30
95 50
106 69
10 69
26 108
17 42
103 118
73 76
43 5
119 89
87 63
35 39
35 71
2 101
26 84
31 129
10 104
45 41
53 90
31 64
42 87
126 6
128 20
78 113
32 94
10 43
79 6
71 51
123 8
54 109
47 99
124 34
18 39
15 10
21 59
44 110
74 26
69 40
40 9
62 91
93 121
119 45
67 93
64 23
19 52
98 126
90 5
16 66
29 19
89 50
95 107
69 121
101 40
59 7
11 98
37 6
101 89
95 80
81 4
69 78
115 75
1 94
17 13
6 113
122 37
53 64
118 119
39 89
13 117
6 125
4 125
44 25
95 65
12 68
79 85
24 104
19 110
121 118
72 11
125 101
61 18
58 120
79 51
120 80
92 117
41 72
62 81
121 63
93 6
80 83
68 0
71 100
73 122
51 39
115 50
18 36
103 53
10 26
97 27
3 39
58 12
115 63
113 97
81 127
36 123
127 105
114 18
32 81
5 86
7 49
49 30
17 30
102 97
43 80
126 61
52 83
60 93
56 50
85 72
82 43
78 46
88 34
32 40
38 4
107 55
72 88
61 104
106 5
96 34
106 108
120 97
79 50
30 42
106 59
103 33
61 45
59 72
40 88
13 14
22 30
94 21
84 37
122 77
65 112
6 47
65 29
48 50
23 72
20 80
119 76
20 62
106 11
123 57
67 22
125 29
111 112
125 32
3 24
13 77
69 112
48 47
88 101
50 95
4 120
98 102
21 125
46 39
69 28
18 10
76 72
97 89
70 43
44 51
86 128
101 114
86 88
74 70
129 92
39 16
36 56
35 25
35 47
106 12
81 73
57 53
11 43
42 83
29 92
5 33
14 95
86 62
37 55
1 27
39 104
127 58
67 72
85 91
33 46
121 114
22 7
51 90
117 99
25 119
12 30
70 11
11 17
26 82
97 58
43 57
41 50
84 60
24 27
122 31
32 26
25 6
66 120
117 28
90 69
123 107
12 31
58 111
15 3
2 124
118 84
4 36
5 39
77 115
76 127
29 27
34 46
128 32
34 78
54 52
93 41
88 127
129 31
90 64
96 70
64 33
41 111
84 63
111 61
125 125
111 118
14 105
65 114
3 80
110 114
73 86
2 96
107 91
1 55
114 47
54 43
2 99
54 125
109 96
35 80
101 67
2 10
74 74
129 68
73 85
114 92
88 74
59 99
43 15
123 70
79 65
49 18
35 31
63 82
113 107
31 113
68 75
14 93
35 34
50 41
65 58
125 126
74 51
113 119
33 69
51 81
61 97
108 126
44 41
14 47
31 35
119 72
105 99
41 64
31 60
80 56
79 60
126 85
49 49
8 109
13 112
104 125
128 75
111 47
33 5
124 71
104 6
73 61
117 45
124 18
106 91
64 103
103 1
125 88
94 112
37 85
7 124
45 71
89 112
120 39
20 53
12 129
69 125
83 118
91 50
45 73
60 24
12 113
81 2
110 112
79 73
121 13
106 30
30 108
85 30
102 121
91 42
54 23
41 108
121 33
110 37
2 120
69 83
105 83
62 17
111 21
4 29
117 109
100 32
72 40
6 68
30 14
59 49
119 1
12 121
16 90
96 107
52 72
76 69
41 107
123 39
95 102
37 98
74 0
67 96
86 54
1 107
76 48
82 116
93 122
75 1
31 1
65 11
120 12
8 28
56 110
94 4
70 34
8 117
69 124
35 107
4 8
10 56
80 75
74 23
60 78
114 1
63 71
81 75
9 56
20 18
123 6
31 16
76 64
96 99
53 85
35 32
40 68
89 63
31 86
116 76
117 65
76 105
29 52
11 113
103 80
59 65
64 75
62 117
75 64
65 23
97 31
115 38
89 21
48 76
9 108
98 78
49 116
12 52
85 90
91 103
75 11
64 67
119 85
30 111
118 72
54 4
69 128
110 62
56 17
30 45
63 63
41 19
81 31
3 3
4 93
124 22
110 94
114 20
100 92
63 91
112 9
95 33
59 86
4 87
31 2
29 97
18 5
69 117
120 57
97 79
121 99
68 90
13 113
90 35
24 29
52 16
110 15
56 25
70 55
4 70
36 2
62 111
32 67
37 20
9 49
89 107
78 51
114 74
97 100
90 79
108 107
15 20
3 117
54 69
105 26
113 15
119 65
108 60
47 20
26 18
94 13
49 67
7 37
68 59
1 65
4 5
22 109
76 106
83 1
27 79
7 112
55 69
36 85
60 74
33 59
14 125
3 99
103 117
15 11
54 53
58 74
65 127
26 19
0 77
120 66
124 1
44 129
127 56
117 8
47 9
90 120
73 10
36 59
47 90
8 57
64 4
10 1
35 4
25 121
12 97
127 75
8 101
54 78
23 96
20 46
63 70
96 37
97 25
95 75
4 34
116 33
76 2
6 63
17 83
21 112
30 21
95 108
80 14
26 69
19 78
40 48
86 77
42 92
76 59
4 7
17 27
126 5
10 23
8 9
80 116
11 3
25 85
114 64
93 28
8 62
116 3
15 128
89 4
122 48
64 111
55 59
69 35
75 23
59 52
87 26
66 3
106 29
107 4
97 16
96 72
14 46
41 58
126 48
118 79
110 103
42 8
116 94
116 104
24 74
85 79
42 62
106 27
18 56
94 30
92 9
78 54
39 37
12 91
19 28
42 116
28 10
63 56
27 63
8 6
74 21
76 52
129 79
40 84
123 13
103 116
30 60
32 25
77 53
100 93
65 26
80 42
105 31
74 83
10 27
18 68
90 107
63 27
108 38
82 65
93 106
63 6
98 121
122 51
52 108
70 94
98 28
88 21
65 91
10 55
17 87
83 76
107 14
60 95
48 60
51 14
107 29
7 48
100 62
72 16
94 62
20 58
120 18
26 59
58 58
60 107
17 62
97 107
112 120
99 118
68 53
35 114
38 124
53 98
32 18
88 120
55 87
76 45
108 78
44 9
14 122
12 99
99 39
116 85
18 50
85 117
124 55
123 111
57 111
7 54
73 47
55 109
95 81
25 126
44 30
9 14
20 105
42 2
79 123
48 74
60 22
27 37
117 124
62 85
52 30
39 128
59 82
94 14
80 115
41 65
111 29
44 14
27 4
63 76
110 10
34 20
93 123
79 39
24 8
80 18
126 56
128 9
5 129
88 32
123 100
8 98
103 111
33 70
70 85
125 65
100 57
22 77
114 37
86 117
55 49
48 91
51 84
54 48
122 108
14 53
125 1
13 50
55 118
29 108
96 1
120 53
15 74
32 125
66 47
30 11
101 64
64 106
126 96
120 111
49 99
99 56
66 70
28 49
24 120
13 16
66 11
50 44
28 121
90 26
44 109
120 40
119 99
83 82
24 20
1 25
34 106
105 32
82 91
126 76
43 129
70 26
23 48
106 10
4 74
88 54
68 120
53 65
79 49
103 52
9 91
37 52
120 129
79 20
111 108
94 103
33 103
37 21
73 99
28 87
119 48
25 124
91 113
62 96
110 7
115 129
97 23
103 120
22 3
27 71
122 70
61 123
103 107
11 91
61 61
69 17
126 79
65 42
63 126
107 72
69 81
111 28
18 96
2 48
104 67
11 42
5 76
110 124
103 86
121 39
8 53
71 27
58 22
72 85
55 112
107 93
126 42
92 116
118 127
60 29
123 69
32 68
121 25
109 58
22 73
7 90
13 36
100 20
5 118
114 40
107 32
22 5
112 48
0 128
37 29
127 114
113 40
109 90
73 17
89 38
114 35
16 81
44 102
40 118
25 33
31 72
73 54
110 109
60 80
15 95
30 116
102 4
117 46
104 85
75 54
125 22
3 40
7 26
74 48
15 123
16 50
15 41
30 82
55 32
128 108
30 105
55 21
16 14
27 58
8 43
30 113
44 59
119 70
28 101
21 119
84 22
3 25
62 65
109 10
75 7
62 75
122 72
36 116
56 87
72 106
37 67
96 69
63 55
123 115
39 31
27 114
4 19
100 63
71 10
75 40
80 60
106 96
119 16
75 45
84 76
61 47
11 127
83 106
124 122
115 4
60 18
129 12
72 105
31 25
123 20
30 52
125 37
36 80
34 125
108 10
51 54
108 85
86 125
0 72
7 74
108 120
29 110
5 66
9 63
50 28
72 123
78 90
85 92
15 112
2 42
40 128
5 28
40 7
55 29
66 9
107 39
120 1
5 5
47 114
47 124
21 18
13 104
90 121
28 24
21 23
70 103
55 30
76 61
10 16
44 75
54 40
129 62
56 102
72 36
67 82
48 97
110 78
84 2
53 69
112 112
66 45
31 12
94 98
81 109
48 1
44 5
39 78
111 51
6 90
79 126
59 119
50 35
128 111
1 71
8 108
56 16
70 122
3 32
100 53
129 74
11 102
31 103
30 10
10 51
105 27
78 101
98 2
105 20
55 0
33 114
11 105
81 128
11 97
70 41
1 111
112 39
46 82
81 110
90 86
50 72
44 79
77 8
34 127
14 106
45 12
36 111
84 55
23 68
30 122
115 106
26 119
25 111
71 87
82 31
57 117
33 117
124 98
7 25
70 84
111 41
50 49
107 114
121 6
78 3
126 17
40 35
14 52
27 125
118 40
13 22
85 101
82 24
11 30
128 88
49 125
74 43
71 119
92 52
95 127
48 105
17 41
71 110
6 66
117 101
70 96
41 86
101 99
62 43
18 117
33 54
86 18
19 85
114 129
94 92
46 117
65 89
81 79
107 75
20 112
118 57
128 125
50 92
113 92
2 63
59 85
78 24
42 102
10 46
12 90
59 55
25 101
44 66
9 114
61 116
20 101
61 79
101 48
21 61
57 88
103 22
96 83
10 94
24 88
103 95
30 78
102 36
90 114
59 118
63 84
48 51
21 64
99 13
36 10
129 90
70 70
98 10
104 25
69 71
13 27
11 4
111 82
58 89
32 13
111 122
4 124
63 42
107 6
67 48
115 35
92 67
52 99
104 51
45 47
23 34
78 125
68 46
14 92
65 45
19 87
70 49
112 104
58 92
38 128
55 6
97 71
40 65
87 20
105 62
124 3
83 94
70 47
39 117
103 65
51 95
16 18
79 68
109 25
64 97
112 73
102 80
117 56
20 120
22 83
10 37
27 31
49 56
102 34
120 81
129 110
116 112
75 41
119 54
48 124
87 58
106 128
122 28
95 74
39 22
71 5
29 77
75 98
71 109
86 10
27 26
52 97
79 121
46 28
55 47
13 67
63 121
123 58
38 86
74 108
1 11
24 90
41 114
94 0
121 106
86 107
120 120
128 56
89 108
49 95
51 8
124 15
19 60
20 82
101 115
65 49
34 22
60 62
108 102
109 17
110 111
7 100
15 51
78 39
64 15
76 116
8 52
16 9
124 69
91 118
128 123
88 11
94 46
64 104
7 129
112 108
72 78
39 21
115 56
124 116
45 51
62 77
68 72
59 93
71 38
103 46
122 86
33 112
81 113
96 18
109 3
126 119
31 53
72 111
97 97
89 91
15 113
76 95
52 18
12 125
28 100
115 25
8 123
76 111
66 37
103 39
26 39
35 126
117 43
117 2
107 105
43 35
99 88
77 61
44 34
45 26
95 41
114 73
69 95
47 103
50 113
8 127
73 62
63 100
42 75
103 43
23 25
4 105
129 77
20 110
6 17
13 83
49 4
66 19
3 82
112 122
127 126
52 42
63 101
56 61
13 82
72 117
38 122
88 17
117 12
60 118
78 111
89 14
20 47
20 75
102 40
32 106
108 29
41 51
15 60
70 113
54 55
18 53
28 11
84 25
1 3
123 23
27 90
122 128
121 88
103 51
127 104
77 80
44 55
99 110
55 8
129 115
83 19
71 123
20 48
33 116
110 108
17 94
118 114
6 28
58 9
37 40
37 15
50 123
28 78
73 104
75 70
101 28
93 31
28 127
31 5
87 16
10 5
57 29
70 17
19 125
33 84
2 103
39 33
47 115
113 31
98 100
102 113
84 47
128 50
5 34
112 126
77 74
42 1
70 104
76 29
117 78
100 23
96 64
120 94
85 32
63 74
15 17
101 16
9 60
61 96
43 84
19 13
66 94
86 129
77 60
4 49
98 71
65 75
36 44
27 118
5 0
56 128
90 40
52 109
2 41
10 116
110 52
51 73
65 99
73 7
72 10
77 21
29 119
24 115
27 17
11 24
117 27
42 120
5 50
23 7
108 81
77 86
37 27
119 12
75 25
82 99
70 19
13 25
12 2
104 93
34 99
111 16
49 69
62 112
56 1
7 67
42 60
59 43
25 127
124 95
127 88
42 80
21 78
70 44
124 37
114 101
11 31
22 81
84 23
109 67
49 13
60 69
11 8
110 38
104 49
105 57
13 116
30 37
125 31
112 86
129 17
100 126
14 23
61 126
126 91
80 1
116 48
62 115
56 80
77 95
126 38
57 104
71 0
109 31
71 6
42 47
66 27
97 22
26 17
55 13
86 82
15 18
85 33
8 125
37 83
91 57
65 22
13 111
93 63
113 9
124 107
19 69
84 104
104 52
11 90
122 7
101 34
103 108
34 36
91 67
23 107
21 80
109 125
48 44
56 3
60 21
115 71
92 24
127 17
84 62
22 107
9 48
6 4
100 19
105 122
51 10
58 84
19 41
42 71
119 82
11 80
86 32
45 18
126 74
53 5
29 28
127 59
43 38
31 110
14 41
76 107
118 93
64 116
18 62
119 116
71 15
13 13
25 71
128 87
72 21
20 111
69 129
105 77
39 105
100 123
59 98
59 120
69 89
37 10
14 115
33 77
66 103
91 90
112 123
19 26
117 103
127 119
127 30
32 91
114 99
54 82
9 109
102 82
106 101
90 80
19 121
13 41
106 120
52 118
1 59
79 108
121 8
80 23
15 104
94 101
80 9
47 47
127 115
33 47
83 103
44 122
54 22
24 97
122 121
44 56
81 60
105 4
1 46
55 42
64 21
6 32
41 113
21 14
62 22
86 57
108 75
125 93
58 44
28 83
35 92
24 37
25 14
113 44
102 68
41 103
27 61
16 5
30 63
62 30
46 66
99 92
122 30
20 125
95 56
121 67
35 74
3 44
8 30
64 102
28 105
50 73
13 19
72 5
66 63
82 56
128 60
47 55
69 24
41 95
87 55
13 7
98 125
25 52
109 106
10 38
9 51
72 61
112 35
52 19
5 45
88 96
6 14
69 80
99 43
65 44
38 23
33 109
22 98
62 67
98 27
51 61
99 117
2 20
19 100
69 51
50 106
101 100
41 84
21 107
81 42
110 125
60 7
121 84
12 74
70 128
123 89
13 76
113 53
6 29
55 52
27 25
52 107
67 40
124 54
122 4
6 119
122 8
24 36
117 67
10 49
72 97
129 70
7 12
2 61
108 44
113 78
22 104
8 78
117 89
103 113
3 50
31 82
111 62
18 86
74 47
0 47
119 104
87 103
37 90
44 27
0 59
86 48
95 104
108 49
6 81
99 26
101 58
90 96
55 121
12 48
121 32
122 117
110 50
79 102
101 87
16 118
119 14
89 83
92 43
42 16
104 101
122 49
112 84
98 60
71 99
84 88
91 87
74 55
7 22
111 53
21 95
26 88
118 76
0 84
90 95
10 50
48 34
92 47
128 99
90 36
36 12
120 76
122 120
13 48
72 69
20 66
124 128
115 3
35 40
96 89
109 119
40 83
5 62
23 81
110 85
71 34
18 12
110 100
80 99
93 58
122 113
37 9
97 64
95 120
42 100
110 19
6 20
31 33
78 118
103 84
118 2
0 113
5 106
129 81
99 32
97 15
12 109
45 62
52 61
15 83
48 118
58 102
82 104
19 81
30 38
71 92
58 38
17 38
94 124
49 80
129 108
78 78
54 42
93 32
100 115
3 12
63 83
0 4
41 56
108 111
76 14
10 36
88 46
8 66
77 57
26 52
33 31
52 33
110 82
95 89
57 56
77 93
71 56
17 14
44 24
72 62
43 19
79 8
46 74
123 51
24 54
96 55
73 1
105 24
60 53
39 23
39 122
6 52
34 80
85 47
1 54
24 24
26 101
101 60
23 128
42 22
45 110
10 15
119 61
12 49
81 35
20 5
96 122
20 84
93 29
59 92
123 113
85 97
30 50
119 77
90 46
88 117
118 5
28 85
89 122
62 29
48 94
14 9
91 24
117 115
104 127
127 16
76 66
102 37
33 87
44 3
10 30
26 60
52 68
36 34
1 125
118 55
23 51
104 0
15 21
49 38
100 101
92 60
52 51
27 42
44 29
30 30
7 58
116 70
71 44
71 72
105 28
54 59
43 47
82 32
3 29
54 21
101 119
121 47
49 59
96 114
88 13
13 15
118 31
117 33
44 76
49 65
67 120
113 55
48 13
84 83
49 118
111 77
48 121
89 44
91 128
111 0
11 75
43 0
26 104
86 108
107 84
106 82
75 49
62 28
93 16
115 49
14 62
72 1
5 32
96 35
43 28
115 92
113 120
60 4
33 32
108 112
54 50
20 99
54 102
37 46
25 98
12 5
10 91
63 21
115 94
51 122
84 11
94 102
74 81
107 44
26 3
68 14
67 77
106 121
56 34
39 76
65 123
43 116
124 36
38 28
30 128
87 76
21 44
19 74
46 59
114 26
71 12
1 2
63 37
3 69
86 11
90 16
26 24
80 66
106 32
43 82
114 25
14 4
102 46
99 109
114 83
122 126
88 5
78 123
55 46
40 26
124 112
87 52
70 14
31 81
20 56
120 103
115 16
106 23
56 60
37 82
96 71
50 58
42 58
50 100
54 129
129 88
114 106
91 89
77 0
99 72
97 48
69 49
82 72
49 73
113 8
51 116
109 14
13 92
125 17
110 73
116 31
110 27
101 113
120 104
74 4
27 66
32 5
93 2
21 69
96 106
4 65
68 12
69 109
118 54
126 59
13 37
82 90
17 23
127 18
114 17
63 39
92 27
123 67
17 82
102 31
0 45
35 15
120 33
10 103
104 110
5 89
78 0
118 43
53 77
56 112
113 102
17 117
76 76
30 94
66 122
66 125
104 21
104 26
102 9
69 102
47 7
31 128
63 116
114 39
87 119
109 87
47 76
120 50
87 43
69 111
14 81
99 95
33 121
64 38
35 22
35 122
31 67
10 125
98 80
9 7
2 60
70 80
22 121
119 128
118 63
126 94
91 58
112 64
85 3
17 127
48 87
11 13
83 92
32 50
28 73
69 79
107 79
119 50
74 78
94 6
105 46
125 14
14 10
91 73
12 1
105 123
75 67
126 47
22 12
42 44
109 24
44 91
85 114
51 36
15 105
107 127
34 85
91 32
82 42
11 47
70 9
116 90
17 128
80 16
86 15
32 58
5 73
102 69
66 82
85 13
79 112
62 8
29 34
104 10
28 98
68 27
78 37
53 29
60 33
84 78
100 90
42 5
59 39
99 80
33 15
75 122
95 8
33 93
67 65
11 111
113 70
23 39
56 5
128 110
89 90
26 23
30 110
21 88
120 29
3 89
126 0
90 88
92 21
3 77
111 104
100 66
8 90
105 128
44 28
81 99
58 42
29 15
36 46
10 21
8 83
109 66
108 6
98 77
123 121
5 78
105 73
70 68
106 0
122 122
40 96
10 64
32 84
61 121
126 39
23 44
107 107
30 101
98 29
29 10
100 86
109 62
60 97
76 75
28 55
0 43
113 51
55 36
37 119
63 28
18 7
115 83
14 31
75 20
107 124
84 29
69 92
11 118
88 105
25 73
108 31
89 49
39 97
79 119
57 62
28 20
57 77
81 47
114 116
53 104
80 88
106 78
79 1
122 14
92 62
14 129
96 76
106 39
99 60
36 47
103 6
106 106
2 93
105 81
44 119
120 105
115 97
3 106
99 86
81 82
108 64
110 30
71 88
109 48
66 23
112 66
125 42
123 55
13 98
7 7
119 0
124 123
65 120
97 18
9 85
64 31
111 124
92 42
56 67
117 40
24 77
66 66
86 16
62 100
4 117
129 24
65 104
71 106
92 106
121 85
37 122
129 111
7 60
73 125
69 123
21 86
42 34
94 106
100 39
21 60
4 106
110 68
80 100
30 24
55 5
62 120
103 92
129 4
103 27
121 72
50 55
28 53
92 105
119 26
26 40
46 67
97 104
68 6
55 79
35 93
124 17
114 55
9 41
109 103
28 38
104 58
88 33
15 45
72 128
62 116
92 97
96 48
43 20
44 21
124 113
41 112
48 29
117 41
47 4
16 129
114 19
85 93
38 93
77 41
103 24
67 126
50 21
60 99
70 82
80 30
14 37
76 110
127 95
114 49
79 127
0 68
90 43
30 84
3 71
51 48
128 68
87 122
74 44
11 58
90 78
127 13
85 122
28 95
5 85
117 61
114 119
129 127
106 114
57 55
66 95
88 100
57 46
45 86
24 5
45 40
58 13
17 81
77 68
33 106
32 120
111 60
44 98
114 80
63 114
83 13
85 118
127 70
21 87
58 129
118 9
64 122
45 50
97 118
84 108
117 38
52 32
0 55
43 51
9 125
117 17
53 74
116 87
39 44
33 41
47 95
85 7
95 82
69 91
90 102
78 72
93 7
121 79
50 16
33 110
32 124
123 44
81 68
24 96
100 42
114 112
74 99
113 95
79 22
9 65
72 119
112 62
35 30
6 51
102 38
12 54
98 120
51 79
94 123
48 111
123 127
110 87
59 129
34 31
15 99
90 62
41 28
99 64
17 57
26 36
109 92
103 7
109 80
127 77
20 77
76 12
28 31
89 61
115 32
120 99
7 80
27 19
108 50
48 11
109 44
76 62
95 122
18 18
65 36
12 33
63 44
23 46
99 119
86 86
32 86
54 96
55 72
13 114
29 102
73 98
9 69
16 6
49 128
94 38
89 76
105 40
123 114
77 113
125 128
58 34
62 46
19 88
105 3
53 7
52 91
26 4
106 77
41 71
67 107
95 23
27 22
112 47
126 4
66 123
42 99
40 103
114 126
53 126
117 119
51 18
92 8
46 99
126 125
101 103
50 32
99 100
10 19
67 67
65 69
45 79
47 40
50 115
102 41
113 56
112 128
29 40
0 98
47 32
91 129
83 39
110 57
16 3
5 47
128 120
126 105
60 109
67 85
78 71
90 20
40 28
117 92
83 120
28 57
13 93
0 35
87 9
67 95
112 116
45 42
129 16
50 120
39 2
92 126
16 107
38 118
68 89
54 88
100 46
10 81
73 19
87 85
45 93
30 28
126 30
105 53
113 112
77 75
3 55
75 43
36 99
35 36
101 128
75 52
25 41
127 79
22 101
113 37
4 92
38 11
125 117
119 3
105 76
121 41
46 33
99 59
102 56
94 41
18 54
11 10
43 95
80 0
47 31
111 8
37 0
15 8
21 29
4 25
120 41
11 110
15 46
90 1
92 7
29 86
13 100
91 124
121 12
52 125
103 125
58 88
3 8
74 56
48 68
12 6
44 43
124 51
71 31
53 120
64 65
33 33
37 124
25 62
75 95
23 60
14 124
96 65
114 113
53 88
14 114
119 28
0 99
65 61
38 72
1 123
121 111
77 87
51 65
129 93
117 102
105 104
13 32
126 40
55 34
116 111
3 58
36 8
65 73
20 96
8 33
29 22
5 93
70 7
2 62
44 1
101 57
45 9
113 57
47 101
58 116
10 33
73 128
22 9
24 18
35 66
118 121
66 64
119 108
96 118
36 4
13 119
37 127
63 108
9 52
3 72
119 123
125 25
76 57
0 9
72 54
74 1
37 128
113 13
117 98
68 48
41 34
11 50
30 114
115 77
21 46
66 2
80 108
30 20
7 45
115 31
37 51
18 33
125 20
49 98
0 16
35 9
95 85
28 70
3 62
53 56
9 127
46 10
52 75
10 97
70 92
106 71
24 85
64 8
42 125
19 124
32 36
57 45
14 65
22 55
98 31
104 70
118 88
8 31
25 43
22 22
96 116
86 115
26 56
74 123
29 62
54 67
44 94
81 126
52 74
123 66
64 105
4 58
88 15
122 9
93 0
52 53
86 17
32 103
59 14
10 39
97 9
57 103
95 70
38 9
127 80
44 15
42 20
0 54
9 6
98 96
129 86
84 67
94 27
30 56
76 109
66 48
20 83
74 52
129 38
39 8
89 78
108 42
28 79
113 18
114 43
93 68
56 53
14 113
127 96
54 104
7 105
4 27
66 42
115 102
123 95
105 92
21 33
81 20
92 61
90 29
124 75
48 38
27 12
13 38
2 11
51 69
33 102
110 31
97 111
13 44
125 9
66 89
128 61
57 42
81 22
65 78
47 10
5 108
69 58
7 28
5 60
90 112
77 92
3 13
84 71
88 75
95 66
32 24
71 71
72 41
37 112
53 23
92 30
67 76
53 32
19 101
93 97
105 86
54 9
29 106
2 127
25 5
39 94
38 1
96 79
71 65
99 81
20 1
8 94
121 43
119 31
86 39
116 118
37 95
118 116
13 45
73 127
23 53
6 77
89 125
20 3
27 106
105 74
7 52
79 46
99 25
78 63
122 105
59 27
58 83
40 55
53 89
68 76
127 29
49 44
7 68
32 7
60 115
4 15
78 94
121 74
18 119
70 38
79 3
16 124
111 67
11 49
11 57
79 100
74 125
35 53
128 52
112 25
82 9
73 97
112 99
24 83
115 90
3 83
101 31
7 73
39 88
117 1
39 1
118 129
62 59
44 36
64 56
32 72
47 22
89 87
89 105
87 79
109 52
16 27
81 34
61 117
27 96
42 4
91 61
51 93
110 34
81 48
97 6
41 5
61 30
20 9
24 4
73 52
85 73
76 77
91 64
83 129
54 56
109 16
128 40
80 73
90 84
56 129
15 96
76 22
104 42
0 108
111 11
103 129
33 27
22 117
109 84
70 114
81 33
57 32
91 10
41 109
4 79
123 11
123 90
30 98
117 116
60 85
128 107
107 56
10 47
20 21
8 46
84 74
80 34
110 116
52 26
17 1
67 69
87 32
56 23
67 41
95 78
117 87
65 94
68 88
60 91
44 93
33 72
22 1
14 51
74 117
6 82
96 115
7 11
30 89
55 75
38 65
60 11
104 124
94 48
50 54
21 36
17 15
32 102
65 16
10 90
116 124
49 97
74 82
95 114
36 120
6 71
104 61
98 1
113 113
74 57
24 125
75 0
100 75
4 66
124 93
126 52
59 38
25 55
70 3
18 75
68 2
122 34
122 65
23 13
38 55
33 99
17 77
50 101
24 38
96 2
87 39
86 63
87 128
96 73
83 22
121 81
25 42
46 113
31 66
41 22
66 102
108 57
2 83
105 39
2 102
41 1
18 110
81 65
9 103
87 74
70 67
108 93
29 87
113 50
33 81
109 60
121 83
72 95
63 57
58 35
18 77
110 101
77 23
22 118
52 84
78 110
86 1
102 12
99 67
78 98
101 73
49 17
126 111
69 59
11 36
35 88
11 59
16 94
14 85
57 44
119 39
83 97
62 97
54 115
46 23
101 11
122 46
52 34
112 121
13 89
0 85
37 91
57 15
108 90
101 44
42 82
98 30
24 94
102 17
60 86
9 95
35 63
50 18
29 51
22 26
61 109
114 87
51 83
85 110
22 119
51 52
72 98
76 19
41 30
105 35
78 58
122 75
113 76
62 56
45 92
77 25
22 32
119 68
128 19
9 36
78 26
118 92
64 58
22 114
15 114
57 84
108 73
49 10
77 69
27 64
48 88
54 128
20 108
43 115
26 26
26 83
114 3
51 101
23 62
8 8
82 17
40 64
0 122
87 40
87 71
101 77
124 74
81 67
125 18
86 56
64 20
101 5
127 14
65 98
5 103
76 104
17 119
103 45
74 65
45 127
83 109
30 22
105 82
61 0
5 75
69 61
0 107
60 100
40 39
114 58
129 48
33 64
26 2
52 111
67 74
84 109
120 44
6 96
107 59
126 75
105 10
0 22
118 105
26 94
129 19
29 25
62 9
46 15
29 109
91 112
113 52
31 30
16 115
56 64
58 79
69 68
19 90
100 7
52 15
114 127
11 83
37 56
34 103
49 63
14 26
98 90
105 55
105 47
11 61
89 128
35 125
92 54
112 71
100 59
84 42
76 100
91 95
37 43
69 119
34 87
102 57
79 74
92 31
98 52
102 7
30 19
63 99
117 85
51 98
118 90
89 37
80 107
85 106
5 16
89 60
11 74
62 36
59 107
77 44
27 113
40 92
106 99
72 72
45 72
53 9
47 118
88 93
53 30
23 43
48 6
125 129
73 115
48 63
100 37
95 94
62 31
67 5
20 34
81 98
65 40
111 66
117 108
41 123
34 8
79 93
46 48
63 1
64 24
81 30
22 71
0 106
33 94
121 95
109 34
74 114
49 31
29 11
46 7
34 41
90 108
110 95
106 93
51 128
1 95
106 110
120 93
39 114
88 12
100 119
118 11
27 112
6 110
108 32
81 94
11 81
67 106
80 58
54 91
111 7
5 120
102 79
107 81
15 119
56 126
38 120
53 82
125 83
61 129
25 16
118 17
1 90
32 112
110 63
86 85
55 71
80 122
75 82
95 119
43 29
115 125
34 110
30 104
83 110
87 101
113 85
54 114
53 15
59 62
38 3
125 38
24 122
98 55
82 14
94 20
48 16
55 128
96 9
122 103
83 98
5 19
53 111
11 70
67 44
32 70
109 105
75 8
110 1
102 106
63 127
80 64
39 36
48 54
58 100
38 75
1 58
105 119
100 124
34 75
82 8
110 12
110 17
50 29
39 66
63 52
69 96
24 69
102 33
47 17
47 44
62 45
121 59
23 95
117 20
61 95
122 80
44 7
129 26
87 38
17 96
34 34
14 103
83 10
62 0
123 68
23 12
64 125
10 6
9 129
54 35
37 59
5 36
107 38
127 67
101 53
10 102
101 62
82 92
96 101
49 103
100 94
51 85
68 63
65 129
31 28
71 41
93 126
89 100
123 82
61 58
78 73
85 53
47 91
28 15
75 22
46 57
55 82
97 80
102 53
72 22
128 106
113 89
74 87
35 35
74 9
63 120
67 62
118 71
8 121
